1600 3200
1 2 1
1 41 1
2 3 5
2 42 3
3 4 3
3 43 1
4 5 4
4 44 1
5 6 4
5 45 5
6 7 2
6 46 4
7 8 5
7 47 1
8 9 3
8 48 2
9 10 4
9 49 1
10 11 2
10 50 1
11 12 2
11 51 5
12 13 3
12 52 4
13 14 5
13 53 4
14 15 1
14 54 2
15 16 1
15 55 4
16 17 2
16 56 5
17 18 2
17 57 4
18 19 2
18 58 4
19 20 2
19 59 2
20 21 4
20 60 4
21 22 1
21 61 5
22 23 1
22 62 5
23 24 2
23 63 3
24 25 1
24 64 4
25 26 2
25 65 2
26 27 2
26 66 4
27 28 2
27 67 4
28 29 1
28 68 1
29 30 4
29 69 1
30 31 4
30 70 4
31 32 4
31 71 2
32 33 1
32 72 3
33 34 2
33 73 2
34 35 5
34 74 5
35 36 3
35 75 2
36 37 4
36 76 2
37 38 4
37 77 3
38 39 2
38 78 1
39 40 5
39 79 1
40 80 5
41 42 1
41 81 2
42 43 1
42 82 1
43 44 4
43 83 1
44 45 3
44 84 4
45 46 4
45 85 1
46 47 1
46 86 1
47 48 2
47 87 5
48 49 5
48 88 3
49 50 2
49 89 3
50 51 2
50 90 4
51 52 5
51 91 4
52 53 4
52 92 3
53 54 4
53 93 2
54 55 3
54 94 5
55 56 3
55 95 3
56 57 1
56 96 1
57 58 2
57 97 2
58 59 2
58 98 3
59 60 2
59 99 1
60 61 4
60 100 5
61 62 1
61 101 2
62 63 2
62 102 2
63 64 5
63 103 3
64 65 4
64 104 2
65 66 3
65 105 4
66 67 5
66 106 1
67 68 1
67 107 2
68 69 4
68 108 5
69 70 5
69 109 2
70 71 4
70 110 2
71 72 3
71 111 5
72 73 3
72 112 2
73 74 2
73 113 5
74 75 2
74 114 3
75 76 5
75 115 1
76 77 5
76 116 1
77 78 5
77 117 2
78 79 4
78 118 3
79 80 3
79 119 3
80 120 2
81 82 5
81 121 1
82 83 3
82 122 1
83 84 5
83 123 4
84 85 4
84 124 4
85 86 3
85 125 4
86 87 1
86 126 2
87 88 3
87 127 2
88 89 4
88 128 1
89 90 5
89 129 3
90 91 5
90 130 1
91 92 1
91 131 1
92 93 2
92 132 4
93 94 3
93 133 1
94 95 1
94 134 3
95 96 1
95 135 2
96 97 3
96 136 4
97 98 5
97 137 4
98 99 1
98 138 2
99 100 4
99 139 3
100 101 1
100 140 3
101 102 1
101 141 4
102 103 3
102 142 4
103 104 4
103 143 5
104 105 1
104 144 3
105 106 5
105 145 4
106 107 2
106 146 1
107 108 3
107 147 4
108 109 2
108 148 4
109 110 2
109 149 4
110 111 5
110 150 5
111 112 4
111 151 2
112 113 2
112 152 2
113 114 5
113 153 2
114 115 3
114 154 3
115 116 4
115 155 4
116 117 1
116 156 3
117 118 3
117 157 2
118 119 1
118 158 5
119 120 1
119 159 4
120 160 2
121 122 2
121 161 2
122 123 4
122 162 4
123 124 5
123 163 2
124 125 5
124 164 1
125 126 3
125 165 1
126 127 5
126 166 5
127 128 3
127 167 3
128 129 2
128 168 5
129 130 1
129 169 2
130 131 5
130 170 5
131 132 4
131 171 4
132 133 4
132 172 1
133 134 5
133 173 1
134 135 2
134 174 1
135 136 2
135 175 4
136 137 5
136 176 4
137 138 3
137 177 5
138 139 5
138 178 5
139 140 4
139 179 5
140 141 4
140 180 3
141 142 3
141 181 1
142 143 4
142 182 3
143 144 4
143 183 2
144 145 2
144 184 2
145 146 1
145 185 5
146 147 5
146 186 5
147 148 1
147 187 4
148 149 5
148 188 4
149 150 3
149 189 3
150 151 3
150 190 3
151 152 5
151 191 3
152 153 1
152 192 2
153 154 3
153 193 2
154 155 1
154 194 2
155 156 5
155 195 5
156 157 4
156 196 1
157 158 5
157 197 4
158 159 4
158 198 1
159 160 3
159 199 4
160 200 1
161 162 4
161 201 5
162 163 5
162 202 1
163 164 3
163 203 5
164 165 4
164 204 5
165 166 3
165 205 5
166 167 1
166 206 2
167 168 2
167 207 5
168 169 1
168 208 3
169 170 5
169 209 4
170 171 5
170 210 2
171 172 2
171 211 4
172 173 4
172 212 2
173 174 5
173 213 2
174 175 2
174 214 1
175 176 1
175 215 4
176 177 2
176 216 2
177 178 5
177 217 2
178 179 1
178 218 5
179 180 2
179 219 3
180 181 1
180 220 3
181 182 5
181 221 2
182 183 4
182 222 2
183 184 5
183 223 3
184 185 1
184 224 3
185 186 2
185 225 4
186 187 2
186 226 2
187 188 5
187 227 1
188 189 4
188 228 5
189 190 5
189 229 2
190 191 5
190 230 4
191 192 1
191 231 1
192 193 3
192 232 5
193 194 3
193 233 5
194 195 4
194 234 1
195 196 2
195 235 1
196 197 1
196 236 4
197 198 1
197 237 5
198 199 3
198 238 5
199 200 5
199 239 3
200 240 4
201 202 3
201 241 4
202 203 3
202 242 3
203 204 3
203 243 5
204 205 1
204 244 3
205 206 3
205 245 4
206 207 1
206 246 2
207 208 2
207 247 3
208 209 5
208 248 5
209 210 3
209 249 3
210 211 4
210 250 2
211 212 5
211 251 5
212 213 1
212 252 4
213 214 4
213 253 4
214 215 5
214 254 1
215 216 1
215 255 1
216 217 4
216 256 2
217 218 2
217 257 1
218 219 3
218 258 5
219 220 3
219 259 5
220 221 4
220 260 5
221 222 5
221 261 2
222 223 1
222 262 3
223 224 2
223 263 4
224 225 2
224 264 4
225 226 1
225 265 1
226 227 5
226 266 1
227 228 1
227 267 5
228 229 2
228 268 1
229 230 3
229 269 3
230 231 5
230 270 4
231 232 5
231 271 4
232 233 4
232 272 3
233 234 5
233 273 4
234 235 2
234 274 4
235 236 1
235 275 2
236 237 4
236 276 4
237 238 1
237 277 3
238 239 4
238 278 1
239 240 2
239 279 4
240 280 4
241 242 5
241 281 4
242 243 2
242 282 2
243 244 3
243 283 4
244 245 5
244 284 5
245 246 2
245 285 4
246 247 5
246 286 2
247 248 3
247 287 4
248 249 5
248 288 1
249 250 1
249 289 4
250 251 1
250 290 4
251 252 1
251 291 1
252 253 3
252 292 2
253 254 5
253 293 4
254 255 3
254 294 4
255 256 2
255 295 2
256 257 4
256 296 2
257 258 2
257 297 1
258 259 3
258 298 5
259 260 4
259 299 4
260 261 3
260 300 3
261 262 4
261 301 5
262 263 2
262 302 4
263 264 4
263 303 5
264 265 4
264 304 3
265 266 2
265 305 3
266 267 2
266 306 5
267 268 3
267 307 2
268 269 4
268 308 3
269 270 1
269 309 3
270 271 3
270 310 5
271 272 4
271 311 2
272 273 3
272 312 5
273 274 5
273 313 1
274 275 3
274 314 4
275 276 4
275 315 3
276 277 4
276 316 1
277 278 4
277 317 3
278 279 2
278 318 2
279 280 2
279 319 1
280 320 5
281 282 2
281 321 1
282 283 4
282 322 4
283 284 4
283 323 5
284 285 3
284 324 5
285 286 5
285 325 1
286 287 4
286 326 4
287 288 5
287 327 2
288 289 1
288 328 3
289 290 5
289 329 4
290 291 2
290 330 1
291 292 1
291 331 2
292 293 1
292 332 1
293 294 4
293 333 5
294 295 3
294 334 4
295 296 4
295 335 2
296 297 1
296 336 5
297 298 2
297 337 3
298 299 5
298 338 3
299 300 3
299 339 3
300 301 4
300 340 1
301 302 2
301 341 3
302 303 5
302 342 4
303 304 4
303 343 1
304 305 4
304 344 1
305 306 3
305 345 5
306 307 3
306 346 1
307 308 3
307 347 4
308 309 3
308 348 2
309 310 2
309 349 2
310 311 3
310 350 2
311 312 4
311 351 3
312 313 3
312 352 3
313 314 2
313 353 2
314 315 5
314 354 2
315 316 1
315 355 5
316 317 4
316 356 3
317 318 4
317 357 3
318 319 2
318 358 4
319 320 3
319 359 4
320 360 5
321 322 5
321 361 1
322 323 4
322 362 1
323 324 4
323 363 2
324 325 2
324 364 1
325 326 3
325 365 4
326 327 1
326 366 4
327 328 2
327 367 2
328 329 1
328 368 5
329 330 3
329 369 2
330 331 1
330 370 1
331 332 1
331 371 5
332 333 3
332 372 3
333 334 2
333 373 1
334 335 2
334 374 2
335 336 1
335 375 3
336 337 4
336 376 3
337 338 1
337 377 4
338 339 1
338 378 2
339 340 5
339 379 5
340 341 5
340 380 1
341 342 2
341 381 3
342 343 5
342 382 1
343 344 1
343 383 3
344 345 2
344 384 2
345 346 1
345 385 1
346 347 4
346 386 3
347 348 5
347 387 1
348 349 4
348 388 3
349 350 4
349 389 5
350 351 3
350 390 1
351 352 2
351 391 3
352 353 5
352 392 4
353 354 5
353 393 1
354 355 1
354 394 1
355 356 2
355 395 2
356 357 2
356 396 3
357 358 2
357 397 4
358 359 4
358 398 5
359 360 1
359 399 2
360 400 5
361 362 2
361 401 4
362 363 5
362 402 3
363 364 5
363 403 3
364 365 3
364 404 5
365 366 2
365 405 2
366 367 2
366 406 3
367 368 5
367 407 2
368 369 4
368 408 3
369 370 5
369 409 3
370 371 2
370 410 5
371 372 5
371 411 1
372 373 1
372 412 4
373 374 5
373 413 3
374 375 3
374 414 4
375 376 2
375 415 3
376 377 2
376 416 2
377 378 5
377 417 1
378 379 2
378 418 1
379 380 4
379 419 4
380 381 4
380 420 2
381 382 1
381 421 5
382 383 5
382 422 4
383 384 1
383 423 4
384 385 2
384 424 3
385 386 1
385 425 1
386 387 4
386 426 1
387 388 1
387 427 3
388 389 1
388 428 2
389 390 3
389 429 4
390 391 5
390 430 2
391 392 4
391 431 5
392 393 5
392 432 1
393 394 1
393 433 1
394 395 5
394 434 2
395 396 5
395 435 4
396 397 1
396 436 4
397 398 2
397 437 5
398 399 4
398 438 4
399 400 1
399 439 2
400 440 4
401 402 3
401 441 3
402 403 3
402 442 3
403 404 3
403 443 4
404 405 3
404 444 3
405 406 2
405 445 5
406 407 3
406 446 2
407 408 1
407 447 2
408 409 5
408 448 2
409 410 1
409 449 5
410 411 3
410 450 2
411 412 2
411 451 2
412 413 4
412 452 5
413 414 5
413 453 2
414 415 3
414 454 4
415 416 4
415 455 4
416 417 5
416 456 5
417 418 5
417 457 4
418 419 2
418 458 3
419 420 4
419 459 5
420 421 5
420 460 4
421 422 4
421 461 4
422 423 1
422 462 3
423 424 1
423 463 3
424 425 5
424 464 2
425 426 3
425 465 5
426 427 5
426 466 1
427 428 4
427 467 1
428 429 2
428 468 1
429 430 4
429 469 4
430 431 5
430 470 3
431 432 5
431 471 1
432 433 1
432 472 3
433 434 3
433 473 1
434 435 3
434 474 5
435 436 2
435 475 4
436 437 5
436 476 4
437 438 2
437 477 1
438 439 3
438 478 4
439 440 3
439 479 2
440 480 5
441 442 5
441 481 2
442 443 4
442 482 4
443 444 3
443 483 3
444 445 2
444 484 2
445 446 3
445 485 2
446 447 4
446 486 3
447 448 2
447 487 4
448 449 4
448 488 5
449 450 5
449 489 4
450 451 5
450 490 1
451 452 1
451 491 4
452 453 1
452 492 2
453 454 4
453 493 4
454 455 4
454 494 5
455 456 4
455 495 3
456 457 4
456 496 2
457 458 1
457 497 2
458 459 1
458 498 2
459 460 1
459 499 5
460 461 3
460 500 4
461 462 4
461 501 3
462 463 2
462 502 3
463 464 3
463 503 5
464 465 4
464 504 5
465 466 3
465 505 1
466 467 1
466 506 1
467 468 2
467 507 5
468 469 3
468 508 4
469 470 5
469 509 1
470 471 5
470 510 1
471 472 3
471 511 4
472 473 1
472 512 2
473 474 2
473 513 3
474 475 2
474 514 3
475 476 2
475 515 3
476 477 4
476 516 3
477 478 1
477 517 3
478 479 1
478 518 1
479 480 4
479 519 3
480 520 3
481 482 1
481 521 2
482 483 2
482 522 3
483 484 2
483 523 1
484 485 5
484 524 4
485 486 2
485 525 4
486 487 3
486 526 2
487 488 1
487 527 1
488 489 5
488 528 2
489 490 4
489 529 5
490 491 1
490 530 4
491 492 2
491 531 3
492 493 3
492 532 1
493 494 1
493 533 4
494 495 4
494 534 5
495 496 5
495 535 3
496 497 3
496 536 3
497 498 2
497 537 2
498 499 3
498 538 5
499 500 5
499 539 3
500 501 3
500 540 4
501 502 3
501 541 2
502 503 2
502 542 4
503 504 4
503 543 5
504 505 3
504 544 4
505 506 1
505 545 3
506 507 4
506 546 3
507 508 4
507 547 4
508 509 4
508 548 5
509 510 1
509 549 4
510 511 5
510 550 3
511 512 1
511 551 2
512 513 4
512 552 4
513 514 2
513 553 5
514 515 3
514 554 5
515 516 4
515 555 2
516 517 2
516 556 2
517 518 5
517 557 5
518 519 2
518 558 2
519 520 3
519 559 2
520 560 2
521 522 2
521 561 1
522 523 1
522 562 5
523 524 3
523 563 1
524 525 4
524 564 5
525 526 2
525 565 4
526 527 3
526 566 4
527 528 3
527 567 3
528 529 3
528 568 3
529 530 5
529 569 1
530 531 5
530 570 5
531 532 5
531 571 3
532 533 1
532 572 3
533 534 1
533 573 5
534 535 4
534 574 5
535 536 2
535 575 2
536 537 5
536 576 1
537 538 4
537 577 4
538 539 3
538 578 1
539 540 2
539 579 1
540 541 2
540 580 1
541 542 4
541 581 5
542 543 5
542 582 2
543 544 5
543 583 2
544 545 5
544 584 3
545 546 3
545 585 4
546 547 3
546 586 5
547 548 5
547 587 2
548 549 1
548 588 5
549 550 5
549 589 2
550 551 4
550 590 5
551 552 1
551 591 2
552 553 1
552 592 5
553 554 2
553 593 4
554 555 3
554 594 5
555 556 5
555 595 2
556 557 2
556 596 1
557 558 2
557 597 3
558 559 5
558 598 1
559 560 1
559 599 3
560 600 3
561 562 5
561 601 3
562 563 1
562 602 3
563 564 1
563 603 5
564 565 2
564 604 5
565 566 4
565 605 4
566 567 1
566 606 5
567 568 5
567 607 3
568 569 4
568 608 1
569 570 4
569 609 1
570 571 2
570 610 1
571 572 5
571 611 3
572 573 2
572 612 2
573 574 4
573 613 1
574 575 1
574 614 4
575 576 3
575 615 2
576 577 2
576 616 5
577 578 4
577 617 4
578 579 5
578 618 5
579 580 4
579 619 4
580 581 1
580 620 1
581 582 2
581 621 3
582 583 5
582 622 2
583 584 4
583 623 3
584 585 3
584 624 2
585 586 1
585 625 2
586 587 2
586 626 5
587 588 3
587 627 4
588 589 4
588 628 2
589 590 3
589 629 1
590 591 4
590 630 4
591 592 5
591 631 5
592 593 5
592 632 3
593 594 1
593 633 4
594 595 5
594 634 1
595 596 2
595 635 4
596 597 1
596 636 4
597 598 2
597 637 3
598 599 3
598 638 4
599 600 1
599 639 1
600 640 3
601 602 4
601 641 3
602 603 3
602 642 1
603 604 4
603 643 3
604 605 2
604 644 3
605 606 2
605 645 2
606 607 4
606 646 3
607 608 2
607 647 1
608 609 4
608 648 4
609 610 3
609 649 3
610 611 2
610 650 1
611 612 5
611 651 3
612 613 3
612 652 5
613 614 4
613 653 2
614 615 4
614 654 4
615 616 1
615 655 1
616 617 3
616 656 5
617 618 4
617 657 3
618 619 4
618 658 5
619 620 2
619 659 2
620 621 5
620 660 1
621 622 3
621 661 2
622 623 2
622 662 5
623 624 3
623 663 2
624 625 2
624 664 5
625 626 5
625 665 3
626 627 2
626 666 4
627 628 5
627 667 3
628 629 3
628 668 3
629 630 5
629 669 2
630 631 4
630 670 2
631 632 2
631 671 1
632 633 3
632 672 1
633 634 3
633 673 1
634 635 1
634 674 5
635 636 2
635 675 1
636 637 1
636 676 3
637 638 4
637 677 2
638 639 4
638 678 1
639 640 4
639 679 3
640 680 5
641 642 5
641 681 5
642 643 4
642 682 5
643 644 5
643 683 5
644 645 3
644 684 4
645 646 4
645 685 3
646 647 3
646 686 4
647 648 2
647 687 4
648 649 4
648 688 4
649 650 3
649 689 1
650 651 1
650 690 1
651 652 2
651 691 2
652 653 2
652 692 5
653 654 1
653 693 3
654 655 5
654 694 5
655 656 5
655 695 4
656 657 1
656 696 3
657 658 3
657 697 4
658 659 4
658 698 3
659 660 3
659 699 5
660 661 5
660 700 1
661 662 1
661 701 3
662 663 3
662 702 2
663 664 2
663 703 3
664 665 2
664 704 3
665 666 5
665 705 3
666 667 1
666 706 5
667 668 2
667 707 2
668 669 1
668 708 5
669 670 5
669 709 4
670 671 4
670 710 4
671 672 4
671 711 2
672 673 4
672 712 4
673 674 3
673 713 2
674 675 3
674 714 2
675 676 2
675 715 1
676 677 4
676 716 5
677 678 2
677 717 5
678 679 3
678 718 3
679 680 5
679 719 5
680 720 4
681 682 4
681 721 3
682 683 1
682 722 1
683 684 2
683 723 3
684 685 3
684 724 1
685 686 3
685 725 5
686 687 1
686 726 5
687 688 1
687 727 2
688 689 3
688 728 2
689 690 1
689 729 4
690 691 2
690 730 3
691 692 2
691 731 2
692 693 5
692 732 5
693 694 4
693 733 1
694 695 2
694 734 2
695 696 3
695 735 5
696 697 4
696 736 1
697 698 1
697 737 2
698 699 1
698 738 2
699 700 4
699 739 5
700 701 1
700 740 1
701 702 2
701 741 4
702 703 4
702 742 4
703 704 3
703 743 4
704 705 2
704 744 5
705 706 2
705 745 4
706 707 2
706 746 2
707 708 4
707 747 2
708 709 2
708 748 1
709 710 2
709 749 5
710 711 5
710 750 3
711 712 5
711 751 5
712 713 2
712 752 3
713 714 4
713 753 4
714 715 3
714 754 4
715 716 5
715 755 4
716 717 2
716 756 3
717 718 2
717 757 1
718 719 1
718 758 2
719 720 5
719 759 1
720 760 5
721 722 4
721 761 5
722 723 5
722 762 2
723 724 5
723 763 1
724 725 1
724 764 5
725 726 4
725 765 5
726 727 1
726 766 2
727 728 4
727 767 4
728 729 2
728 768 5
729 730 5
729 769 3
730 731 2
730 770 2
731 732 1
731 771 5
732 733 5
732 772 3
733 734 3
733 773 2
734 735 4
734 774 2
735 736 4
735 775 1
736 737 4
736 776 5
737 738 5
737 777 3
738 739 3
738 778 2
739 740 1
739 779 5
740 741 1
740 780 2
741 742 4
741 781 4
742 743 1
742 782 4
743 744 5
743 783 5
744 745 1
744 784 3
745 746 1
745 785 3
746 747 3
746 786 2
747 748 1
747 787 1
748 749 2
748 788 2
749 750 2
749 789 1
750 751 1
750 790 1
751 752 5
751 791 5
752 753 3
752 792 3
753 754 4
753 793 3
754 755 4
754 794 5
755 756 5
755 795 1
756 757 3
756 796 2
757 758 4
757 797 3
758 759 5
758 798 4
759 760 1
759 799 4
760 800 3
761 762 3
761 801 4
762 763 5
762 802 3
763 764 5
763 803 4
764 765 1
764 804 5
765 766 2
765 805 3
766 767 4
766 806 3
767 768 5
767 807 5
768 769 3
768 808 2
769 770 1
769 809 2
770 771 3
770 810 3
771 772 2
771 811 4
772 773 3
772 812 1
773 774 2
773 813 3
774 775 5
774 814 1
775 776 2
775 815 1
776 777 3
776 816 1
777 778 2
777 817 2
778 779 3
778 818 4
779 780 5
779 819 3
780 781 4
780 820 3
781 782 1
781 821 1
782 783 5
782 822 2
783 784 4
783 823 3
784 785 2
784 824 1
785 786 2
785 825 5
786 787 3
786 826 2
787 788 1
787 827 2
788 789 1
788 828 2
789 790 1
789 829 3
790 791 5
790 830 3
791 792 4
791 831 1
792 793 4
792 832 5
793 794 5
793 833 5
794 795 2
794 834 3
795 796 2
795 835 1
796 797 2
796 836 5
797 798 4
797 837 2
798 799 5
798 838 2
799 800 2
799 839 1
800 840 4
801 802 5
801 841 5
802 803 5
802 842 3
803 804 1
803 843 3
804 805 1
804 844 5
805 806 3
805 845 3
806 807 5
806 846 2
807 808 5
807 847 4
808 809 3
808 848 5
809 810 4
809 849 4
810 811 2
810 850 2
811 812 5
811 851 3
812 813 3
812 852 4
813 814 1
813 853 1
814 815 2
814 854 4
815 816 5
815 855 5
816 817 2
816 856 4
817 818 5
817 857 3
818 819 4
818 858 5
819 820 5
819 859 4
820 821 1
820 860 1
821 822 3
821 861 3
822 823 3
822 862 4
823 824 3
823 863 5
824 825 1
824 864 4
825 826 4
825 865 1
826 827 1
826 866 4
827 828 2
827 867 2
828 829 4
828 868 5
829 830 4
829 869 2
830 831 4
830 870 5
831 832 2
831 871 5
832 833 3
832 872 5
833 834 3
833 873 3
834 835 2
834 874 1
835 836 4
835 875 4
836 837 1
836 876 2
837 838 5
837 877 5
838 839 1
838 878 1
839 840 1
839 879 2
840 880 3
841 842 3
841 881 2
842 843 1
842 882 5
843 844 2
843 883 2
844 845 3
844 884 5
845 846 1
845 885 4
846 847 4
846 886 1
847 848 5
847 887 5
848 849 4
848 888 5
849 850 1
849 889 3
850 851 2
850 890 1
851 852 3
851 891 1
852 853 3
852 892 3
853 854 4
853 893 2
854 855 4
854 894 5
855 856 1
855 895 2
856 857 4
856 896 2
857 858 2
857 897 4
858 859 4
858 898 2
859 860 1
859 899 5
860 861 2
860 900 2
861 862 1
861 901 1
862 863 1
862 902 2
863 864 5
863 903 3
864 865 4
864 904 3
865 866 5
865 905 1
866 867 5
866 906 5
867 868 5
867 907 1
868 869 5
868 908 1
869 870 5
869 909 1
870 871 2
870 910 2
871 872 1
871 911 3
872 873 2
872 912 5
873 874 2
873 913 1
874 875 3
874 914 4
875 876 3
875 915 5
876 877 4
876 916 1
877 878 2
877 917 2
878 879 1
878 918 4
879 880 2
879 919 2
880 920 4
881 882 3
881 921 4
882 883 1
882 922 3
883 884 3
883 923 4
884 885 4
884 924 2
885 886 5
885 925 5
886 887 2
886 926 3
887 888 4
887 927 2
888 889 3
888 928 3
889 890 1
889 929 2
890 891 4
890 930 2
891 892 5
891 931 1
892 893 4
892 932 1
893 894 4
893 933 4
894 895 1
894 934 5
895 896 3
895 935 2
896 897 5
896 936 3
897 898 3
897 937 3
898 899 5
898 938 2
899 900 1
899 939 2
900 901 4
900 940 5
901 902 4
901 941 1
902 903 4
902 942 1
903 904 5
903 943 3
904 905 3
904 944 3
905 906 4
905 945 1
906 907 1
906 946 4
907 908 1
907 947 4
908 909 1
908 948 1
909 910 1
909 949 5
910 911 1
910 950 3
911 912 5
911 951 3
912 913 5
912 952 4
913 914 1
913 953 3
914 915 5
914 954 5
915 916 1
915 955 1
916 917 3
916 956 1
917 918 3
917 957 4
918 919 1
918 958 3
919 920 2
919 959 1
920 960 2
921 922 5
921 961 5
922 923 2
922 962 3
923 924 1
923 963 4
924 925 5
924 964 3
925 926 2
925 965 1
926 927 3
926 966 1
927 928 3
927 967 3
928 929 5
928 968 5
929 930 3
929 969 2
930 931 2
930 970 3
931 932 3
931 971 2
932 933 1
932 972 2
933 934 5
933 973 5
934 935 4
934 974 1
935 936 4
935 975 4
936 937 3
936 976 3
937 938 2
937 977 3
938 939 3
938 978 4
939 940 5
939 979 1
940 941 2
940 980 1
941 942 5
941 981 3
942 943 3
942 982 1
943 944 3
943 983 2
944 945 1
944 984 4
945 946 1
945 985 1
946 947 5
946 986 4
947 948 2
947 987 4
948 949 4
948 988 3
949 950 1
949 989 5
950 951 1
950 990 3
951 952 4
951 991 4
952 953 1
952 992 2
953 954 3
953 993 2
954 955 3
954 994 2
955 956 3
955 995 4
956 957 1
956 996 2
957 958 3
957 997 2
958 959 4
958 998 2
959 960 2
959 999 4
960 1000 1
961 962 5
961 1001 4
962 963 3
962 1002 4
963 964 3
963 1003 3
964 965 2
964 1004 5
965 966 3
965 1005 4
966 967 3
966 1006 1
967 968 5
967 1007 1
968 969 1
968 1008 3
969 970 5
969 1009 1
970 971 3
970 1010 5
971 972 3
971 1011 1
972 973 4
972 1012 5
973 974 4
973 1013 4
974 975 2
974 1014 4
975 976 2
975 1015 2
976 977 5
976 1016 3
977 978 5
977 1017 1
978 979 3
978 1018 2
979 980 5
979 1019 5
980 981 1
980 1020 4
981 982 4
981 1021 5
982 983 5
982 1022 3
983 984 4
983 1023 5
984 985 1
984 1024 2
985 986 5
985 1025 4
986 987 2
986 1026 1
987 988 4
987 1027 4
988 989 1
988 1028 2
989 990 4
989 1029 4
990 991 2
990 1030 5
991 992 3
991 1031 1
992 993 2
992 1032 2
993 994 3
993 1033 1
994 995 2
994 1034 1
995 996 2
995 1035 5
996 997 5
996 1036 2
997 998 1
997 1037 4
998 999 5
998 1038 4
999 1000 3
999 1039 5
1000 1040 5
1001 1002 2
1001 1041 2
1002 1003 2
1002 1042 3
1003 1004 4
1003 1043 2
1004 1005 3
1004 1044 5
1005 1006 1
1005 1045 2
1006 1007 5
1006 1046 2
1007 1008 2
1007 1047 5
1008 1009 5
1008 1048 1
1009 1010 4
1009 1049 4
1010 1011 3
1010 1050 3
1011 1012 1
1011 1051 1
1012 1013 5
1012 1052 2
1013 1014 5
1013 1053 2
1014 1015 2
1014 1054 5
1015 1016 4
1015 1055 1
1016 1017 3
1016 1056 1
1017 1018 5
1017 1057 3
1018 1019 3
1018 1058 4
1019 1020 1
1019 1059 2
1020 1021 3
1020 1060 1
1021 1022 4
1021 1061 5
1022 1023 1
1022 1062 3
1023 1024 4
1023 1063 1
1024 1025 5
1024 1064 3
1025 1026 2
1025 1065 5
1026 1027 4
1026 1066 1
1027 1028 1
1027 1067 2
1028 1029 1
1028 1068 2
1029 1030 2
1029 1069 4
1030 1031 2
1030 1070 4
1031 1032 5
1031 1071 1
1032 1033 5
1032 1072 3
1033 1034 5
1033 1073 5
1034 1035 5
1034 1074 2
1035 1036 1
1035 1075 2
1036 1037 1
1036 1076 2
1037 1038 1
1037 1077 5
1038 1039 5
1038 1078 5
1039 1040 1
1039 1079 2
1040 1080 3
1041 1042 3
1041 1081 3
1042 1043 5
1042 1082 2
1043 1044 2
1043 1083 1
1044 1045 2
1044 1084 3
1045 1046 3
1045 1085 3
1046 1047 2
1046 1086 1
1047 1048 4
1047 1087 2
1048 1049 5
1048 1088 2
1049 1050 3
1049 1089 5
1050 1051 5
1050 1090 5
1051 1052 4
1051 1091 5
1052 1053 3
1052 1092 5
1053 1054 3
1053 1093 3
1054 1055 5
1054 1094 1
1055 1056 1
1055 1095 1
1056 1057 3
1056 1096 3
1057 1058 5
1057 1097 4
1058 1059 5
1058 1098 2
1059 1060 1
1059 1099 1
1060 1061 3
1060 1100 3
1061 1062 5
1061 1101 2
1062 1063 2
1062 1102 4
1063 1064 2
1063 1103 2
1064 1065 4
1064 1104 1
1065 1066 2
1065 1105 3
1066 1067 5
1066 1106 3
1067 1068 4
1067 1107 5
1068 1069 4
1068 1108 5
1069 1070 2
1069 1109 5
1070 1071 4
1070 1110 4
1071 1072 4
1071 1111 5
1072 1073 2
1072 1112 5
1073 1074 3
1073 1113 3
1074 1075 4
1074 1114 1
1075 1076 5
1075 1115 1
1076 1077 4
1076 1116 5
1077 1078 2
1077 1117 1
1078 1079 3
1078 1118 4
1079 1080 3
1079 1119 4
1080 1120 5
1081 1082 4
1081 1121 1
1082 1083 1
1082 1122 4
1083 1084 5
1083 1123 4
1084 1085 1
1084 1124 4
1085 1086 3
1085 1125 4
1086 1087 1
1086 1126 2
1087 1088 1
1087 1127 5
1088 1089 5
1088 1128 5
1089 1090 4
1089 1129 1
1090 1091 2
1090 1130 2
1091 1092 2
1091 1131 1
1092 1093 5
1092 1132 1
1093 1094 3
1093 1133 2
1094 1095 2
1094 1134 4
1095 1096 1
1095 1135 5
1096 1097 1
1096 1136 3
1097 1098 4
1097 1137 4
1098 1099 3
1098 1138 4
1099 1100 2
1099 1139 4
1100 1101 4
1100 1140 4
1101 1102 3
1101 1141 1
1102 1103 5
1102 1142 2
1103 1104 5
1103 1143 4
1104 1105 3
1104 1144 2
1105 1106 2
1105 1145 4
1106 1107 3
1106 1146 4
1107 1108 3
1107 1147 1
1108 1109 5
1108 1148 1
1109 1110 1
1109 1149 4
1110 1111 1
1110 1150 2
1111 1112 5
1111 1151 2
1112 1113 2
1112 1152 5
1113 1114 1
1113 1153 2
1114 1115 2
1114 1154 1
1115 1116 2
1115 1155 2
1116 1117 3
1116 1156 3
1117 1118 4
1117 1157 2
1118 1119 3
1118 1158 1
1119 1120 2
1119 1159 5
1120 1160 3
1121 1122 1
1121 1161 1
1122 1123 1
1122 1162 3
1123 1124 3
1123 1163 1
1124 1125 1
1124 1164 1
1125 1126 4
1125 1165 1
1126 1127 1
1126 1166 4
1127 1128 2
1127 1167 1
1128 1129 3
1128 1168 1
1129 1130 2
1129 1169 4
1130 1131 5
1130 1170 4
1131 1132 4
1131 1171 5
1132 1133 3
1132 1172 1
1133 1134 5
1133 1173 2
1134 1135 3
1134 1174 1
1135 1136 1
1135 1175 5
1136 1137 3
1136 1176 5
1137 1138 5
1137 1177 1
1138 1139 4
1138 1178 5
1139 1140 1
1139 1179 4
1140 1141 2
1140 1180 1
1141 1142 2
1141 1181 4
1142 1143 1
1142 1182 1
1143 1144 1
1143 1183 1
1144 1145 5
1144 1184 4
1145 1146 5
1145 1185 3
1146 1147 3
1146 1186 5
1147 1148 1
1147 1187 4
1148 1149 3
1148 1188 5
1149 1150 4
1149 1189 2
1150 1151 5
1150 1190 1
1151 1152 5
1151 1191 3
1152 1153 3
1152 1192 2
1153 1154 1
1153 1193 5
1154 1155 2
1154 1194 5
1155 1156 5
1155 1195 5
1156 1157 4
1156 1196 1
1157 1158 4
1157 1197 4
1158 1159 2
1158 1198 5
1159 1160 3
1159 1199 1
1160 1200 3
1161 1162 5
1161 1201 4
1162 1163 5
1162 1202 1
1163 1164 4
1163 1203 5
1164 1165 1
1164 1204 4
1165 1166 5
1165 1205 5
1166 1167 1
1166 1206 5
1167 1168 1
1167 1207 5
1168 1169 2
1168 1208 5
1169 1170 4
1169 1209 3
1170 1171 1
1170 1210 2
1171 1172 2
1171 1211 1
1172 1173 4
1172 1212 2
1173 1174 5
1173 1213 3
1174 1175 3
1174 1214 2
1175 1176 5
1175 1215 2
1176 1177 3
1176 1216 2
1177 1178 1
1177 1217 1
1178 1179 2
1178 1218 1
1179 1180 3
1179 1219 4
1180 1181 2
1180 1220 3
1181 1182 4
1181 1221 5
1182 1183 2
1182 1222 3
1183 1184 2
1183 1223 1
1184 1185 3
1184 1224 1
1185 1186 2
1185 1225 1
1186 1187 5
1186 1226 1
1187 1188 2
1187 1227 2
1188 1189 2
1188 1228 5
1189 1190 5
1189 1229 1
1190 1191 4
1190 1230 5
1191 1192 4
1191 1231 1
1192 1193 5
1192 1232 1
1193 1194 4
1193 1233 5
1194 1195 4
1194 1234 5
1195 1196 5
1195 1235 4
1196 1197 1
1196 1236 3
1197 1198 5
1197 1237 3
1198 1199 4
1198 1238 5
1199 1200 2
1199 1239 1
1200 1240 3
1201 1202 1
1201 1241 2
1202 1203 4
1202 1242 5
1203 1204 2
1203 1243 5
1204 1205 3
1204 1244 2
1205 1206 3
1205 1245 1
1206 1207 2
1206 1246 4
1207 1208 3
1207 1247 3
1208 1209 3
1208 1248 3
1209 1210 2
1209 1249 3
1210 1211 2
1210 1250 4
1211 1212 3
1211 1251 1
1212 1213 1
1212 1252 5
1213 1214 5
1213 1253 2
1214 1215 4
1214 1254 1
1215 1216 1
1215 1255 1
1216 1217 1
1216 1256 4
1217 1218 4
1217 1257 3
1218 1219 2
1218 1258 1
1219 1220 5
1219 1259 1
1220 1221 5
1220 1260 4
1221 1222 1
1221 1261 4
1222 1223 2
1222 1262 1
1223 1224 2
1223 1263 4
1224 1225 2
1224 1264 1
1225 1226 4
1225 1265 4
1226 1227 1
1226 1266 1
1227 1228 2
1227 1267 1
1228 1229 3
1228 1268 2
1229 1230 4
1229 1269 5
1230 1231 4
1230 1270 3
1231 1232 1
1231 1271 5
1232 1233 4
1232 1272 4
1233 1234 1
1233 1273 2
1234 1235 2
1234 1274 2
1235 1236 3
1235 1275 2
1236 1237 5
1236 1276 5
1237 1238 2
1237 1277 5
1238 1239 1
1238 1278 3
1239 1240 5
1239 1279 1
1240 1280 5
1241 1242 2
1241 1281 2
1242 1243 3
1242 1282 5
1243 1244 4
1243 1283 1
1244 1245 3
1244 1284 1
1245 1246 4
1245 1285 5
1246 1247 1
1246 1286 3
1247 1248 4
1247 1287 3
1248 1249 5
1248 1288 4
1249 1250 5
1249 1289 5
1250 1251 2
1250 1290 5
1251 1252 2
1251 1291 3
1252 1253 4
1252 1292 3
1253 1254 2
1253 1293 3
1254 1255 1
1254 1294 3
1255 1256 5
1255 1295 3
1256 1257 1
1256 1296 1
1257 1258 5
1257 1297 3
1258 1259 2
1258 1298 2
1259 1260 1
1259 1299 3
1260 1261 3
1260 1300 2
1261 1262 2
1261 1301 2
1262 1263 1
1262 1302 5
1263 1264 3
1263 1303 1
1264 1265 2
1264 1304 2
1265 1266 5
1265 1305 1
1266 1267 5
1266 1306 4
1267 1268 4
1267 1307 4
1268 1269 4
1268 1308 4
1269 1270 1
1269 1309 2
1270 1271 2
1270 1310 1
1271 1272 5
1271 1311 4
1272 1273 5
1272 1312 4
1273 1274 3
1273 1313 3
1274 1275 2
1274 1314 3
1275 1276 3
1275 1315 5
1276 1277 3
1276 1316 3
1277 1278 5
1277 1317 3
1278 1279 3
1278 1318 4
1279 1280 2
1279 1319 5
1280 1320 1
1281 1282 2
1281 1321 4
1282 1283 4
1282 1322 4
1283 1284 1
1283 1323 4
1284 1285 4
1284 1324 2
1285 1286 5
1285 1325 3
1286 1287 4
1286 1326 1
1287 1288 1
1287 1327 2
1288 1289 4
1288 1328 5
1289 1290 3
1289 1329 4
1290 1291 2
1290 1330 4
1291 1292 4
1291 1331 1
1292 1293 3
1292 1332 5
1293 1294 1
1293 1333 1
1294 1295 3
1294 1334 4
1295 1296 5
1295 1335 4
1296 1297 4
1296 1336 3
1297 1298 1
1297 1337 1
1298 1299 4
1298 1338 1
1299 1300 2
1299 1339 1
1300 1301 3
1300 1340 3
1301 1302 4
1301 1341 5
1302 1303 5
1302 1342 2
1303 1304 1
1303 1343 1
1304 1305 5
1304 1344 3
1305 1306 5
1305 1345 3
1306 1307 1
1306 1346 4
1307 1308 4
1307 1347 5
1308 1309 2
1308 1348 3
1309 1310 3
1309 1349 1
1310 1311 2
1310 1350 2
1311 1312 5
1311 1351 3
1312 1313 2
1312 1352 4
1313 1314 5
1313 1353 5
1314 1315 5
1314 1354 2
1315 1316 2
1315 1355 4
1316 1317 1
1316 1356 5
1317 1318 4
1317 1357 2
1318 1319 2
1318 1358 1
1319 1320 3
1319 1359 1
1320 1360 4
1321 1322 5
1321 1361 2
1322 1323 3
1322 1362 4
1323 1324 5
1323 1363 4
1324 1325 2
1324 1364 1
1325 1326 2
1325 1365 4
1326 1327 1
1326 1366 4
1327 1328 5
1327 1367 1
1328 1329 2
1328 1368 1
1329 1330 5
1329 1369 1
1330 1331 2
1330 1370 3
1331 1332 1
1331 1371 4
1332 1333 1
1332 1372 1
1333 1334 4
1333 1373 1
1334 1335 4
1334 1374 5
1335 1336 5
1335 1375 4
1336 1337 1
1336 1376 3
1337 1338 4
1337 1377 4
1338 1339 4
1338 1378 1
1339 1340 1
1339 1379 2
1340 1341 1
1340 1380 5
1341 1342 5
1341 1381 5
1342 1343 5
1342 1382 3
1343 1344 5
1343 1383 2
1344 1345 2
1344 1384 3
1345 1346 1
1345 1385 3
1346 1347 5
1346 1386 1
1347 1348 4
1347 1387 4
1348 1349 5
1348 1388 3
1349 1350 4
1349 1389 5
1350 1351 3
1350 1390 2
1351 1352 2
1351 1391 5
1352 1353 1
1352 1392 3
1353 1354 2
1353 1393 4
1354 1355 3
1354 1394 2
1355 1356 2
1355 1395 2
1356 1357 2
1356 1396 3
1357 1358 1
1357 1397 2
1358 1359 5
1358 1398 4
1359 1360 4
1359 1399 5
1360 1400 2
1361 1362 4
1361 1401 5
1362 1363 3
1362 1402 2
1363 1364 1
1363 1403 4
1364 1365 5
1364 1404 1
1365 1366 1
1365 1405 4
1366 1367 3
1366 1406 4
1367 1368 2
1367 1407 5
1368 1369 5
1368 1408 4
1369 1370 4
1369 1409 3
1370 1371 4
1370 1410 3
1371 1372 1
1371 1411 2
1372 1373 4
1372 1412 2
1373 1374 4
1373 1413 1
1374 1375 1
1374 1414 3
1375 1376 2
1375 1415 3
1376 1377 4
1376 1416 3
1377 1378 5
1377 1417 2
1378 1379 4
1378 1418 2
1379 1380 4
1379 1419 3
1380 1381 3
1380 1420 2
1381 1382 4
1381 1421 3
1382 1383 2
1382 1422 4
1383 1384 2
1383 1423 4
1384 1385 5
1384 1424 4
1385 1386 4
1385 1425 1
1386 1387 5
1386 1426 4
1387 1388 5
1387 1427 1
1388 1389 1
1388 1428 5
1389 1390 4
1389 1429 5
1390 1391 3
1390 1430 2
1391 1392 1
1391 1431 5
1392 1393 5
1392 1432 5
1393 1394 5
1393 1433 1
1394 1395 5
1394 1434 3
1395 1396 3
1395 1435 3
1396 1397 3
1396 1436 1
1397 1398 2
1397 1437 4
1398 1399 1
1398 1438 4
1399 1400 1
1399 1439 4
1400 1440 2
1401 1402 5
1401 1441 1
1402 1403 5
1402 1442 5
1403 1404 5
1403 1443 5
1404 1405 4
1404 1444 4
1405 1406 1
1405 1445 5
1406 1407 3
1406 1446 4
1407 1408 5
1407 1447 1
1408 1409 4
1408 1448 4
1409 1410 3
1409 1449 1
1410 1411 3
1410 1450 3
1411 1412 5
1411 1451 5
1412 1413 3
1412 1452 5
1413 1414 2
1413 1453 3
1414 1415 5
1414 1454 3
1415 1416 3
1415 1455 3
1416 1417 4
1416 1456 4
1417 1418 1
1417 1457 4
1418 1419 2
1418 1458 3
1419 1420 2
1419 1459 4
1420 1421 3
1420 1460 4
1421 1422 5
1421 1461 5
1422 1423 1
1422 1462 4
1423 1424 3
1423 1463 4
1424 1425 1
1424 1464 2
1425 1426 4
1425 1465 5
1426 1427 4
1426 1466 4
1427 1428 1
1427 1467 3
1428 1429 5
1428 1468 4
1429 1430 4
1429 1469 2
1430 1431 4
1430 1470 4
1431 1432 4
1431 1471 5
1432 1433 5
1432 1472 1
1433 1434 1
1433 1473 2
1434 1435 2
1434 1474 3
1435 1436 5
1435 1475 4
1436 1437 2
1436 1476 4
1437 1438 4
1437 1477 3
1438 1439 4
1438 1478 4
1439 1440 3
1439 1479 2
1440 1480 3
1441 1442 5
1441 1481 2
1442 1443 4
1442 1482 2
1443 1444 1
1443 1483 2
1444 1445 4
1444 1484 2
1445 1446 1
1445 1485 4
1446 1447 4
1446 1486 3
1447 1448 4
1447 1487 5
1448 1449 3
1448 1488 2
1449 1450 3
1449 1489 3
1450 1451 5
1450 1490 2
1451 1452 4
1451 1491 3
1452 1453 1
1452 1492 1
1453 1454 5
1453 1493 2
1454 1455 1
1454 1494 1
1455 1456 3
1455 1495 2
1456 1457 2
1456 1496 3
1457 1458 2
1457 1497 3
1458 1459 1
1458 1498 2
1459 1460 1
1459 1499 2
1460 1461 5
1460 1500 4
1461 1462 2
1461 1501 1
1462 1463 3
1462 1502 4
1463 1464 1
1463 1503 4
1464 1465 4
1464 1504 4
1465 1466 5
1465 1505 3
1466 1467 3
1466 1506 3
1467 1468 5
1467 1507 4
1468 1469 5
1468 1508 5
1469 1470 2
1469 1509 1
1470 1471 3
1470 1510 2
1471 1472 5
1471 1511 4
1472 1473 1
1472 1512 2
1473 1474 1
1473 1513 5
1474 1475 5
1474 1514 4
1475 1476 2
1475 1515 4
1476 1477 4
1476 1516 4
1477 1478 2
1477 1517 3
1478 1479 1
1478 1518 5
1479 1480 3
1479 1519 5
1480 1520 2
1481 1482 5
1481 1521 3
1482 1483 4
1482 1522 1
1483 1484 1
1483 1523 4
1484 1485 3
1484 1524 2
1485 1486 4
1485 1525 5
1486 1487 1
1486 1526 2
1487 1488 5
1487 1527 3
1488 1489 4
1488 1528 4
1489 1490 1
1489 1529 3
1490 1491 5
1490 1530 1
1491 1492 5
1491 1531 1
1492 1493 4
1492 1532 4
1493 1494 3
1493 1533 3
1494 1495 2
1494 1534 5
1495 1496 2
1495 1535 2
1496 1497 3
1496 1536 4
1497 1498 5
1497 1537 2
1498 1499 4
1498 1538 5
1499 1500 3
1499 1539 2
1500 1501 2
1500 1540 2
1501 1502 5
1501 1541 4
1502 1503 1
1502 1542 5
1503 1504 2
1503 1543 4
1504 1505 5
1504 1544 3
1505 1506 3
1505 1545 5
1506 1507 5
1506 1546 5
1507 1508 3
1507 1547 1
1508 1509 2
1508 1548 5
1509 1510 3
1509 1549 5
1510 1511 4
1510 1550 3
1511 1512 2
1511 1551 2
1512 1513 2
1512 1552 4
1513 1514 3
1513 1553 4
1514 1515 3
1514 1554 5
1515 1516 2
1515 1555 2
1516 1517 4
1516 1556 2
1517 1518 5
1517 1557 1
1518 1519 2
1518 1558 1
1519 1520 1
1519 1559 4
1520 1560 2
1521 1522 3
1521 1561 2
1522 1523 1
1522 1562 2
1523 1524 4
1523 1563 2
1524 1525 3
1524 1564 1
1525 1526 4
1525 1565 2
1526 1527 2
1526 1566 2
1527 1528 4
1527 1567 3
1528 1529 1
1528 1568 1
1529 1530 3
1529 1569 1
1530 1531 2
1530 1570 4
1531 1532 1
1531 1571 2
1532 1533 3
1532 1572 3
1533 1534 1
1533 1573 4
1534 1535 3
1534 1574 5
1535 1536 2
1535 1575 4
1536 1537 2
1536 1576 4
1537 1538 1
1537 1577 2
1538 1539 1
1538 1578 2
1539 1540 2
1539 1579 4
1540 1541 5
1540 1580 5
1541 1542 5
1541 1581 4
1542 1543 4
1542 1582 3
1543 1544 4
1543 1583 2
1544 1545 3
1544 1584 3
1545 1546 4
1545 1585 1
1546 1547 3
1546 1586 4
1547 1548 5
1547 1587 5
1548 1549 5
1548 1588 1
1549 1550 2
1549 1589 5
1550 1551 3
1550 1590 3
1551 1552 3
1551 1591 5
1552 1553 4
1552 1592 5
1553 1554 1
1553 1593 4
1554 1555 1
1554 1594 2
1555 1556 5
1555 1595 1
1556 1557 5
1556 1596 1
1557 1558 2
1557 1597 1
1558 1559 2
1558 1598 4
1559 1560 5
1559 1599 5
1560 1600 1
1561 1562 2
1562 1563 2
1563 1564 5
1564 1565 4
1565 1566 4
1566 1567 4
1567 1568 1
1568 1569 4
1569 1570 4
1570 1571 4
1571 1572 1
1572 1573 5
1573 1574 2
1574 1575 3
1575 1576 2
1576 1577 1
1577 1578 5
1578 1579 2
1579 1580 4
1580 1581 4
1581 1582 5
1582 1583 3
1583 1584 4
1584 1585 5
1585 1586 1
1586 1587 3
1587 1588 2
1588 1589 5
1589 1590 1
1590 1591 3
1591 1592 5
1592 1593 1
1593 1594 3
1594 1595 2
1595 1596 4
1596 1597 4
1597 1598 2
1598 1599 5
1599 1600 5
1 1561 4
2 1562 1
3 1563 3
4 1564 5
5 1565 4
6 1566 5
7 1567 1
8 1568 2
9 1569 5
10 1570 2
11 1571 5
12 1572 2
13 1573 3
14 1574 5
15 1575 5
16 1576 1
17 1577 1
18 1578 2
19 1579 5
20 1580 1
21 1581 2
22 1582 3
23 1583 3
24 1584 2
25 1585 1
26 1586 3
27 1587 3
28 1588 1
29 1589 4
30 1590 3
31 1591 5
32 1592 4
33 1593 4
34 1594 3
35 1595 4
36 1596 3
37 1597 3
38 1598 1
39 1599 1
40 1600 5
1 40 3
41 80 5
81 120 5
121 160 5
161 200 2
201 240 5
241 280 1
281 320 2
321 360 1
361 400 2
401 440 3
441 480 4
481 520 3
521 560 5
561 600 1
601 640 4
641 680 3
681 720 1
721 760 3
761 800 2
801 840 4
841 880 3
881 920 2
921 960 1
961 1000 4
1001 1040 2
1041 1080 2
1081 1120 2
1121 1160 1
1161 1200 2
1201 1240 3
1241 1280 2
1281 1320 5
1321 1360 1
1361 1400 5
1401 1440 1
1441 1480 3
1481 1520 4
1521 1560 4
1561 1600 3
