400 800
1 2 2
1 21 5
2 3 2
2 22 2
3 4 5
3 23 5
4 5 4
4 24 2
5 6 4
5 25 4
6 7 3
6 26 1
7 8 4
7 27 3
8 9 1
8 28 3
9 10 2
9 29 3
10 11 1
10 30 4
11 12 3
11 31 5
12 13 3
12 32 5
13 14 2
13 33 2
14 15 4
14 34 5
15 16 3
15 35 3
16 17 2
16 36 3
17 18 2
17 37 4
18 19 1
18 38 4
19 20 4
19 39 1
20 40 2
21 22 3
21 41 3
22 23 1
22 42 2
23 24 4
23 43 2
24 25 4
24 44 1
25 26 2
25 45 4
26 27 2
26 46 2
27 28 2
27 47 1
28 29 4
28 48 3
29 30 2
29 49 1
30 31 3
30 50 2
31 32 2
31 51 3
32 33 4
32 52 3
33 34 1
33 53 5
34 35 1
34 54 1
35 36 5
35 55 4
36 37 5
36 56 3
37 38 1
37 57 2
38 39 2
38 58 1
39 40 4
39 59 5
40 60 1
41 42 4
41 61 3
42 43 4
42 62 4
43 44 3
43 63 2
44 45 4
44 64 1
45 46 5
45 65 4
46 47 5
46 66 1
47 48 2
47 67 2
48 49 5
48 68 4
49 50 5
49 69 2
50 51 3
50 70 2
51 52 5
51 71 1
52 53 2
52 72 4
53 54 5
53 73 1
54 55 3
54 74 1
55 56 5
55 75 4
56 57 1
56 76 3
57 58 1
57 77 5
58 59 4
58 78 1
59 60 3
59 79 4
60 80 4
61 62 5
61 81 5
62 63 4
62 82 1
63 64 2
63 83 2
64 65 2
64 84 2
65 66 5
65 85 5
66 67 3
66 86 1
67 68 5
67 87 5
68 69 2
68 88 1
69 70 2
69 89 2
70 71 3
70 90 3
71 72 2
71 91 5
72 73 1
72 92 1
73 74 1
73 93 3
74 75 1
74 94 2
75 76 5
75 95 3
76 77 1
76 96 5
77 78 5
77 97 3
78 79 1
78 98 5
79 80 5
79 99 5
80 100 2
81 82 4
81 101 3
82 83 3
82 102 5
83 84 1
83 103 3
84 85 5
84 104 2
85 86 5
85 105 2
86 87 2
86 106 5
87 88 2
87 107 3
88 89 1
88 108 4
89 90 4
89 109 2
90 91 5
90 110 1
91 92 2
91 111 5
92 93 3
92 112 3
93 94 1
93 113 4
94 95 4
94 114 4
95 96 1
95 115 5
96 97 1
96 116 1
97 98 3
97 117 1
98 99 5
98 118 1
99 100 1
99 119 1
100 120 1
101 102 2
101 121 3
102 103 2
102 122 4
103 104 5
103 123 3
104 105 5
104 124 4
105 106 1
105 125 4
106 107 1
106 126 2
107 108 2
107 127 3
108 109 5
108 128 3
109 110 4
109 129 1
110 111 2
110 130 2
111 112 2
111 131 5
112 113 4
112 132 1
113 114 4
113 133 4
114 115 2
114 134 5
115 116 1
115 135 2
116 117 5
116 136 3
117 118 4
117 137 2
118 119 4
118 138 5
119 120 2
119 139 1
120 140 2
121 122 1
121 141 1
122 123 3
122 142 3
123 124 1
123 143 2
124 125 1
124 144 5
125 126 3
125 145 1
126 127 5
126 146 1
127 128 3
127 147 4
128 129 4
128 148 5
129 130 3
129 149 5
130 131 3
130 150 1
131 132 2
131 151 5
132 133 5
132 152 2
133 134 4
133 153 1
134 135 2
134 154 1
135 136 3
135 155 5
136 137 4
136 156 5
137 138 4
137 157 5
138 139 4
138 158 3
139 140 5
139 159 2
140 160 3
141 142 4
141 161 5
142 143 1
142 162 4
143 144 1
143 163 3
144 145 3
144 164 1
145 146 5
145 165 1
146 147 4
146 166 2
147 148 1
147 167 4
148 149 4
148 168 4
149 150 4
149 169 1
150 151 2
150 170 3
151 152 3
151 171 1
152 153 3
152 172 5
153 154 1
153 173 1
154 155 4
154 174 3
155 156 2
155 175 2
156 157 3
156 176 3
157 158 5
157 177 5
158 159 5
158 178 4
159 160 2
159 179 5
160 180 4
161 162 2
161 181 3
162 163 1
162 182 5
163 164 4
163 183 5
164 165 3
164 184 3
165 166 3
165 185 4
166 167 5
166 186 4
167 168 5
167 187 1
168 169 2
168 188 1
169 170 4
169 189 3
170 171 3
170 190 3
171 172 1
171 191 1
172 173 2
172 192 4
173 174 2
173 193 1
174 175 3
174 194 2
175 176 5
175 195 5
176 177 5
176 196 2
177 178 1
177 197 5
178 179 5
178 198 4
179 180 5
179 199 5
180 200 2
181 182 4
181 201 4
182 183 5
182 202 3
183 184 2
183 203 2
184 185 1
184 204 4
185 186 5
185 205 1
186 187 5
186 206 2
187 188 2
187 207 1
188 189 3
188 208 3
189 190 2
189 209 5
190 191 3
190 210 5
191 192 3
191 211 1
192 193 4
192 212 5
193 194 2
193 213 4
194 195 5
194 214 3
195 196 2
195 215 1
196 197 1
196 216 4
197 198 3
197 217 3
198 199 4
198 218 2
199 200 4
199 219 1
200 220 1
201 202 4
201 221 4
202 203 3
202 222 3
203 204 3
203 223 5
204 205 3
204 224 5
205 206 1
205 225 1
206 207 2
206 226 2
207 208 5
207 227 5
208 209 2
208 228 1
209 210 5
209 229 2
210 211 3
210 230 2
211 212 4
211 231 5
212 213 5
212 232 4
213 214 3
213 233 2
214 215 4
214 234 4
215 216 4
215 235 1
216 217 5
216 236 3
217 218 5
217 237 2
218 219 3
218 238 5
219 220 3
219 239 5
220 240 3
221 222 3
221 241 3
222 223 5
222 242 1
223 224 3
223 243 4
224 225 1
224 244 2
225 226 1
225 245 3
226 227 3
226 246 5
227 228 5
227 247 1
228 229 2
228 248 1
229 230 5
229 249 4
230 231 1
230 250 4
231 232 3
231 251 5
232 233 3
232 252 2
233 234 3
233 253 3
234 235 3
234 254 1
235 236 2
235 255 3
236 237 1
236 256 1
237 238 1
237 257 3
238 239 1
238 258 5
239 240 4
239 259 4
240 260 2
241 242 3
241 261 5
242 243 1
242 262 3
243 244 4
243 263 5
244 245 2
244 264 4
245 246 2
245 265 1
246 247 5
246 266 5
247 248 3
247 267 2
248 249 2
248 268 4
249 250 3
249 269 3
250 251 1
250 270 3
251 252 5
251 271 2
252 253 3
252 272 3
253 254 2
253 273 3
254 255 5
254 274 4
255 256 1
255 275 4
256 257 4
256 276 4
257 258 3
257 277 3
258 259 1
258 278 5
259 260 3
259 279 4
260 280 1
261 262 3
261 281 5
262 263 3
262 282 4
263 264 5
263 283 2
264 265 1
264 284 2
265 266 5
265 285 4
266 267 1
266 286 1
267 268 4
267 287 1
268 269 4
268 288 1
269 270 5
269 289 1
270 271 1
270 290 1
271 272 5
271 291 1
272 273 2
272 292 5
273 274 1
273 293 3
274 275 4
274 294 3
275 276 4
275 295 1
276 277 1
276 296 5
277 278 2
277 297 5
278 279 1
278 298 2
279 280 2
279 299 5
280 300 2
281 282 2
281 301 5
282 283 4
282 302 2
283 284 1
283 303 4
284 285 3
284 304 3
285 286 5
285 305 4
286 287 5
286 306 3
287 288 2
287 307 5
288 289 5
288 308 1
289 290 4
289 309 1
290 291 2
290 310 5
291 292 4
291 311 2
292 293 1
292 312 5
293 294 3
293 313 1
294 295 2
294 314 1
295 296 3
295 315 1
296 297 4
296 316 5
297 298 3
297 317 4
298 299 3
298 318 4
299 300 3
299 319 4
300 320 4
301 302 1
301 321 2
302 303 3
302 322 3
303 304 3
303 323 2
304 305 2
304 324 2
305 306 2
305 325 4
306 307 3
306 326 2
307 308 3
307 327 2
308 309 3
308 328 2
309 310 5
309 329 4
310 311 1
310 330 3
311 312 3
311 331 1
312 313 5
312 332 5
313 314 1
313 333 2
314 315 2
314 334 5
315 316 4
315 335 1
316 317 4
316 336 2
317 318 2
317 337 3
318 319 4
318 338 5
319 320 2
319 339 3
320 340 4
321 322 1
321 341 3
322 323 3
322 342 5
323 324 2
323 343 2
324 325 2
324 344 2
325 326 5
325 345 3
326 327 5
326 346 4
327 328 3
327 347 3
328 329 1
328 348 4
329 330 4
329 349 1
330 331 2
330 350 3
331 332 3
331 351 4
332 333 2
332 352 3
333 334 5
333 353 4
334 335 5
334 354 2
335 336 1
335 355 4
336 337 1
336 356 2
337 338 5
337 357 4
338 339 5
338 358 3
339 340 3
339 359 5
340 360 3
341 342 4
341 361 1
342 343 4
342 362 5
343 344 5
343 363 1
344 345 2
344 364 4
345 346 3
345 365 3
346 347 1
346 366 1
347 348 2
347 367 2
348 349 1
348 368 3
349 350 3
349 369 1
350 351 4
350 370 4
351 352 3
351 371 4
352 353 1
352 372 2
353 354 5
353 373 5
354 355 4
354 374 4
355 356 2
355 375 4
356 357 1
356 376 5
357 358 3
357 377 4
358 359 1
358 378 4
359 360 5
359 379 3
360 380 1
361 362 4
361 381 1
362 363 2
362 382 2
363 364 5
363 383 5
364 365 3
364 384 1
365 366 3
365 385 5
366 367 2
366 386 5
367 368 3
367 387 3
368 369 3
368 388 1
369 370 1
369 389 3
370 371 3
370 390 5
371 372 2
371 391 4
372 373 3
372 392 4
373 374 1
373 393 2
374 375 3
374 394 5
375 376 3
375 395 1
376 377 2
376 396 2
377 378 4
377 397 1
378 379 3
378 398 4
379 380 5
379 399 4
380 400 5
381 382 3
382 383 2
383 384 5
384 385 2
385 386 1
386 387 3
387 388 4
388 389 5
389 390 2
390 391 2
391 392 3
392 393 2
393 394 1
394 395 4
395 396 4
396 397 5
397 398 3
398 399 2
399 400 1
1 381 5
2 382 5
3 383 3
4 384 2
5 385 2
6 386 1
7 387 4
8 388 4
9 389 1
10 390 4
11 391 2
12 392 3
13 393 3
14 394 1
15 395 4
16 396 1
17 397 2
18 398 2
19 399 2
20 400 1
1 20 4
21 40 2
41 60 1
61 80 4
81 100 1
101 120 2
121 140 1
141 160 5
161 180 1
181 200 2
201 220 1
221 240 2
241 260 5
261 280 4
281 300 2
301 320 2
321 340 2
341 360 3
361 380 2
381 400 2
