784 1568
1 2 1
1 29 3
2 3 4
2 30 5
3 4 1
3 31 4
4 5 1
4 32 2
5 6 4
5 33 2
6 7 2
6 34 1
7 8 3
7 35 5
8 9 1
8 36 2
9 10 4
9 37 4
10 11 3
10 38 1
11 12 5
11 39 3
12 13 4
12 40 1
13 14 3
13 41 2
14 15 2
14 42 2
15 16 2
15 43 1
16 17 3
16 44 4
17 18 3
17 45 4
18 19 4
18 46 3
19 20 3
19 47 5
20 21 1
20 48 2
21 22 2
21 49 3
22 23 1
22 50 3
23 24 4
23 51 2
24 25 4
24 52 2
25 26 2
25 53 3
26 27 3
26 54 2
27 28 4
27 55 2
28 56 2
29 30 2
29 57 2
30 31 4
30 58 5
31 32 1
31 59 1
32 33 4
32 60 4
33 34 4
33 61 3
34 35 1
34 62 4
35 36 2
35 63 4
36 37 1
36 64 5
37 38 1
37 65 2
38 39 5
38 66 1
39 40 2
39 67 5
40 41 3
40 68 2
41 42 1
41 69 4
42 43 4
42 70 4
43 44 5
43 71 2
44 45 2
44 72 3
45 46 5
45 73 2
46 47 1
46 74 4
47 48 3
47 75 3
48 49 3
48 76 2
49 50 3
49 77 4
50 51 4
50 78 4
51 52 2
51 79 1
52 53 4
52 80 2
53 54 4
53 81 5
54 55 5
54 82 4
55 56 1
55 83 1
56 84 4
57 58 3
57 85 5
58 59 2
58 86 4
59 60 5
59 87 2
60 61 2
60 88 1
61 62 3
61 89 1
62 63 3
62 90 3
63 64 4
63 91 5
64 65 2
64 92 4
65 66 5
65 93 1
66 67 3
66 94 3
67 68 2
67 95 2
68 69 5
68 96 1
69 70 4
69 97 5
70 71 3
70 98 3
71 72 3
71 99 4
72 73 1
72 100 4
73 74 3
73 101 3
74 75 4
74 102 3
75 76 4
75 103 5
76 77 1
76 104 1
77 78 3
77 105 4
78 79 1
78 106 4
79 80 3
79 107 2
80 81 3
80 108 3
81 82 4
81 109 1
82 83 1
82 110 5
83 84 1
83 111 4
84 112 5
85 86 3
85 113 3
86 87 2
86 114 1
87 88 5
87 115 5
88 89 5
88 116 1
89 90 4
89 117 3
90 91 4
90 118 1
91 92 1
91 119 5
92 93 4
92 120 2
93 94 2
93 121 3
94 95 2
94 122 3
95 96 3
95 123 5
96 97 1
96 124 4
97 98 2
97 125 1
98 99 1
98 126 4
99 100 3
99 127 2
100 101 4
100 128 1
101 102 3
101 129 4
102 103 2
102 130 4
103 104 2
103 131 1
104 105 2
104 132 5
105 106 1
105 133 3
106 107 5
106 134 2
107 108 2
107 135 4
108 109 3
108 136 1
109 110 1
109 137 5
110 111 1
110 138 4
111 112 5
111 139 5
112 140 2
113 114 5
113 141 2
114 115 3
114 142 4
115 116 4
115 143 3
116 117 1
116 144 3
117 118 1
117 145 3
118 119 1
118 146 4
119 120 5
119 147 4
120 121 5
120 148 1
121 122 1
121 149 4
122 123 3
122 150 5
123 124 3
123 151 2
124 125 5
124 152 5
125 126 5
125 153 2
126 127 5
126 154 1
127 128 1
127 155 5
128 129 2
128 156 3
129 130 4
129 157 1
130 131 5
130 158 5
131 132 3
131 159 4
132 133 1
132 160 3
133 134 4
133 161 1
134 135 3
134 162 2
135 136 1
135 163 3
136 137 2
136 164 5
137 138 1
137 165 5
138 139 4
138 166 3
139 140 1
139 167 3
140 168 4
141 142 3
141 169 4
142 143 2
142 170 4
143 144 2
143 171 4
144 145 2
144 172 2
145 146 1
145 173 5
146 147 5
146 174 5
147 148 5
147 175 2
148 149 1
148 176 5
149 150 4
149 177 5
150 151 3
150 178 2
151 152 1
151 179 3
152 153 3
152 180 1
153 154 2
153 181 4
154 155 1
154 182 3
155 156 2
155 183 5
156 157 1
156 184 3
157 158 2
157 185 2
158 159 5
158 186 1
159 160 1
159 187 1
160 161 3
160 188 4
161 162 5
161 189 4
162 163 4
162 190 4
163 164 1
163 191 2
164 165 4
164 192 5
165 166 2
165 193 4
166 167 4
166 194 5
167 168 5
167 195 1
168 196 2
169 170 3
169 197 3
170 171 2
170 198 5
171 172 4
171 199 5
172 173 5
172 200 5
173 174 5
173 201 3
174 175 5
174 202 2
175 176 2
175 203 5
176 177 3
176 204 4
177 178 5
177 205 2
178 179 3
178 206 3
179 180 5
179 207 5
180 181 5
180 208 1
181 182 2
181 209 1
182 183 1
182 210 4
183 184 3
183 211 2
184 185 2
184 212 2
185 186 4
185 213 2
186 187 4
186 214 2
187 188 5
187 215 5
188 189 2
188 216 1
189 190 4
189 217 4
190 191 4
190 218 3
191 192 1
191 219 3
192 193 2
192 220 5
193 194 4
193 221 5
194 195 4
194 222 5
195 196 5
195 223 2
196 224 4
197 198 4
197 225 4
198 199 4
198 226 3
199 200 1
199 227 5
200 201 5
200 228 4
201 202 1
201 229 1
202 203 4
202 230 2
203 204 4
203 231 5
204 205 3
204 232 2
205 206 4
205 233 1
206 207 5
206 234 5
207 208 5
207 235 3
208 209 5
208 236 4
209 210 2
209 237 3
210 211 1
210 238 5
211 212 5
211 239 4
212 213 2
212 240 3
213 214 5
213 241 5
214 215 4
214 242 2
215 216 1
215 243 2
216 217 1
216 244 5
217 218 1
217 245 5
218 219 3
218 246 5
219 220 5
219 247 4
220 221 4
220 248 5
221 222 1
221 249 4
222 223 5
222 250 4
223 224 2
223 251 5
224 252 1
225 226 5
225 253 5
226 227 1
226 254 1
227 228 2
227 255 2
228 229 4
228 256 2
229 230 1
229 257 5
230 231 4
230 258 4
231 232 4
231 259 2
232 233 1
232 260 1
233 234 5
233 261 1
234 235 3
234 262 2
235 236 4
235 263 1
236 237 4
236 264 1
237 238 5
237 265 4
238 239 1
238 266 5
239 240 5
239 267 4
240 241 2
240 268 2
241 242 3
241 269 1
242 243 2
242 270 5
243 244 1
243 271 3
244 245 2
244 272 3
245 246 4
245 273 3
246 247 1
246 274 2
247 248 3
247 275 5
248 249 5
248 276 4
249 250 5
249 277 3
250 251 1
250 278 5
251 252 1
251 279 3
252 280 2
253 254 3
253 281 1
254 255 3
254 282 2
255 256 1
255 283 2
256 257 4
256 284 3
257 258 3
257 285 5
258 259 2
258 286 1
259 260 5
259 287 1
260 261 3
260 288 2
261 262 3
261 289 3
262 263 5
262 290 2
263 264 3
263 291 4
264 265 5
264 292 4
265 266 2
265 293 2
266 267 5
266 294 5
267 268 1
267 295 4
268 269 2
268 296 5
269 270 2
269 297 1
270 271 2
270 298 5
271 272 4
271 299 3
272 273 2
272 300 3
273 274 4
273 301 4
274 275 5
274 302 1
275 276 2
275 303 1
276 277 3
276 304 3
277 278 4
277 305 2
278 279 1
278 306 5
279 280 1
279 307 4
280 308 1
281 282 3
281 309 2
282 283 3
282 310 5
283 284 1
283 311 5
284 285 3
284 312 1
285 286 1
285 313 3
286 287 3
286 314 1
287 288 2
287 315 2
288 289 3
288 316 3
289 290 1
289 317 2
290 291 5
290 318 3
291 292 2
291 319 5
292 293 3
292 320 4
293 294 5
293 321 1
294 295 5
294 322 4
295 296 2
295 323 3
296 297 3
296 324 5
297 298 5
297 325 3
298 299 1
298 326 1
299 300 1
299 327 2
300 301 3
300 328 1
301 302 2
301 329 5
302 303 4
302 330 2
303 304 5
303 331 1
304 305 1
304 332 3
305 306 4
305 333 4
306 307 4
306 334 2
307 308 4
307 335 4
308 336 2
309 310 2
309 337 3
310 311 2
310 338 1
311 312 2
311 339 2
312 313 2
312 340 2
313 314 3
313 341 3
314 315 3
314 342 3
315 316 3
315 343 4
316 317 4
316 344 1
317 318 1
317 345 2
318 319 1
318 346 4
319 320 2
319 347 5
320 321 4
320 348 1
321 322 4
321 349 2
322 323 2
322 350 5
323 324 3
323 351 4
324 325 5
324 352 3
325 326 3
325 353 4
326 327 2
326 354 2
327 328 5
327 355 1
328 329 1
328 356 3
329 330 2
329 357 3
330 331 5
330 358 1
331 332 4
331 359 2
332 333 4
332 360 5
333 334 2
333 361 5
334 335 5
334 362 4
335 336 1
335 363 2
336 364 5
337 338 4
337 365 4
338 339 1
338 366 4
339 340 3
339 367 1
340 341 1
340 368 1
341 342 3
341 369 3
342 343 4
342 370 2
343 344 2
343 371 4
344 345 1
344 372 3
345 346 1
345 373 4
346 347 2
346 374 4
347 348 4
347 375 1
348 349 4
348 376 3
349 350 1
349 377 5
350 351 3
350 378 3
351 352 4
351 379 5
352 353 5
352 380 4
353 354 3
353 381 4
354 355 4
354 382 3
355 356 5
355 383 5
356 357 2
356 384 5
357 358 1
357 385 5
358 359 2
358 386 2
359 360 5
359 387 3
360 361 4
360 388 3
361 362 5
361 389 4
362 363 3
362 390 4
363 364 5
363 391 4
364 392 2
365 366 2
365 393 4
366 367 2
366 394 4
367 368 3
367 395 1
368 369 2
368 396 1
369 370 4
369 397 3
370 371 1
370 398 4
371 372 4
371 399 2
372 373 1
372 400 5
373 374 3
373 401 4
374 375 4
374 402 5
375 376 1
375 403 4
376 377 4
376 404 1
377 378 2
377 405 2
378 379 4
378 406 4
379 380 5
379 407 5
380 381 1
380 408 2
381 382 2
381 409 3
382 383 1
382 410 3
383 384 1
383 411 1
384 385 4
384 412 1
385 386 1
385 413 3
386 387 1
386 414 2
387 388 4
387 415 5
388 389 4
388 416 2
389 390 4
389 417 4
390 391 2
390 418 2
391 392 3
391 419 4
392 420 3
393 394 3
393 421 5
394 395 3
394 422 2
395 396 2
395 423 4
396 397 4
396 424 5
397 398 3
397 425 1
398 399 5
398 426 2
399 400 2
399 427 2
400 401 4
400 428 1
401 402 4
401 429 1
402 403 2
402 430 5
403 404 2
403 431 5
404 405 4
404 432 3
405 406 3
405 433 3
406 407 2
406 434 5
407 408 4
407 435 3
408 409 3
408 436 1
409 410 4
409 437 4
410 411 4
410 438 3
411 412 4
411 439 4
412 413 1
412 440 3
413 414 2
413 441 3
414 415 3
414 442 1
415 416 4
415 443 3
416 417 5
416 444 2
417 418 1
417 445 3
418 419 5
418 446 4
419 420 5
419 447 2
420 448 3
421 422 1
421 449 5
422 423 2
422 450 3
423 424 1
423 451 2
424 425 4
424 452 5
425 426 2
425 453 5
426 427 2
426 454 3
427 428 2
427 455 1
428 429 3
428 456 4
429 430 2
429 457 1
430 431 4
430 458 5
431 432 2
431 459 4
432 433 2
432 460 5
433 434 4
433 461 5
434 435 2
434 462 2
435 436 3
435 463 2
436 437 5
436 464 2
437 438 4
437 465 4
438 439 4
438 466 3
439 440 4
439 467 1
440 441 4
440 468 2
441 442 3
441 469 5
442 443 4
442 470 4
443 444 4
443 471 4
444 445 3
444 472 5
445 446 3
445 473 3
446 447 5
446 474 4
447 448 3
447 475 2
448 476 4
449 450 4
449 477 1
450 451 5
450 478 5
451 452 4
451 479 3
452 453 3
452 480 5
453 454 1
453 481 1
454 455 1
454 482 3
455 456 1
455 483 2
456 457 4
456 484 4
457 458 1
457 485 4
458 459 3
458 486 2
459 460 2
459 487 2
460 461 1
460 488 4
461 462 3
461 489 1
462 463 3
462 490 4
463 464 2
463 491 3
464 465 3
464 492 5
465 466 5
465 493 4
466 467 5
466 494 4
467 468 5
467 495 2
468 469 4
468 496 3
469 470 1
469 497 5
470 471 2
470 498 3
471 472 1
471 499 5
472 473 3
472 500 1
473 474 2
473 501 4
474 475 5
474 502 4
475 476 4
475 503 2
476 504 4
477 478 4
477 505 3
478 479 3
478 506 5
479 480 1
479 507 2
480 481 5
480 508 1
481 482 5
481 509 1
482 483 5
482 510 3
483 484 1
483 511 4
484 485 3
484 512 5
485 486 2
485 513 2
486 487 5
486 514 1
487 488 2
487 515 2
488 489 4
488 516 2
489 490 4
489 517 3
490 491 5
490 518 3
491 492 2
491 519 3
492 493 1
492 520 4
493 494 1
493 521 1
494 495 5
494 522 2
495 496 4
495 523 5
496 497 4
496 524 5
497 498 1
497 525 5
498 499 4
498 526 3
499 500 3
499 527 1
500 501 5
500 528 5
501 502 5
501 529 5
502 503 5
502 530 3
503 504 2
503 531 3
504 532 3
505 506 2
505 533 3
506 507 3
506 534 2
507 508 1
507 535 3
508 509 1
508 536 2
509 510 3
509 537 4
510 511 4
510 538 2
511 512 3
511 539 1
512 513 5
512 540 4
513 514 3
513 541 1
514 515 1
514 542 5
515 516 1
515 543 3
516 517 5
516 544 5
517 518 3
517 545 5
518 519 1
518 546 4
519 520 5
519 547 4
520 521 1
520 548 2
521 522 1
521 549 5
522 523 5
522 550 5
523 524 3
523 551 4
524 525 4
524 552 1
525 526 5
525 553 1
526 527 2
526 554 2
527 528 5
527 555 1
528 529 5
528 556 1
529 530 4
529 557 2
530 531 1
530 558 3
531 532 5
531 559 5
532 560 2
533 534 4
533 561 3
534 535 5
534 562 1
535 536 3
535 563 2
536 537 2
536 564 5
537 538 4
537 565 4
538 539 2
538 566 3
539 540 4
539 567 3
540 541 4
540 568 2
541 542 2
541 569 2
542 543 3
542 570 4
543 544 3
543 571 5
544 545 4
544 572 3
545 546 4
545 573 1
546 547 5
546 574 4
547 548 1
547 575 2
548 549 4
548 576 5
549 550 3
549 577 4
550 551 5
550 578 5
551 552 3
551 579 5
552 553 2
552 580 3
553 554 2
553 581 2
554 555 2
554 582 2
555 556 5
555 583 5
556 557 1
556 584 4
557 558 4
557 585 1
558 559 4
558 586 1
559 560 1
559 587 1
560 588 3
561 562 3
561 589 1
562 563 1
562 590 2
563 564 2
563 591 5
564 565 4
564 592 2
565 566 1
565 593 2
566 567 5
566 594 2
567 568 2
567 595 5
568 569 1
568 596 1
569 570 1
569 597 2
570 571 1
570 598 1
571 572 1
571 599 4
572 573 4
572 600 3
573 574 5
573 601 5
574 575 4
574 602 2
575 576 1
575 603 4
576 577 1
576 604 1
577 578 1
577 605 3
578 579 4
578 606 1
579 580 4
579 607 3
580 581 1
580 608 1
581 582 4
581 609 1
582 583 5
582 610 5
583 584 2
583 611 2
584 585 3
584 612 4
585 586 4
585 613 4
586 587 1
586 614 1
587 588 3
587 615 4
588 616 5
589 590 2
589 617 4
590 591 3
590 618 3
591 592 1
591 619 1
592 593 2
592 620 4
593 594 5
593 621 4
594 595 1
594 622 1
595 596 3
595 623 4
596 597 5
596 624 5
597 598 5
597 625 3
598 599 4
598 626 5
599 600 2
599 627 3
600 601 2
600 628 5
601 602 5
601 629 4
602 603 3
602 630 3
603 604 1
603 631 1
604 605 3
604 632 4
605 606 3
605 633 1
606 607 4
606 634 3
607 608 3
607 635 2
608 609 4
608 636 3
609 610 4
609 637 2
610 611 2
610 638 1
611 612 5
611 639 4
612 613 4
612 640 4
613 614 3
613 641 1
614 615 3
614 642 3
615 616 2
615 643 2
616 644 1
617 618 4
617 645 1
618 619 3
618 646 2
619 620 1
619 647 1
620 621 5
620 648 2
621 622 1
621 649 4
622 623 1
622 650 2
623 624 4
623 651 3
624 625 3
624 652 3
625 626 4
625 653 3
626 627 5
626 654 4
627 628 2
627 655 4
628 629 3
628 656 3
629 630 3
629 657 3
630 631 5
630 658 2
631 632 4
631 659 5
632 633 4
632 660 3
633 634 2
633 661 1
634 635 4
634 662 3
635 636 4
635 663 5
636 637 1
636 664 4
637 638 4
637 665 4
638 639 4
638 666 2
639 640 3
639 667 1
640 641 2
640 668 5
641 642 3
641 669 3
642 643 4
642 670 5
643 644 5
643 671 5
644 672 3
645 646 5
645 673 3
646 647 3
646 674 3
647 648 4
647 675 2
648 649 2
648 676 1
649 650 2
649 677 3
650 651 2
650 678 2
651 652 3
651 679 1
652 653 5
652 680 2
653 654 4
653 681 2
654 655 2
654 682 2
655 656 4
655 683 3
656 657 4
656 684 1
657 658 2
657 685 1
658 659 1
658 686 2
659 660 3
659 687 5
660 661 1
660 688 2
661 662 1
661 689 4
662 663 1
662 690 2
663 664 5
663 691 5
664 665 1
664 692 3
665 666 3
665 693 1
666 667 5
666 694 4
667 668 4
667 695 3
668 669 1
668 696 1
669 670 2
669 697 3
670 671 1
670 698 2
671 672 3
671 699 1
672 700 1
673 674 4
673 701 4
674 675 3
674 702 5
675 676 1
675 703 5
676 677 1
676 704 5
677 678 3
677 705 5
678 679 3
678 706 3
679 680 3
679 707 2
680 681 3
680 708 1
681 682 2
681 709 1
682 683 4
682 710 5
683 684 5
683 711 1
684 685 1
684 712 4
685 686 5
685 713 4
686 687 3
686 714 4
687 688 5
687 715 2
688 689 4
688 716 2
689 690 1
689 717 5
690 691 3
690 718 1
691 692 4
691 719 1
692 693 2
692 720 1
693 694 5
693 721 1
694 695 5
694 722 1
695 696 1
695 723 1
696 697 5
696 724 4
697 698 2
697 725 4
698 699 4
698 726 3
699 700 1
699 727 3
700 728 5
701 702 3
701 729 2
702 703 3
702 730 4
703 704 3
703 731 3
704 705 1
704 732 2
705 706 5
705 733 1
706 707 2
706 734 2
707 708 2
707 735 2
708 709 5
708 736 2
709 710 2
709 737 3
710 711 5
710 738 5
711 712 3
711 739 2
712 713 2
712 740 1
713 714 3
713 741 3
714 715 4
714 742 5
715 716 5
715 743 1
716 717 2
716 744 5
717 718 2
717 745 2
718 719 4
718 746 2
719 720 1
719 747 2
720 721 3
720 748 2
721 722 4
721 749 2
722 723 4
722 750 5
723 724 1
723 751 3
724 725 3
724 752 4
725 726 5
725 753 4
726 727 2
726 754 3
727 728 4
727 755 2
728 756 1
729 730 3
729 757 2
730 731 1
730 758 3
731 732 1
731 759 3
732 733 2
732 760 2
733 734 1
733 761 1
734 735 4
734 762 1
735 736 4
735 763 2
736 737 5
736 764 3
737 738 5
737 765 5
738 739 3
738 766 5
739 740 4
739 767 3
740 741 5
740 768 1
741 742 5
741 769 4
742 743 4
742 770 1
743 744 2
743 771 3
744 745 4
744 772 2
745 746 2
745 773 2
746 747 4
746 774 1
747 748 4
747 775 4
748 749 2
748 776 3
749 750 2
749 777 3
750 751 2
750 778 4
751 752 1
751 779 3
752 753 4
752 780 3
753 754 3
753 781 2
754 755 3
754 782 5
755 756 1
755 783 5
756 784 3
757 758 5
758 759 2
759 760 4
760 761 4
761 762 1
762 763 2
763 764 5
764 765 4
765 766 3
766 767 2
767 768 1
768 769 5
769 770 5
770 771 5
771 772 4
772 773 3
773 774 1
774 775 4
775 776 3
776 777 4
777 778 2
778 779 4
779 780 4
780 781 3
781 782 3
782 783 5
783 784 3
1 757 4
2 758 5
3 759 3
4 760 1
5 761 4
6 762 2
7 763 1
8 764 1
9 765 4
10 766 5
11 767 1
12 768 1
13 769 4
14 770 2
15 771 4
16 772 2
17 773 1
18 774 1
19 775 4
20 776 4
21 777 3
22 778 1
23 779 4
24 780 5
25 781 2
26 782 1
27 783 3
28 784 3
1 28 4
29 56 4
57 84 1
85 112 1
113 140 3
141 168 1
169 196 5
197 224 4
225 252 3
253 280 2
281 308 5
309 336 2
337 364 5
365 392 2
393 420 4
421 448 4
449 476 5
477 504 2
505 532 5
533 560 1
561 588 3
589 616 5
617 644 1
645 672 5
673 700 3
701 728 3
729 756 1
757 784 3
