1600 3200
1 2 5
1 41 1
2 3 2
2 42 3
3 4 1
3 43 2
4 5 2
4 44 4
5 6 3
5 45 3
6 7 1
6 46 3
7 8 4
7 47 2
8 9 2
8 48 4
9 10 4
9 49 5
10 11 2
10 50 1
11 12 1
11 51 1
12 13 3
12 52 2
13 14 3
13 53 3
14 15 1
14 54 5
15 16 5
15 55 5
16 17 3
16 56 1
17 18 4
17 57 2
18 19 2
18 58 5
19 20 5
19 59 2
20 21 5
20 60 3
21 22 2
21 61 3
22 23 1
22 62 3
23 24 2
23 63 2
24 25 1
24 64 4
25 26 3
25 65 4
26 27 1
26 66 5
27 28 2
27 67 5
28 29 2
28 68 2
29 30 4
29 69 5
30 31 4
30 70 5
31 32 1
31 71 2
32 33 3
32 72 5
33 34 4
33 73 2
34 35 2
34 74 5
35 36 4
35 75 3
36 37 5
36 76 4
37 38 3
37 77 4
38 39 5
38 78 5
39 40 4
39 79 3
40 80 4
41 42 2
41 81 1
42 43 4
42 82 5
43 44 3
43 83 4
44 45 3
44 84 2
45 46 3
45 85 3
46 47 5
46 86 1
47 48 5
47 87 2
48 49 5
48 88 4
49 50 1
49 89 3
50 51 1
50 90 1
51 52 5
51 91 5
52 53 3
52 92 5
53 54 5
53 93 1
54 55 4
54 94 5
55 56 1
55 95 2
56 57 1
56 96 2
57 58 4
57 97 5
58 59 5
58 98 3
59 60 4
59 99 3
60 61 4
60 100 2
61 62 1
61 101 4
62 63 3
62 102 2
63 64 3
63 103 3
64 65 1
64 104 4
65 66 1
65 105 3
66 67 4
66 106 5
67 68 5
67 107 2
68 69 3
68 108 4
69 70 5
69 109 5
70 71 1
70 110 3
71 72 3
71 111 1
72 73 5
72 112 3
73 74 5
73 113 5
74 75 4
74 114 2
75 76 2
75 115 1
76 77 1
76 116 1
77 78 1
77 117 3
78 79 5
78 118 2
79 80 2
79 119 1
80 120 1
81 82 5
81 121 3
82 83 5
82 122 1
83 84 3
83 123 1
84 85 4
84 124 1
85 86 1
85 125 5
86 87 5
86 126 1
87 88 2
87 127 2
88 89 1
88 128 2
89 90 4
89 129 1
90 91 4
90 130 3
91 92 5
91 131 1
92 93 3
92 132 5
93 94 5
93 133 5
94 95 3
94 134 2
95 96 3
95 135 5
96 97 5
96 136 4
97 98 3
97 137 2
98 99 1
98 138 3
99 100 5
99 139 4
100 101 2
100 140 1
101 102 1
101 141 2
102 103 1
102 142 4
103 104 3
103 143 1
104 105 4
104 144 4
105 106 3
105 145 2
106 107 3
106 146 4
107 108 4
107 147 5
108 109 5
108 148 3
109 110 1
109 149 4
110 111 3
110 150 5
111 112 1
111 151 5
112 113 1
112 152 5
113 114 2
113 153 3
114 115 1
114 154 2
115 116 5
115 155 3
116 117 2
116 156 2
117 118 3
117 157 5
118 119 3
118 158 2
119 120 4
119 159 1
120 160 5
121 122 4
121 161 4
122 123 3
122 162 1
123 124 3
123 163 1
124 125 2
124 164 5
125 126 1
125 165 5
126 127 1
126 166 3
127 128 3
127 167 1
128 129 5
128 168 5
129 130 4
129 169 5
130 131 5
130 170 1
131 132 4
131 171 3
132 133 3
132 172 4
133 134 1
133 173 2
134 135 1
134 174 5
135 136 1
135 175 3
136 137 3
136 176 4
137 138 4
137 177 4
138 139 3
138 178 1
139 140 4
139 179 4
140 141 3
140 180 1
141 142 1
141 181 5
142 143 1
142 182 4
143 144 5
143 183 1
144 145 1
144 184 1
145 146 5
145 185 3
146 147 3
146 186 3
147 148 3
147 187 2
148 149 5
148 188 2
149 150 4
149 189 2
150 151 2
150 190 1
151 152 3
151 191 5
152 153 2
152 192 3
153 154 3
153 193 3
154 155 1
154 194 2
155 156 5
155 195 1
156 157 3
156 196 5
157 158 2
157 197 3
158 159 4
158 198 1
159 160 5
159 199 5
160 200 3
161 162 2
161 201 4
162 163 2
162 202 5
163 164 2
163 203 2
164 165 2
164 204 4
165 166 1
165 205 3
166 167 5
166 206 2
167 168 3
167 207 5
168 169 2
168 208 2
169 170 3
169 209 1
170 171 1
170 210 2
171 172 4
171 211 2
172 173 5
172 212 4
173 174 2
173 213 4
174 175 2
174 214 4
175 176 2
175 215 1
176 177 1
176 216 5
177 178 4
177 217 1
178 179 4
178 218 5
179 180 4
179 219 4
180 181 4
180 220 3
181 182 3
181 221 1
182 183 2
182 222 1
183 184 3
183 223 4
184 185 1
184 224 3
185 186 2
185 225 5
186 187 5
186 226 2
187 188 1
187 227 5
188 189 5
188 228 5
189 190 4
189 229 2
190 191 5
190 230 5
191 192 2
191 231 5
192 193 4
192 232 1
193 194 5
193 233 3
194 195 5
194 234 4
195 196 2
195 235 5
196 197 1
196 236 4
197 198 4
197 237 1
198 199 4
198 238 5
199 200 5
199 239 2
200 240 3
201 202 2
201 241 1
202 203 4
202 242 5
203 204 3
203 243 3
204 205 5
204 244 1
205 206 2
205 245 2
206 207 5
206 246 5
207 208 4
207 247 3
208 209 4
208 248 2
209 210 1
209 249 2
210 211 3
210 250 5
211 212 5
211 251 1
212 213 1
212 252 4
213 214 3
213 253 1
214 215 1
214 254 4
215 216 1
215 255 4
216 217 5
216 256 4
217 218 1
217 257 1
218 219 5
218 258 5
219 220 3
219 259 3
220 221 4
220 260 2
221 222 1
221 261 4
222 223 5
222 262 4
223 224 2
223 263 5
224 225 1
224 264 2
225 226 5
225 265 3
226 227 4
226 266 1
227 228 5
227 267 3
228 229 4
228 268 1
229 230 3
229 269 5
230 231 5
230 270 4
231 232 3
231 271 4
232 233 5
232 272 3
233 234 5
233 273 2
234 235 2
234 274 5
235 236 3
235 275 3
236 237 2
236 276 5
237 238 5
237 277 1
238 239 4
238 278 2
239 240 3
239 279 4
240 280 1
241 242 3
241 281 3
242 243 5
242 282 5
243 244 5
243 283 1
244 245 3
244 284 4
245 246 1
245 285 2
246 247 3
246 286 1
247 248 1
247 287 2
248 249 4
248 288 5
249 250 3
249 289 5
250 251 3
250 290 2
251 252 4
251 291 1
252 253 4
252 292 4
253 254 3
253 293 3
254 255 1
254 294 3
255 256 3
255 295 4
256 257 3
256 296 4
257 258 3
257 297 3
258 259 4
258 298 3
259 260 2
259 299 5
260 261 5
260 300 5
261 262 5
261 301 4
262 263 3
262 302 2
263 264 1
263 303 4
264 265 5
264 304 5
265 266 3
265 305 4
266 267 2
266 306 2
267 268 5
267 307 5
268 269 1
268 308 3
269 270 3
269 309 2
270 271 4
270 310 4
271 272 3
271 311 3
272 273 2
272 312 3
273 274 4
273 313 2
274 275 3
274 314 5
275 276 3
275 315 1
276 277 1
276 316 2
277 278 4
277 317 4
278 279 3
278 318 3
279 280 3
279 319 4
280 320 5
281 282 4
281 321 2
282 283 5
282 322 3
283 284 1
283 323 3
284 285 2
284 324 2
285 286 5
285 325 3
286 287 3
286 326 4
287 288 2
287 327 1
288 289 4
288 328 3
289 290 1
289 329 4
290 291 3
290 330 5
291 292 4
291 331 1
292 293 4
292 332 3
293 294 3
293 333 4
294 295 1
294 334 4
295 296 5
295 335 5
296 297 4
296 336 4
297 298 2
297 337 1
298 299 2
298 338 3
299 300 4
299 339 3
300 301 2
300 340 4
301 302 2
301 341 4
302 303 4
302 342 2
303 304 2
303 343 3
304 305 4
304 344 1
305 306 1
305 345 3
306 307 2
306 346 1
307 308 3
307 347 3
308 309 3
308 348 4
309 310 4
309 349 2
310 311 4
310 350 3
311 312 5
311 351 5
312 313 3
312 352 4
313 314 3
313 353 2
314 315 2
314 354 4
315 316 2
315 355 3
316 317 4
316 356 4
317 318 2
317 357 5
318 319 2
318 358 4
319 320 2
319 359 4
320 360 4
321 322 5
321 361 1
322 323 3
322 362 5
323 324 5
323 363 1
324 325 1
324 364 1
325 326 4
325 365 5
326 327 3
326 366 2
327 328 5
327 367 4
328 329 4
328 368 3
329 330 5
329 369 3
330 331 3
330 370 5
331 332 3
331 371 5
332 333 2
332 372 2
333 334 2
333 373 4
334 335 4
334 374 4
335 336 1
335 375 3
336 337 5
336 376 1
337 338 4
337 377 3
338 339 3
338 378 4
339 340 1
339 379 2
340 341 3
340 380 3
341 342 1
341 381 1
342 343 4
342 382 5
343 344 4
343 383 2
344 345 4
344 384 3
345 346 3
345 385 3
346 347 5
346 386 4
347 348 4
347 387 3
348 349 3
348 388 3
349 350 5
349 389 4
350 351 2
350 390 3
351 352 4
351 391 3
352 353 3
352 392 4
353 354 1
353 393 1
354 355 1
354 394 5
355 356 2
355 395 3
356 357 1
356 396 4
357 358 5
357 397 5
358 359 2
358 398 2
359 360 2
359 399 5
360 400 5
361 362 2
361 401 5
362 363 5
362 402 2
363 364 5
363 403 4
364 365 3
364 404 5
365 366 2
365 405 1
366 367 2
366 406 5
367 368 1
367 407 1
368 369 2
368 408 3
369 370 4
369 409 3
370 371 1
370 410 5
371 372 1
371 411 5
372 373 3
372 412 1
373 374 4
373 413 3
374 375 4
374 414 4
375 376 1
375 415 3
376 377 2
376 416 1
377 378 5
377 417 2
378 379 1
378 418 4
379 380 4
379 419 4
380 381 4
380 420 2
381 382 4
381 421 5
382 383 2
382 422 3
383 384 4
383 423 4
384 385 3
384 424 1
385 386 4
385 425 5
386 387 3
386 426 3
387 388 2
387 427 5
388 389 5
388 428 3
389 390 1
389 429 2
390 391 4
390 430 5
391 392 1
391 431 4
392 393 3
392 432 3
393 394 4
393 433 1
394 395 3
394 434 1
395 396 1
395 435 2
396 397 5
396 436 1
397 398 3
397 437 4
398 399 3
398 438 2
399 400 2
399 439 4
400 440 1
401 402 5
401 441 2
402 403 2
402 442 1
403 404 2
403 443 4
404 405 5
404 444 3
405 406 4
405 445 5
406 407 1
406 446 5
407 408 5
407 447 2
408 409 4
408 448 5
409 410 5
409 449 5
410 411 4
410 450 2
411 412 1
411 451 5
412 413 5
412 452 4
413 414 3
413 453 3
414 415 1
414 454 2
415 416 5
415 455 2
416 417 3
416 456 1
417 418 1
417 457 5
418 419 1
418 458 1
419 420 4
419 459 1
420 421 3
420 460 1
421 422 2
421 461 3
422 423 3
422 462 5
423 424 3
423 463 4
424 425 5
424 464 1
425 426 5
425 465 5
426 427 2
426 466 4
427 428 3
427 467 5
428 429 1
428 468 3
429 430 1
429 469 5
430 431 1
430 470 2
431 432 2
431 471 4
432 433 2
432 472 4
433 434 4
433 473 3
434 435 4
434 474 4
435 436 4
435 475 4
436 437 2
436 476 4
437 438 5
437 477 4
438 439 2
438 478 1
439 440 2
439 479 4
440 480 4
441 442 5
441 481 4
442 443 2
442 482 4
443 444 1
443 483 3
444 445 4
444 484 3
445 446 4
445 485 5
446 447 2
446 486 4
447 448 2
447 487 1
448 449 5
448 488 3
449 450 4
449 489 2
450 451 1
450 490 1
451 452 2
451 491 3
452 453 2
452 492 1
453 454 1
453 493 4
454 455 1
454 494 4
455 456 3
455 495 1
456 457 4
456 496 5
457 458 3
457 497 5
458 459 1
458 498 2
459 460 3
459 499 1
460 461 3
460 500 4
461 462 1
461 501 1
462 463 5
462 502 1
463 464 1
463 503 3
464 465 5
464 504 3
465 466 5
465 505 2
466 467 1
466 506 1
467 468 2
467 507 1
468 469 5
468 508 5
469 470 5
469 509 1
470 471 2
470 510 2
471 472 4
471 511 4
472 473 4
472 512 3
473 474 4
473 513 2
474 475 5
474 514 1
475 476 2
475 515 3
476 477 3
476 516 1
477 478 2
477 517 5
478 479 2
478 518 1
479 480 3
479 519 2
480 520 4
481 482 1
481 521 5
482 483 3
482 522 1
483 484 1
483 523 2
484 485 4
484 524 5
485 486 3
485 525 4
486 487 4
486 526 2
487 488 2
487 527 2
488 489 1
488 528 4
489 490 1
489 529 5
490 491 1
490 530 1
491 492 3
491 531 5
492 493 3
492 532 1
493 494 1
493 533 2
494 495 1
494 534 2
495 496 4
495 535 1
496 497 1
496 536 2
497 498 3
497 537 4
498 499 3
498 538 5
499 500 3
499 539 4
500 501 1
500 540 2
501 502 2
501 541 5
502 503 3
502 542 5
503 504 5
503 543 4
504 505 5
504 544 1
505 506 3
505 545 4
506 507 4
506 546 2
507 508 4
507 547 1
508 509 1
508 548 3
509 510 1
509 549 1
510 511 1
510 550 4
511 512 5
511 551 5
512 513 1
512 552 4
513 514 5
513 553 5
514 515 1
514 554 2
515 516 1
515 555 2
516 517 2
516 556 2
517 518 4
517 557 2
518 519 4
518 558 5
519 520 1
519 559 4
520 560 1
521 522 2
521 561 3
522 523 2
522 562 4
523 524 3
523 563 5
524 525 1
524 564 5
525 526 2
525 565 5
526 527 5
526 566 5
527 528 4
527 567 3
528 529 1
528 568 2
529 530 2
529 569 2
530 531 3
530 570 1
531 532 5
531 571 4
532 533 3
532 572 1
533 534 3
533 573 5
534 535 2
534 574 1
535 536 5
535 575 5
536 537 2
536 576 3
537 538 2
537 577 3
538 539 3
538 578 5
539 540 4
539 579 5
540 541 5
540 580 2
541 542 4
541 581 4
542 543 5
542 582 2
543 544 3
543 583 1
544 545 2
544 584 4
545 546 5
545 585 4
546 547 1
546 586 1
547 548 1
547 587 4
548 549 4
548 588 1
549 550 4
549 589 4
550 551 3
550 590 1
551 552 3
551 591 3
552 553 1
552 592 3
553 554 2
553 593 2
554 555 4
554 594 2
555 556 3
555 595 5
556 557 5
556 596 2
557 558 1
557 597 1
558 559 3
558 598 3
559 560 4
559 599 3
560 600 5
561 562 1
561 601 2
562 563 1
562 602 4
563 564 4
563 603 3
564 565 1
564 604 4
565 566 1
565 605 1
566 567 2
566 606 3
567 568 1
567 607 4
568 569 2
568 608 3
569 570 5
569 609 5
570 571 4
570 610 4
571 572 1
571 611 2
572 573 4
572 612 4
573 574 3
573 613 5
574 575 5
574 614 3
575 576 2
575 615 5
576 577 3
576 616 3
577 578 2
577 617 5
578 579 5
578 618 4
579 580 4
579 619 2
580 581 2
580 620 2
581 582 2
581 621 2
582 583 4
582 622 3
583 584 3
583 623 2
584 585 2
584 624 2
585 586 1
585 625 5
586 587 3
586 626 1
587 588 2
587 627 4
588 589 5
588 628 2
589 590 2
589 629 1
590 591 5
590 630 3
591 592 4
591 631 1
592 593 1
592 632 4
593 594 3
593 633 5
594 595 1
594 634 5
595 596 4
595 635 4
596 597 4
596 636 5
597 598 2
597 637 5
598 599 3
598 638 4
599 600 1
599 639 1
600 640 1
601 602 1
601 641 5
602 603 3
602 642 3
603 604 3
603 643 1
604 605 1
604 644 3
605 606 1
605 645 4
606 607 5
606 646 5
607 608 3
607 647 5
608 609 2
608 648 1
609 610 5
609 649 1
610 611 3
610 650 1
611 612 4
611 651 1
612 613 2
612 652 3
613 614 5
613 653 3
614 615 3
614 654 1
615 616 5
615 655 1
616 617 5
616 656 5
617 618 1
617 657 4
618 619 2
618 658 1
619 620 5
619 659 1
620 621 2
620 660 3
621 622 2
621 661 3
622 623 3
622 662 4
623 624 1
623 663 5
624 625 4
624 664 2
625 626 3
625 665 3
626 627 1
626 666 3
627 628 5
627 667 5
628 629 4
628 668 3
629 630 4
629 669 2
630 631 5
630 670 2
631 632 1
631 671 3
632 633 4
632 672 3
633 634 1
633 673 2
634 635 3
634 674 2
635 636 1
635 675 2
636 637 5
636 676 4
637 638 1
637 677 3
638 639 4
638 678 3
639 640 2
639 679 1
640 680 4
641 642 1
641 681 4
642 643 4
642 682 4
643 644 3
643 683 1
644 645 3
644 684 3
645 646 4
645 685 2
646 647 3
646 686 5
647 648 4
647 687 4
648 649 4
648 688 1
649 650 1
649 689 1
650 651 5
650 690 1
651 652 1
651 691 5
652 653 5
652 692 1
653 654 5
653 693 5
654 655 4
654 694 5
655 656 2
655 695 2
656 657 2
656 696 4
657 658 1
657 697 5
658 659 4
658 698 5
659 660 1
659 699 2
660 661 2
660 700 1
661 662 3
661 701 5
662 663 2
662 702 1
663 664 1
663 703 4
664 665 1
664 704 4
665 666 4
665 705 1
666 667 3
666 706 5
667 668 2
667 707 5
668 669 4
668 708 4
669 670 3
669 709 4
670 671 3
670 710 1
671 672 1
671 711 2
672 673 1
672 712 4
673 674 1
673 713 2
674 675 3
674 714 4
675 676 4
675 715 3
676 677 1
676 716 2
677 678 2
677 717 2
678 679 1
678 718 3
679 680 3
679 719 4
680 720 1
681 682 4
681 721 4
682 683 1
682 722 2
683 684 3
683 723 1
684 685 1
684 724 4
685 686 3
685 725 5
686 687 4
686 726 2
687 688 3
687 727 4
688 689 1
688 728 2
689 690 1
689 729 4
690 691 3
690 730 1
691 692 4
691 731 1
692 693 4
692 732 5
693 694 4
693 733 5
694 695 5
694 734 1
695 696 3
695 735 4
696 697 1
696 736 3
697 698 3
697 737 3
698 699 5
698 738 2
699 700 1
699 739 1
700 701 1
700 740 5
701 702 1
701 741 1
702 703 2
702 742 5
703 704 1
703 743 3
704 705 1
704 744 2
705 706 2
705 745 5
706 707 2
706 746 3
707 708 4
707 747 1
708 709 1
708 748 2
709 710 5
709 749 1
710 711 4
710 750 2
711 712 4
711 751 5
712 713 1
712 752 4
713 714 2
713 753 4
714 715 1
714 754 1
715 716 2
715 755 2
716 717 5
716 756 2
717 718 3
717 757 4
718 719 3
718 758 3
719 720 3
719 759 3
720 760 5
721 722 4
721 761 4
722 723 1
722 762 3
723 724 5
723 763 5
724 725 3
724 764 5
725 726 3
725 765 5
726 727 3
726 766 1
727 728 1
727 767 4
728 729 5
728 768 4
729 730 1
729 769 4
730 731 1
730 770 1
731 732 4
731 771 3
732 733 2
732 772 4
733 734 2
733 773 1
734 735 1
734 774 3
735 736 3
735 775 4
736 737 3
736 776 4
737 738 3
737 777 5
738 739 3
738 778 3
739 740 1
739 779 1
740 741 3
740 780 5
741 742 3
741 781 5
742 743 5
742 782 2
743 744 3
743 783 1
744 745 1
744 784 2
745 746 1
745 785 1
746 747 5
746 786 3
747 748 1
747 787 2
748 749 2
748 788 5
749 750 3
749 789 3
750 751 1
750 790 4
751 752 5
751 791 4
752 753 2
752 792 3
753 754 1
753 793 2
754 755 2
754 794 1
755 756 3
755 795 1
756 757 4
756 796 3
757 758 1
757 797 2
758 759 3
758 798 5
759 760 2
759 799 3
760 800 2
761 762 4
761 801 4
762 763 1
762 802 2
763 764 3
763 803 4
764 765 2
764 804 4
765 766 1
765 805 3
766 767 2
766 806 1
767 768 4
767 807 2
768 769 4
768 808 4
769 770 5
769 809 1
770 771 2
770 810 5
771 772 5
771 811 1
772 773 2
772 812 3
773 774 2
773 813 3
774 775 2
774 814 2
775 776 1
775 815 5
776 777 3
776 816 2
777 778 3
777 817 4
778 779 3
778 818 4
779 780 2
779 819 3
780 781 1
780 820 1
781 782 4
781 821 1
782 783 4
782 822 1
783 784 5
783 823 1
784 785 4
784 824 3
785 786 2
785 825 2
786 787 2
786 826 1
787 788 2
787 827 5
788 789 5
788 828 3
789 790 2
789 829 3
790 791 4
790 830 5
791 792 1
791 831 1
792 793 3
792 832 1
793 794 4
793 833 2
794 795 4
794 834 2
795 796 5
795 835 1
796 797 1
796 836 3
797 798 4
797 837 3
798 799 2
798 838 1
799 800 1
799 839 4
800 840 1
801 802 1
801 841 2
802 803 4
802 842 4
803 804 1
803 843 1
804 805 5
804 844 2
805 806 1
805 845 3
806 807 4
806 846 5
807 808 2
807 847 2
808 809 3
808 848 5
809 810 1
809 849 2
810 811 3
810 850 5
811 812 2
811 851 5
812 813 3
812 852 5
813 814 5
813 853 3
814 815 3
814 854 3
815 816 4
815 855 3
816 817 3
816 856 1
817 818 4
817 857 1
818 819 3
818 858 5
819 820 2
819 859 4
820 821 2
820 860 5
821 822 3
821 861 1
822 823 2
822 862 5
823 824 3
823 863 3
824 825 3
824 864 3
825 826 3
825 865 4
826 827 2
826 866 5
827 828 5
827 867 5
828 829 1
828 868 5
829 830 1
829 869 1
830 831 4
830 870 4
831 832 3
831 871 3
832 833 1
832 872 3
833 834 4
833 873 4
834 835 1
834 874 1
835 836 4
835 875 3
836 837 3
836 876 5
837 838 5
837 877 3
838 839 5
838 878 4
839 840 4
839 879 1
840 880 1
841 842 2
841 881 3
842 843 2
842 882 1
843 844 3
843 883 1
844 845 2
844 884 1
845 846 5
845 885 2
846 847 2
846 886 1
847 848 3
847 887 4
848 849 2
848 888 3
849 850 2
849 889 2
850 851 5
850 890 4
851 852 2
851 891 4
852 853 3
852 892 5
853 854 4
853 893 4
854 855 3
854 894 2
855 856 1
855 895 1
856 857 1
856 896 1
857 858 3
857 897 4
858 859 4
858 898 2
859 860 2
859 899 3
860 861 2
860 900 4
861 862 5
861 901 1
862 863 2
862 902 4
863 864 2
863 903 3
864 865 3
864 904 3
865 866 2
865 905 4
866 867 2
866 906 3
867 868 5
867 907 4
868 869 4
868 908 5
869 870 1
869 909 2
870 871 1
870 910 3
871 872 1
871 911 3
872 873 5
872 912 4
873 874 3
873 913 1
874 875 5
874 914 4
875 876 3
875 915 2
876 877 4
876 916 3
877 878 2
877 917 5
878 879 1
878 918 5
879 880 4
879 919 3
880 920 2
881 882 3
881 921 4
882 883 5
882 922 1
883 884 4
883 923 4
884 885 3
884 924 3
885 886 2
885 925 4
886 887 4
886 926 4
887 888 3
887 927 4
888 889 4
888 928 2
889 890 4
889 929 3
890 891 3
890 930 3
891 892 2
891 931 4
892 893 3
892 932 5
893 894 4
893 933 5
894 895 1
894 934 4
895 896 5
895 935 4
896 897 3
896 936 4
897 898 4
897 937 4
898 899 1
898 938 4
899 900 5
899 939 2
900 901 2
900 940 2
901 902 3
901 941 2
902 903 2
902 942 5
903 904 4
903 943 3
904 905 4
904 944 2
905 906 5
905 945 4
906 907 4
906 946 5
907 908 4
907 947 5
908 909 3
908 948 3
909 910 5
909 949 2
910 911 4
910 950 3
911 912 3
911 951 4
912 913 5
912 952 4
913 914 4
913 953 5
914 915 1
914 954 3
915 916 3
915 955 5
916 917 4
916 956 5
917 918 5
917 957 3
918 919 4
918 958 3
919 920 4
919 959 5
920 960 1
921 922 4
921 961 4
922 923 5
922 962 4
923 924 4
923 963 5
924 925 4
924 964 4
925 926 2
925 965 5
926 927 2
926 966 1
927 928 3
927 967 4
928 929 2
928 968 1
929 930 1
929 969 3
930 931 3
930 970 5
931 932 5
931 971 1
932 933 2
932 972 1
933 934 4
933 973 5
934 935 1
934 974 4
935 936 4
935 975 4
936 937 3
936 976 5
937 938 2
937 977 1
938 939 4
938 978 2
939 940 4
939 979 4
940 941 1
940 980 5
941 942 4
941 981 2
942 943 4
942 982 5
943 944 2
943 983 1
944 945 5
944 984 3
945 946 3
945 985 3
946 947 4
946 986 1
947 948 5
947 987 2
948 949 3
948 988 2
949 950 2
949 989 1
950 951 5
950 990 2
951 952 2
951 991 2
952 953 2
952 992 4
953 954 5
953 993 2
954 955 5
954 994 5
955 956 4
955 995 4
956 957 3
956 996 2
957 958 2
957 997 1
958 959 1
958 998 3
959 960 4
959 999 2
960 1000 4
961 962 3
961 1001 1
962 963 4
962 1002 4
963 964 3
963 1003 2
964 965 1
964 1004 4
965 966 1
965 1005 3
966 967 3
966 1006 5
967 968 2
967 1007 3
968 969 1
968 1008 4
969 970 1
969 1009 4
970 971 3
970 1010 2
971 972 3
971 1011 4
972 973 2
972 1012 1
973 974 1
973 1013 5
974 975 3
974 1014 4
975 976 2
975 1015 3
976 977 5
976 1016 5
977 978 3
977 1017 3
978 979 3
978 1018 5
979 980 4
979 1019 5
980 981 2
980 1020 2
981 982 1
981 1021 4
982 983 5
982 1022 2
983 984 2
983 1023 4
984 985 2
984 1024 5
985 986 1
985 1025 2
986 987 5
986 1026 5
987 988 3
987 1027 4
988 989 2
988 1028 4
989 990 4
989 1029 1
990 991 2
990 1030 5
991 992 1
991 1031 1
992 993 3
992 1032 1
993 994 1
993 1033 2
994 995 5
994 1034 3
995 996 1
995 1035 1
996 997 2
996 1036 2
997 998 4
997 1037 4
998 999 4
998 1038 3
999 1000 1
999 1039 4
1000 1040 2
1001 1002 5
1001 1041 1
1002 1003 5
1002 1042 4
1003 1004 5
1003 1043 2
1004 1005 2
1004 1044 4
1005 1006 2
1005 1045 3
1006 1007 2
1006 1046 2
1007 1008 3
1007 1047 1
1008 1009 4
1008 1048 3
1009 1010 4
1009 1049 2
1010 1011 4
1010 1050 2
1011 1012 1
1011 1051 5
1012 1013 2
1012 1052 2
1013 1014 2
1013 1053 2
1014 1015 2
1014 1054 4
1015 1016 3
1015 1055 2
1016 1017 4
1016 1056 3
1017 1018 1
1017 1057 1
1018 1019 1
1018 1058 2
1019 1020 2
1019 1059 4
1020 1021 3
1020 1060 3
1021 1022 2
1021 1061 5
1022 1023 3
1022 1062 2
1023 1024 5
1023 1063 5
1024 1025 1
1024 1064 1
1025 1026 4
1025 1065 5
1026 1027 2
1026 1066 2
1027 1028 2
1027 1067 2
1028 1029 1
1028 1068 3
1029 1030 5
1029 1069 5
1030 1031 2
1030 1070 2
1031 1032 5
1031 1071 5
1032 1033 3
1032 1072 1
1033 1034 1
1033 1073 4
1034 1035 3
1034 1074 3
1035 1036 1
1035 1075 5
1036 1037 1
1036 1076 5
1037 1038 5
1037 1077 1
1038 1039 4
1038 1078 2
1039 1040 3
1039 1079 4
1040 1080 5
1041 1042 3
1041 1081 2
1042 1043 4
1042 1082 5
1043 1044 5
1043 1083 2
1044 1045 1
1044 1084 4
1045 1046 2
1045 1085 5
1046 1047 5
1046 1086 1
1047 1048 3
1047 1087 1
1048 1049 3
1048 1088 4
1049 1050 5
1049 1089 5
1050 1051 3
1050 1090 1
1051 1052 2
1051 1091 2
1052 1053 2
1052 1092 5
1053 1054 1
1053 1093 2
1054 1055 1
1054 1094 5
1055 1056 3
1055 1095 5
1056 1057 3
1056 1096 5
1057 1058 1
1057 1097 2
1058 1059 5
1058 1098 3
1059 1060 1
1059 1099 4
1060 1061 5
1060 1100 3
1061 1062 2
1061 1101 3
1062 1063 3
1062 1102 1
1063 1064 2
1063 1103 4
1064 1065 2
1064 1104 3
1065 1066 3
1065 1105 3
1066 1067 4
1066 1106 3
1067 1068 1
1067 1107 4
1068 1069 3
1068 1108 4
1069 1070 3
1069 1109 3
1070 1071 2
1070 1110 1
1071 1072 5
1071 1111 5
1072 1073 2
1072 1112 5
1073 1074 4
1073 1113 3
1074 1075 2
1074 1114 2
1075 1076 2
1075 1115 5
1076 1077 4
1076 1116 4
1077 1078 4
1077 1117 1
1078 1079 5
1078 1118 3
1079 1080 5
1079 1119 4
1080 1120 3
1081 1082 3
1081 1121 3
1082 1083 5
1082 1122 4
1083 1084 4
1083 1123 2
1084 1085 5
1084 1124 4
1085 1086 1
1085 1125 1
1086 1087 3
1086 1126 1
1087 1088 2
1087 1127 4
1088 1089 1
1088 1128 4
1089 1090 4
1089 1129 5
1090 1091 3
1090 1130 2
1091 1092 3
1091 1131 2
1092 1093 2
1092 1132 4
1093 1094 2
1093 1133 1
1094 1095 1
1094 1134 3
1095 1096 3
1095 1135 3
1096 1097 5
1096 1136 4
1097 1098 3
1097 1137 1
1098 1099 5
1098 1138 3
1099 1100 1
1099 1139 4
1100 1101 4
1100 1140 5
1101 1102 1
1101 1141 2
1102 1103 5
1102 1142 1
1103 1104 4
1103 1143 2
1104 1105 1
1104 1144 4
1105 1106 3
1105 1145 5
1106 1107 1
1106 1146 3
1107 1108 5
1107 1147 1
1108 1109 1
1108 1148 2
1109 1110 3
1109 1149 2
1110 1111 2
1110 1150 2
1111 1112 1
1111 1151 1
1112 1113 1
1112 1152 1
1113 1114 5
1113 1153 2
1114 1115 3
1114 1154 3
1115 1116 4
1115 1155 3
1116 1117 5
1116 1156 2
1117 1118 2
1117 1157 3
1118 1119 3
1118 1158 2
1119 1120 3
1119 1159 4
1120 1160 3
1121 1122 2
1121 1161 1
1122 1123 3
1122 1162 1
1123 1124 3
1123 1163 4
1124 1125 1
1124 1164 2
1125 1126 5
1125 1165 4
1126 1127 3
1126 1166 4
1127 1128 2
1127 1167 2
1128 1129 3
1128 1168 4
1129 1130 2
1129 1169 3
1130 1131 3
1130 1170 4
1131 1132 5
1131 1171 4
1132 1133 4
1132 1172 2
1133 1134 4
1133 1173 3
1134 1135 1
1134 1174 5
1135 1136 3
1135 1175 4
1136 1137 1
1136 1176 5
1137 1138 5
1137 1177 2
1138 1139 3
1138 1178 2
1139 1140 2
1139 1179 5
1140 1141 5
1140 1180 5
1141 1142 4
1141 1181 1
1142 1143 2
1142 1182 4
1143 1144 4
1143 1183 2
1144 1145 2
1144 1184 2
1145 1146 3
1145 1185 2
1146 1147 4
1146 1186 3
1147 1148 1
1147 1187 4
1148 1149 1
1148 1188 1
1149 1150 3
1149 1189 5
1150 1151 3
1150 1190 2
1151 1152 3
1151 1191 2
1152 1153 4
1152 1192 3
1153 1154 1
1153 1193 4
1154 1155 4
1154 1194 3
1155 1156 5
1155 1195 3
1156 1157 4
1156 1196 3
1157 1158 1
1157 1197 5
1158 1159 4
1158 1198 1
1159 1160 3
1159 1199 4
1160 1200 1
1161 1162 5
1161 1201 3
1162 1163 4
1162 1202 2
1163 1164 2
1163 1203 1
1164 1165 3
1164 1204 3
1165 1166 5
1165 1205 2
1166 1167 5
1166 1206 2
1167 1168 2
1167 1207 1
1168 1169 2
1168 1208 4
1169 1170 5
1169 1209 2
1170 1171 4
1170 1210 2
1171 1172 1
1171 1211 1
1172 1173 2
1172 1212 3
1173 1174 1
1173 1213 2
1174 1175 3
1174 1214 4
1175 1176 5
1175 1215 4
1176 1177 1
1176 1216 4
1177 1178 3
1177 1217 5
1178 1179 3
1178 1218 5
1179 1180 2
1179 1219 5
1180 1181 2
1180 1220 2
1181 1182 5
1181 1221 3
1182 1183 4
1182 1222 1
1183 1184 3
1183 1223 2
1184 1185 1
1184 1224 2
1185 1186 4
1185 1225 3
1186 1187 5
1186 1226 3
1187 1188 5
1187 1227 5
1188 1189 4
1188 1228 4
1189 1190 4
1189 1229 2
1190 1191 4
1190 1230 3
1191 1192 5
1191 1231 4
1192 1193 4
1192 1232 5
1193 1194 5
1193 1233 5
1194 1195 1
1194 1234 4
1195 1196 1
1195 1235 3
1196 1197 2
1196 1236 5
1197 1198 2
1197 1237 2
1198 1199 1
1198 1238 5
1199 1200 3
1199 1239 2
1200 1240 2
1201 1202 4
1201 1241 3
1202 1203 5
1202 1242 5
1203 1204 4
1203 1243 1
1204 1205 5
1204 1244 1
1205 1206 1
1205 1245 2
1206 1207 1
1206 1246 5
1207 1208 5
1207 1247 4
1208 1209 4
1208 1248 3
1209 1210 4
1209 1249 2
1210 1211 4
1210 1250 1
1211 1212 4
1211 1251 1
1212 1213 3
1212 1252 1
1213 1214 3
1213 1253 3
1214 1215 5
1214 1254 1
1215 1216 5
1215 1255 4
1216 1217 1
1216 1256 2
1217 1218 3
1217 1257 5
1218 1219 4
1218 1258 5
1219 1220 1
1219 1259 2
1220 1221 2
1220 1260 3
1221 1222 4
1221 1261 4
1222 1223 1
1222 1262 5
1223 1224 1
1223 1263 1
1224 1225 2
1224 1264 2
1225 1226 3
1225 1265 1
1226 1227 3
1226 1266 1
1227 1228 5
1227 1267 3
1228 1229 5
1228 1268 3
1229 1230 3
1229 1269 5
1230 1231 3
1230 1270 4
1231 1232 3
1231 1271 3
1232 1233 1
1232 1272 1
1233 1234 1
1233 1273 5
1234 1235 4
1234 1274 5
1235 1236 5
1235 1275 5
1236 1237 2
1236 1276 4
1237 1238 5
1237 1277 4
1238 1239 3
1238 1278 4
1239 1240 2
1239 1279 1
1240 1280 2
1241 1242 4
1241 1281 1
1242 1243 4
1242 1282 3
1243 1244 2
1243 1283 4
1244 1245 3
1244 1284 4
1245 1246 2
1245 1285 1
1246 1247 1
1246 1286 2
1247 1248 5
1247 1287 2
1248 1249 1
1248 1288 2
1249 1250 4
1249 1289 3
1250 1251 4
1250 1290 1
1251 1252 5
1251 1291 5
1252 1253 5
1252 1292 2
1253 1254 3
1253 1293 2
1254 1255 2
1254 1294 3
1255 1256 3
1255 1295 3
1256 1257 5
1256 1296 4
1257 1258 4
1257 1297 1
1258 1259 5
1258 1298 5
1259 1260 5
1259 1299 3
1260 1261 5
1260 1300 1
1261 1262 4
1261 1301 2
1262 1263 4
1262 1302 4
1263 1264 4
1263 1303 1
1264 1265 5
1264 1304 2
1265 1266 3
1265 1305 4
1266 1267 1
1266 1306 2
1267 1268 1
1267 1307 5
1268 1269 5
1268 1308 2
1269 1270 3
1269 1309 2
1270 1271 2
1270 1310 4
1271 1272 4
1271 1311 5
1272 1273 1
1272 1312 2
1273 1274 1
1273 1313 5
1274 1275 3
1274 1314 4
1275 1276 5
1275 1315 4
1276 1277 4
1276 1316 4
1277 1278 3
1277 1317 2
1278 1279 1
1278 1318 3
1279 1280 2
1279 1319 5
1280 1320 1
1281 1282 5
1281 1321 2
1282 1283 5
1282 1322 3
1283 1284 3
1283 1323 5
1284 1285 1
1284 1324 2
1285 1286 5
1285 1325 1
1286 1287 2
1286 1326 4
1287 1288 1
1287 1327 1
1288 1289 4
1288 1328 2
1289 1290 5
1289 1329 5
1290 1291 3
1290 1330 1
1291 1292 3
1291 1331 1
1292 1293 3
1292 1332 4
1293 1294 5
1293 1333 5
1294 1295 1
1294 1334 5
1295 1296 1
1295 1335 4
1296 1297 2
1296 1336 5
1297 1298 3
1297 1337 3
1298 1299 3
1298 1338 4
1299 1300 4
1299 1339 1
1300 1301 4
1300 1340 4
1301 1302 5
1301 1341 3
1302 1303 5
1302 1342 1
1303 1304 1
1303 1343 4
1304 1305 2
1304 1344 5
1305 1306 5
1305 1345 3
1306 1307 5
1306 1346 3
1307 1308 3
1307 1347 3
1308 1309 2
1308 1348 4
1309 1310 1
1309 1349 2
1310 1311 1
1310 1350 4
1311 1312 1
1311 1351 1
1312 1313 4
1312 1352 2
1313 1314 4
1313 1353 4
1314 1315 1
1314 1354 4
1315 1316 5
1315 1355 2
1316 1317 3
1316 1356 5
1317 1318 5
1317 1357 5
1318 1319 3
1318 1358 2
1319 1320 5
1319 1359 1
1320 1360 5
1321 1322 2
1321 1361 1
1322 1323 4
1322 1362 5
1323 1324 2
1323 1363 2
1324 1325 5
1324 1364 5
1325 1326 2
1325 1365 3
1326 1327 4
1326 1366 1
1327 1328 3
1327 1367 2
1328 1329 5
1328 1368 3
1329 1330 3
1329 1369 1
1330 1331 5
1330 1370 5
1331 1332 2
1331 1371 4
1332 1333 2
1332 1372 5
1333 1334 2
1333 1373 3
1334 1335 2
1334 1374 4
1335 1336 2
1335 1375 5
1336 1337 2
1336 1376 1
1337 1338 3
1337 1377 5
1338 1339 4
1338 1378 3
1339 1340 1
1339 1379 5
1340 1341 4
1340 1380 3
1341 1342 4
1341 1381 2
1342 1343 4
1342 1382 2
1343 1344 5
1343 1383 3
1344 1345 2
1344 1384 4
1345 1346 4
1345 1385 1
1346 1347 2
1346 1386 1
1347 1348 5
1347 1387 3
1348 1349 2
1348 1388 2
1349 1350 5
1349 1389 2
1350 1351 5
1350 1390 3
1351 1352 4
1351 1391 5
1352 1353 2
1352 1392 5
1353 1354 2
1353 1393 1
1354 1355 5
1354 1394 1
1355 1356 5
1355 1395 5
1356 1357 4
1356 1396 4
1357 1358 1
1357 1397 1
1358 1359 5
1358 1398 4
1359 1360 4
1359 1399 5
1360 1400 3
1361 1362 2
1361 1401 4
1362 1363 4
1362 1402 5
1363 1364 3
1363 1403 2
1364 1365 1
1364 1404 1
1365 1366 1
1365 1405 2
1366 1367 1
1366 1406 5
1367 1368 1
1367 1407 4
1368 1369 5
1368 1408 2
1369 1370 2
1369 1409 2
1370 1371 2
1370 1410 1
1371 1372 3
1371 1411 3
1372 1373 4
1372 1412 1
1373 1374 5
1373 1413 5
1374 1375 5
1374 1414 3
1375 1376 1
1375 1415 2
1376 1377 4
1376 1416 3
1377 1378 2
1377 1417 3
1378 1379 2
1378 1418 2
1379 1380 4
1379 1419 3
1380 1381 4
1380 1420 1
1381 1382 4
1381 1421 3
1382 1383 4
1382 1422 3
1383 1384 2
1383 1423 4
1384 1385 2
1384 1424 1
1385 1386 5
1385 1425 1
1386 1387 3
1386 1426 5
1387 1388 3
1387 1427 1
1388 1389 2
1388 1428 5
1389 1390 5
1389 1429 3
1390 1391 4
1390 1430 2
1391 1392 3
1391 1431 2
1392 1393 4
1392 1432 1
1393 1394 2
1393 1433 1
1394 1395 1
1394 1434 2
1395 1396 5
1395 1435 2
1396 1397 3
1396 1436 3
1397 1398 4
1397 1437 5
1398 1399 3
1398 1438 5
1399 1400 4
1399 1439 5
1400 1440 5
1401 1402 3
1401 1441 5
1402 1403 2
1402 1442 4
1403 1404 2
1403 1443 5
1404 1405 4
1404 1444 1
1405 1406 4
1405 1445 5
1406 1407 3
1406 1446 2
1407 1408 3
1407 1447 1
1408 1409 2
1408 1448 5
1409 1410 3
1409 1449 1
1410 1411 2
1410 1450 3
1411 1412 1
1411 1451 3
1412 1413 2
1412 1452 2
1413 1414 2
1413 1453 1
1414 1415 1
1414 1454 2
1415 1416 5
1415 1455 1
1416 1417 3
1416 1456 4
1417 1418 3
1417 1457 4
1418 1419 3
1418 1458 4
1419 1420 4
1419 1459 4
1420 1421 2
1420 1460 4
1421 1422 2
1421 1461 2
1422 1423 3
1422 1462 4
1423 1424 3
1423 1463 2
1424 1425 1
1424 1464 5
1425 1426 3
1425 1465 1
1426 1427 2
1426 1466 5
1427 1428 3
1427 1467 5
1428 1429 2
1428 1468 1
1429 1430 4
1429 1469 3
1430 1431 4
1430 1470 3
1431 1432 3
1431 1471 1
1432 1433 3
1432 1472 5
1433 1434 2
1433 1473 3
1434 1435 4
1434 1474 1
1435 1436 4
1435 1475 1
1436 1437 1
1436 1476 3
1437 1438 4
1437 1477 4
1438 1439 4
1438 1478 2
1439 1440 2
1439 1479 5
1440 1480 5
1441 1442 4
1441 1481 1
1442 1443 1
1442 1482 5
1443 1444 5
1443 1483 2
1444 1445 5
1444 1484 5
1445 1446 2
1445 1485 2
1446 1447 3
1446 1486 5
1447 1448 1
1447 1487 2
1448 1449 1
1448 1488 1
1449 1450 5
1449 1489 3
1450 1451 4
1450 1490 4
1451 1452 2
1451 1491 5
1452 1453 4
1452 1492 1
1453 1454 2
1453 1493 1
1454 1455 2
1454 1494 4
1455 1456 1
1455 1495 3
1456 1457 5
1456 1496 3
1457 1458 5
1457 1497 5
1458 1459 4
1458 1498 2
1459 1460 4
1459 1499 1
1460 1461 4
1460 1500 2
1461 1462 2
1461 1501 2
1462 1463 2
1462 1502 1
1463 1464 4
1463 1503 3
1464 1465 5
1464 1504 3
1465 1466 1
1465 1505 1
1466 1467 3
1466 1506 2
1467 1468 4
1467 1507 2
1468 1469 2
1468 1508 1
1469 1470 3
1469 1509 4
1470 1471 4
1470 1510 3
1471 1472 1
1471 1511 4
1472 1473 4
1472 1512 1
1473 1474 2
1473 1513 2
1474 1475 2
1474 1514 4
1475 1476 2
1475 1515 3
1476 1477 5
1476 1516 1
1477 1478 4
1477 1517 4
1478 1479 5
1478 1518 3
1479 1480 3
1479 1519 2
1480 1520 3
1481 1482 1
1481 1521 2
1482 1483 1
1482 1522 5
1483 1484 3
1483 1523 4
1484 1485 5
1484 1524 2
1485 1486 2
1485 1525 5
1486 1487 2
1486 1526 2
1487 1488 1
1487 1527 2
1488 1489 5
1488 1528 3
1489 1490 5
1489 1529 5
1490 1491 5
1490 1530 3
1491 1492 5
1491 1531 2
1492 1493 5
1492 1532 3
1493 1494 2
1493 1533 5
1494 1495 1
1494 1534 4
1495 1496 5
1495 1535 3
1496 1497 2
1496 1536 3
1497 1498 1
1497 1537 4
1498 1499 1
1498 1538 5
1499 1500 5
1499 1539 1
1500 1501 5
1500 1540 4
1501 1502 3
1501 1541 5
1502 1503 5
1502 1542 1
1503 1504 2
1503 1543 4
1504 1505 1
1504 1544 5
1505 1506 1
1505 1545 5
1506 1507 1
1506 1546 1
1507 1508 3
1507 1547 1
1508 1509 4
1508 1548 3
1509 1510 2
1509 1549 2
1510 1511 5
1510 1550 2
1511 1512 2
1511 1551 3
1512 1513 1
1512 1552 1
1513 1514 3
1513 1553 1
1514 1515 5
1514 1554 5
1515 1516 5
1515 1555 1
1516 1517 5
1516 1556 1
1517 1518 3
1517 1557 5
1518 1519 4
1518 1558 4
1519 1520 1
1519 1559 4
1520 1560 1
1521 1522 5
1521 1561 5
1522 1523 4
1522 1562 5
1523 1524 3
1523 1563 2
1524 1525 2
1524 1564 5
1525 1526 1
1525 1565 5
1526 1527 5
1526 1566 4
1527 1528 4
1527 1567 3
1528 1529 4
1528 1568 5
1529 1530 3
1529 1569 3
1530 1531 5
1530 1570 4
1531 1532 1
1531 1571 3
1532 1533 2
1532 1572 4
1533 1534 1
1533 1573 5
1534 1535 4
1534 1574 5
1535 1536 2
1535 1575 2
1536 1537 2
1536 1576 5
1537 1538 4
1537 1577 5
1538 1539 5
1538 1578 1
1539 1540 3
1539 1579 2
1540 1541 4
1540 1580 3
1541 1542 2
1541 1581 3
1542 1543 4
1542 1582 2
1543 1544 1
1543 1583 3
1544 1545 5
1544 1584 1
1545 1546 2
1545 1585 5
1546 1547 1
1546 1586 4
1547 1548 2
1547 1587 4
1548 1549 3
1548 1588 1
1549 1550 3
1549 1589 2
1550 1551 3
1550 1590 2
1551 1552 5
1551 1591 4
1552 1553 1
1552 1592 1
1553 1554 2
1553 1593 2
1554 1555 4
1554 1594 5
1555 1556 1
1555 1595 5
1556 1557 2
1556 1596 3
1557 1558 1
1557 1597 4
1558 1559 1
1558 1598 4
1559 1560 2
1559 1599 1
1560 1600 1
1561 1562 4
1562 1563 5
1563 1564 2
1564 1565 2
1565 1566 2
1566 1567 2
1567 1568 4
1568 1569 1
1569 1570 5
1570 1571 4
1571 1572 5
1572 1573 4
1573 1574 4
1574 1575 4
1575 1576 3
1576 1577 3
1577 1578 1
1578 1579 4
1579 1580 1
1580 1581 3
1581 1582 5
1582 1583 2
1583 1584 2
1584 1585 4
1585 1586 1
1586 1587 2
1587 1588 1
1588 1589 2
1589 1590 3
1590 1591 4
1591 1592 2
1592 1593 4
1593 1594 4
1594 1595 5
1595 1596 3
1596 1597 3
1597 1598 5
1598 1599 4
1599 1600 2
1 1561 3
2 1562 2
3 1563 5
4 1564 1
5 1565 5
6 1566 5
7 1567 2
8 1568 3
9 1569 2
10 1570 4
11 1571 4
12 1572 1
13 1573 4
14 1574 3
15 1575 3
16 1576 5
17 1577 3
18 1578 1
19 1579 4
20 1580 2
21 1581 1
22 1582 2
23 1583 5
24 1584 4
25 1585 1
26 1586 5
27 1587 1
28 1588 1
29 1589 2
30 1590 4
31 1591 1
32 1592 1
33 1593 1
34 1594 4
35 1595 2
36 1596 5
37 1597 1
38 1598 3
39 1599 3
40 1600 3
1 40 1
41 80 1
81 120 1
121 160 1
161 200 4
201 240 1
241 280 3
281 320 3
321 360 2
361 400 3
401 440 5
441 480 1
481 520 1
521 560 5
561 600 4
601 640 3
641 680 2
681 720 5
721 760 2
761 800 5
801 840 3
841 880 3
881 920 1
921 960 3
961 1000 4
1001 1040 5
1041 1080 2
1081 1120 1
1121 1160 2
1161 1200 3
1201 1240 2
1241 1280 2
1281 1320 3
1321 1360 5
1361 1400 2
1401 1440 1
1441 1480 5
1481 1520 4
1521 1560 2
1561 1600 1
