1600 3200
1 2 4
1 41 3
2 3 3
2 42 1
3 4 5
3 43 1
4 5 4
4 44 2
5 6 4
5 45 3
6 7 1
6 46 5
7 8 5
7 47 5
8 9 4
8 48 2
9 10 5
9 49 1
10 11 1
10 50 3
11 12 3
11 51 4
12 13 3
12 52 1
13 14 4
13 53 3
14 15 5
14 54 1
15 16 2
15 55 2
16 17 5
16 56 4
17 18 1
17 57 2
18 19 5
18 58 2
19 20 2
19 59 5
20 21 2
20 60 2
21 22 3
21 61 5
22 23 3
22 62 3
23 24 5
23 63 5
24 25 4
24 64 3
25 26 1
25 65 4
26 27 3
26 66 1
27 28 3
27 67 4
28 29 4
28 68 1
29 30 1
29 69 2
30 31 5
30 70 1
31 32 3
31 71 4
32 33 3
32 72 1
33 34 4
33 73 4
34 35 2
34 74 4
35 36 3
35 75 3
36 37 3
36 76 3
37 38 1
37 77 4
38 39 3
38 78 5
39 40 4
39 79 5
40 80 4
41 42 4
41 81 1
42 43 5
42 82 3
43 44 2
43 83 3
44 45 3
44 84 4
45 46 2
45 85 4
46 47 5
46 86 5
47 48 4
47 87 2
48 49 5
48 88 5
49 50 3
49 89 4
50 51 5
50 90 4
51 52 2
51 91 5
52 53 4
52 92 5
53 54 3
53 93 4
54 55 5
54 94 1
55 56 2
55 95 2
56 57 2
56 96 2
57 58 1
57 97 2
58 59 1
58 98 4
59 60 5
59 99 4
60 61 3
60 100 1
61 62 4
61 101 3
62 63 2
62 102 5
63 64 2
63 103 3
64 65 3
64 104 5
65 66 3
65 105 5
66 67 2
66 106 1
67 68 3
67 107 2
68 69 2
68 108 5
69 70 1
69 109 3
70 71 3
70 110 4
71 72 5
71 111 1
72 73 1
72 112 1
73 74 4
73 113 3
74 75 1
74 114 4
75 76 2
75 115 4
76 77 1
76 116 4
77 78 4
77 117 4
78 79 4
78 118 3
79 80 1
79 119 3
80 120 1
81 82 5
81 121 4
82 83 5
82 122 2
83 84 3
83 123 4
84 85 3
84 124 2
85 86 5
85 125 4
86 87 5
86 126 2
87 88 5
87 127 3
88 89 5
88 128 1
89 90 4
89 129 2
90 91 4
90 130 5
91 92 5
91 131 4
92 93 5
92 132 2
93 94 4
93 133 2
94 95 4
94 134 3
95 96 5
95 135 3
96 97 2
96 136 2
97 98 4
97 137 5
98 99 4
98 138 1
99 100 4
99 139 1
100 101 2
100 140 4
101 102 3
101 141 3
102 103 4
102 142 2
103 104 3
103 143 1
104 105 2
104 144 4
105 106 4
105 145 5
106 107 3
106 146 5
107 108 2
107 147 5
108 109 5
108 148 4
109 110 1
109 149 1
110 111 3
110 150 5
111 112 1
111 151 1
112 113 2
112 152 4
113 114 2
113 153 3
114 115 1
114 154 2
115 116 5
115 155 4
116 117 3
116 156 4
117 118 5
117 157 2
118 119 2
118 158 5
119 120 2
119 159 4
120 160 5
121 122 2
121 161 5
122 123 4
122 162 3
123 124 5
123 163 4
124 125 1
124 164 1
125 126 4
125 165 1
126 127 5
126 166 4
127 128 5
127 167 4
128 129 1
128 168 5
129 130 2
129 169 5
130 131 4
130 170 5
131 132 4
131 171 2
132 133 2
132 172 4
133 134 4
133 173 2
134 135 4
134 174 2
135 136 4
135 175 1
136 137 4
136 176 3
137 138 4
137 177 3
138 139 5
138 178 3
139 140 3
139 179 4
140 141 1
140 180 4
141 142 2
141 181 1
142 143 4
142 182 3
143 144 4
143 183 5
144 145 3
144 184 1
145 146 4
145 185 5
146 147 2
146 186 4
147 148 4
147 187 1
148 149 2
148 188 2
149 150 1
149 189 4
150 151 5
150 190 2
151 152 2
151 191 2
152 153 1
152 192 1
153 154 2
153 193 2
154 155 3
154 194 5
155 156 4
155 195 5
156 157 2
156 196 1
157 158 4
157 197 2
158 159 3
158 198 5
159 160 3
159 199 5
160 200 3
161 162 3
161 201 1
162 163 5
162 202 4
163 164 4
163 203 5
164 165 4
164 204 4
165 166 1
165 205 3
166 167 4
166 206 4
167 168 1
167 207 5
168 169 1
168 208 2
169 170 5
169 209 5
170 171 5
170 210 5
171 172 2
171 211 1
172 173 4
172 212 4
173 174 4
173 213 1
174 175 5
174 214 2
175 176 3
175 215 4
176 177 1
176 216 4
177 178 2
177 217 5
178 179 4
178 218 5
179 180 5
179 219 4
180 181 4
180 220 5
181 182 3
181 221 4
182 183 3
182 222 2
183 184 1
183 223 5
184 185 1
184 224 2
185 186 2
185 225 3
186 187 5
186 226 4
187 188 3
187 227 1
188 189 3
188 228 3
189 190 1
189 229 2
190 191 5
190 230 5
191 192 4
191 231 1
192 193 2
192 232 3
193 194 3
193 233 2
194 195 3
194 234 5
195 196 3
195 235 5
196 197 1
196 236 4
197 198 3
197 237 1
198 199 5
198 238 1
199 200 1
199 239 5
200 240 5
201 202 5
201 241 3
202 203 4
202 242 1
203 204 4
203 243 1
204 205 3
204 244 3
205 206 5
205 245 2
206 207 1
206 246 1
207 208 1
207 247 1
208 209 4
208 248 5
209 210 5
209 249 5
210 211 5
210 250 3
211 212 2
211 251 1
212 213 2
212 252 2
213 214 5
213 253 3
214 215 3
214 254 5
215 216 4
215 255 3
216 217 1
216 256 4
217 218 1
217 257 3
218 219 5
218 258 1
219 220 4
219 259 4
220 221 2
220 260 4
221 222 2
221 261 1
222 223 1
222 262 1
223 224 5
223 263 1
224 225 4
224 264 1
225 226 1
225 265 4
226 227 4
226 266 2
227 228 5
227 267 5
228 229 1
228 268 5
229 230 5
229 269 5
230 231 2
230 270 5
231 232 2
231 271 2
232 233 3
232 272 5
233 234 5
233 273 3
234 235 5
234 274 1
235 236 5
235 275 3
236 237 4
236 276 3
237 238 1
237 277 4
238 239 5
238 278 1
239 240 3
239 279 5
240 280 2
241 242 5
241 281 5
242 243 1
242 282 3
243 244 1
243 283 1
244 245 1
244 284 3
245 246 2
245 285 3
246 247 3
246 286 3
247 248 2
247 287 3
248 249 2
248 288 5
249 250 4
249 289 2
250 251 3
250 290 1
251 252 5
251 291 2
252 253 2
252 292 5
253 254 4
253 293 1
254 255 4
254 294 3
255 256 1
255 295 2
256 257 2
256 296 3
257 258 5
257 297 1
258 259 3
258 298 2
259 260 1
259 299 3
260 261 3
260 300 1
261 262 1
261 301 5
262 263 2
262 302 5
263 264 2
263 303 3
264 265 5
264 304 1
265 266 1
265 305 2
266 267 2
266 306 3
267 268 3
267 307 2
268 269 1
268 308 4
269 270 5
269 309 4
270 271 5
270 310 3
271 272 1
271 311 1
272 273 1
272 312 4
273 274 5
273 313 1
274 275 1
274 314 1
275 276 2
275 315 5
276 277 3
276 316 1
277 278 4
277 317 2
278 279 5
278 318 1
279 280 4
279 319 5
280 320 3
281 282 1
281 321 3
282 283 4
282 322 1
283 284 3
283 323 4
284 285 3
284 324 5
285 286 4
285 325 1
286 287 5
286 326 4
287 288 3
287 327 5
288 289 1
288 328 4
289 290 2
289 329 3
290 291 3
290 330 3
291 292 5
291 331 3
292 293 1
292 332 3
293 294 2
293 333 1
294 295 3
294 334 3
295 296 2
295 335 4
296 297 2
296 336 5
297 298 1
297 337 4
298 299 4
298 338 3
299 300 4
299 339 4
300 301 5
300 340 1
301 302 2
301 341 2
302 303 3
302 342 1
303 304 4
303 343 5
304 305 4
304 344 5
305 306 5
305 345 5
306 307 2
306 346 3
307 308 3
307 347 2
308 309 3
308 348 3
309 310 3
309 349 2
310 311 2
310 350 5
311 312 1
311 351 3
312 313 1
312 352 4
313 314 3
313 353 2
314 315 3
314 354 2
315 316 1
315 355 2
316 317 1
316 356 3
317 318 5
317 357 3
318 319 2
318 358 4
319 320 4
319 359 3
320 360 1
321 322 1
321 361 4
322 323 1
322 362 4
323 324 1
323 363 5
324 325 4
324 364 4
325 326 4
325 365 4
326 327 5
326 366 3
327 328 3
327 367 4
328 329 5
328 368 5
329 330 4
329 369 1
330 331 5
330 370 4
331 332 3
331 371 1
332 333 2
332 372 2
333 334 5
333 373 2
334 335 2
334 374 1
335 336 1
335 375 3
336 337 3
336 376 5
337 338 3
337 377 5
338 339 4
338 378 3
339 340 3
339 379 1
340 341 4
340 380 1
341 342 5
341 381 5
342 343 2
342 382 4
343 344 5
343 383 2
344 345 4
344 384 4
345 346 1
345 385 4
346 347 5
346 386 1
347 348 4
347 387 2
348 349 2
348 388 2
349 350 1
349 389 2
350 351 3
350 390 5
351 352 2
351 391 2
352 353 1
352 392 4
353 354 1
353 393 1
354 355 4
354 394 4
355 356 2
355 395 2
356 357 1
356 396 3
357 358 3
357 397 2
358 359 4
358 398 1
359 360 5
359 399 5
360 400 3
361 362 4
361 401 4
362 363 4
362 402 5
363 364 4
363 403 5
364 365 1
364 404 4
365 366 3
365 405 4
366 367 2
366 406 3
367 368 1
367 407 1
368 369 2
368 408 1
369 370 2
369 409 3
370 371 4
370 410 4
371 372 5
371 411 2
372 373 1
372 412 3
373 374 2
373 413 3
374 375 2
374 414 4
375 376 3
375 415 1
376 377 2
376 416 3
377 378 1
377 417 2
378 379 3
378 418 5
379 380 4
379 419 5
380 381 4
380 420 3
381 382 2
381 421 3
382 383 1
382 422 1
383 384 2
383 423 5
384 385 5
384 424 3
385 386 4
385 425 3
386 387 5
386 426 3
387 388 1
387 427 4
388 389 2
388 428 3
389 390 4
389 429 1
390 391 3
390 430 1
391 392 2
391 431 2
392 393 3
392 432 3
393 394 3
393 433 3
394 395 1
394 434 3
395 396 2
395 435 1
396 397 1
396 436 2
397 398 4
397 437 3
398 399 5
398 438 4
399 400 4
399 439 2
400 440 4
401 402 1
401 441 3
402 403 2
402 442 2
403 404 2
403 443 2
404 405 4
404 444 1
405 406 2
405 445 5
406 407 4
406 446 3
407 408 5
407 447 5
408 409 5
408 448 4
409 410 5
409 449 4
410 411 5
410 450 1
411 412 1
411 451 3
412 413 2
412 452 3
413 414 1
413 453 1
414 415 5
414 454 1
415 416 2
415 455 1
416 417 3
416 456 1
417 418 2
417 457 1
418 419 2
418 458 4
419 420 2
419 459 5
420 421 3
420 460 4
421 422 2
421 461 2
422 423 3
422 462 2
423 424 1
423 463 4
424 425 2
424 464 4
425 426 1
425 465 5
426 427 3
426 466 2
427 428 2
427 467 5
428 429 3
428 468 5
429 430 3
429 469 5
430 431 1
430 470 2
431 432 4
431 471 5
432 433 5
432 472 5
433 434 5
433 473 4
434 435 2
434 474 3
435 436 5
435 475 4
436 437 3
436 476 4
437 438 3
437 477 2
438 439 1
438 478 3
439 440 2
439 479 5
440 480 1
441 442 2
441 481 3
442 443 5
442 482 5
443 444 3
443 483 1
444 445 4
444 484 1
445 446 3
445 485 2
446 447 2
446 486 1
447 448 2
447 487 2
448 449 2
448 488 5
449 450 5
449 489 4
450 451 4
450 490 1
451 452 1
451 491 5
452 453 3
452 492 5
453 454 1
453 493 3
454 455 2
454 494 3
455 456 2
455 495 4
456 457 1
456 496 4
457 458 4
457 497 5
458 459 3
458 498 2
459 460 2
459 499 4
460 461 5
460 500 3
461 462 1
461 501 2
462 463 3
462 502 2
463 464 3
463 503 3
464 465 5
464 504 2
465 466 5
465 505 2
466 467 5
466 506 1
467 468 3
467 507 4
468 469 3
468 508 1
469 470 1
469 509 1
470 471 5
470 510 2
471 472 4
471 511 4
472 473 1
472 512 2
473 474 4
473 513 1
474 475 3
474 514 5
475 476 5
475 515 3
476 477 1
476 516 4
477 478 3
477 517 4
478 479 1
478 518 3
479 480 1
479 519 5
480 520 2
481 482 2
481 521 3
482 483 3
482 522 5
483 484 5
483 523 1
484 485 4
484 524 4
485 486 2
485 525 2
486 487 3
486 526 5
487 488 4
487 527 3
488 489 1
488 528 1
489 490 1
489 529 3
490 491 1
490 530 5
491 492 3
491 531 1
492 493 5
492 532 5
493 494 1
493 533 4
494 495 2
494 534 4
495 496 1
495 535 1
496 497 3
496 536 1
497 498 1
497 537 2
498 499 5
498 538 1
499 500 2
499 539 5
500 501 5
500 540 2
501 502 2
501 541 2
502 503 5
502 542 4
503 504 4
503 543 5
504 505 1
504 544 2
505 506 3
505 545 2
506 507 5
506 546 2
507 508 5
507 547 1
508 509 5
508 548 4
509 510 2
509 549 2
510 511 1
510 550 5
511 512 3
511 551 5
512 513 4
512 552 5
513 514 5
513 553 4
514 515 1
514 554 5
515 516 3
515 555 2
516 517 1
516 556 1
517 518 5
517 557 1
518 519 4
518 558 1
519 520 1
519 559 3
520 560 5
521 522 1
521 561 4
522 523 5
522 562 2
523 524 2
523 563 4
524 525 1
524 564 5
525 526 4
525 565 2
526 527 4
526 566 1
527 528 1
527 567 2
528 529 4
528 568 4
529 530 5
529 569 4
530 531 4
530 570 1
531 532 1
531 571 5
532 533 4
532 572 1
533 534 2
533 573 2
534 535 2
534 574 2
535 536 3
535 575 5
536 537 1
536 576 2
537 538 5
537 577 5
538 539 2
538 578 2
539 540 2
539 579 2
540 541 5
540 580 4
541 542 2
541 581 3
542 543 5
542 582 4
543 544 5
543 583 3
544 545 3
544 584 2
545 546 5
545 585 3
546 547 4
546 586 4
547 548 3
547 587 2
548 549 3
548 588 5
549 550 3
549 589 5
550 551 1
550 590 4
551 552 2
551 591 4
552 553 3
552 592 5
553 554 2
553 593 3
554 555 3
554 594 3
555 556 2
555 595 4
556 557 3
556 596 2
557 558 1
557 597 3
558 559 4
558 598 2
559 560 2
559 599 1
560 600 4
561 562 3
561 601 1
562 563 1
562 602 3
563 564 3
563 603 4
564 565 2
564 604 4
565 566 3
565 605 5
566 567 2
566 606 3
567 568 3
567 607 4
568 569 4
568 608 2
569 570 3
569 609 4
570 571 3
570 610 2
571 572 1
571 611 2
572 573 3
572 612 5
573 574 1
573 613 3
574 575 3
574 614 5
575 576 1
575 615 1
576 577 1
576 616 3
577 578 2
577 617 4
578 579 2
578 618 4
579 580 4
579 619 2
580 581 2
580 620 3
581 582 2
581 621 5
582 583 4
582 622 5
583 584 4
583 623 2
584 585 5
584 624 5
585 586 2
585 625 3
586 587 2
586 626 4
587 588 3
587 627 3
588 589 5
588 628 4
589 590 1
589 629 4
590 591 1
590 630 3
591 592 1
591 631 1
592 593 4
592 632 1
593 594 2
593 633 3
594 595 4
594 634 4
595 596 2
595 635 3
596 597 1
596 636 2
597 598 2
597 637 4
598 599 2
598 638 1
599 600 1
599 639 3
600 640 1
601 602 1
601 641 2
602 603 3
602 642 5
603 604 5
603 643 3
604 605 1
604 644 3
605 606 4
605 645 5
606 607 4
606 646 3
607 608 1
607 647 1
608 609 5
608 648 3
609 610 3
609 649 5
610 611 1
610 650 1
611 612 5
611 651 2
612 613 3
612 652 4
613 614 1
613 653 5
614 615 3
614 654 5
615 616 3
615 655 4
616 617 1
616 656 2
617 618 4
617 657 5
618 619 3
618 658 2
619 620 5
619 659 4
620 621 4
620 660 1
621 622 3
621 661 3
622 623 5
622 662 2
623 624 1
623 663 5
624 625 3
624 664 5
625 626 4
625 665 4
626 627 2
626 666 1
627 628 1
627 667 3
628 629 1
628 668 1
629 630 2
629 669 5
630 631 4
630 670 5
631 632 4
631 671 5
632 633 3
632 672 3
633 634 4
633 673 4
634 635 2
634 674 5
635 636 1
635 675 2
636 637 1
636 676 4
637 638 4
637 677 1
638 639 3
638 678 2
639 640 3
639 679 3
640 680 4
641 642 1
641 681 1
642 643 1
642 682 5
643 644 5
643 683 4
644 645 3
644 684 2
645 646 3
645 685 3
646 647 1
646 686 3
647 648 1
647 687 1
648 649 5
648 688 4
649 650 5
649 689 2
650 651 2
650 690 5
651 652 1
651 691 3
652 653 5
652 692 1
653 654 3
653 693 3
654 655 3
654 694 1
655 656 2
655 695 5
656 657 3
656 696 4
657 658 3
657 697 5
658 659 3
658 698 2
659 660 2
659 699 4
660 661 3
660 700 5
661 662 4
661 701 5
662 663 1
662 702 4
663 664 3
663 703 4
664 665 1
664 704 3
665 666 3
665 705 5
666 667 2
666 706 2
667 668 5
667 707 2
668 669 4
668 708 2
669 670 1
669 709 5
670 671 5
670 710 4
671 672 4
671 711 1
672 673 3
672 712 5
673 674 4
673 713 4
674 675 5
674 714 1
675 676 3
675 715 3
676 677 3
676 716 2
677 678 1
677 717 1
678 679 1
678 718 5
679 680 2
679 719 1
680 720 1
681 682 5
681 721 2
682 683 1
682 722 1
683 684 4
683 723 4
684 685 2
684 724 1
685 686 5
685 725 4
686 687 1
686 726 5
687 688 2
687 727 2
688 689 5
688 728 5
689 690 3
689 729 2
690 691 4
690 730 5
691 692 2
691 731 3
692 693 3
692 732 1
693 694 1
693 733 2
694 695 4
694 734 5
695 696 4
695 735 5
696 697 1
696 736 1
697 698 4
697 737 2
698 699 4
698 738 5
699 700 4
699 739 2
700 701 5
700 740 4
701 702 4
701 741 3
702 703 5
702 742 3
703 704 5
703 743 1
704 705 5
704 744 5
705 706 3
705 745 2
706 707 1
706 746 1
707 708 3
707 747 4
708 709 5
708 748 2
709 710 1
709 749 1
710 711 2
710 750 4
711 712 3
711 751 5
712 713 2
712 752 4
713 714 2
713 753 1
714 715 1
714 754 2
715 716 2
715 755 2
716 717 2
716 756 4
717 718 1
717 757 5
718 719 2
718 758 2
719 720 4
719 759 5
720 760 1
721 722 2
721 761 2
722 723 4
722 762 3
723 724 3
723 763 2
724 725 2
724 764 2
725 726 2
725 765 3
726 727 4
726 766 1
727 728 5
727 767 3
728 729 3
728 768 3
729 730 5
729 769 1
730 731 4
730 770 5
731 732 4
731 771 1
732 733 3
732 772 5
733 734 1
733 773 3
734 735 1
734 774 4
735 736 5
735 775 5
736 737 3
736 776 4
737 738 4
737 777 5
738 739 3
738 778 5
739 740 2
739 779 4
740 741 2
740 780 3
741 742 1
741 781 1
742 743 5
742 782 3
743 744 3
743 783 4
744 745 1
744 784 1
745 746 1
745 785 5
746 747 3
746 786 2
747 748 3
747 787 4
748 749 2
748 788 1
749 750 4
749 789 2
750 751 3
750 790 5
751 752 4
751 791 1
752 753 1
752 792 2
753 754 1
753 793 4
754 755 2
754 794 3
755 756 3
755 795 3
756 757 4
756 796 5
757 758 4
757 797 5
758 759 4
758 798 1
759 760 4
759 799 2
760 800 5
761 762 5
761 801 4
762 763 3
762 802 5
763 764 4
763 803 5
764 765 4
764 804 1
765 766 4
765 805 4
766 767 4
766 806 3
767 768 5
767 807 5
768 769 3
768 808 3
769 770 3
769 809 5
770 771 2
770 810 5
771 772 3
771 811 4
772 773 4
772 812 3
773 774 2
773 813 5
774 775 2
774 814 2
775 776 5
775 815 3
776 777 5
776 816 2
777 778 2
777 817 2
778 779 3
778 818 2
779 780 5
779 819 2
780 781 1
780 820 1
781 782 4
781 821 4
782 783 5
782 822 2
783 784 4
783 823 1
784 785 4
784 824 3
785 786 3
785 825 4
786 787 1
786 826 1
787 788 1
787 827 1
788 789 3
788 828 4
789 790 2
789 829 3
790 791 5
790 830 2
791 792 2
791 831 3
792 793 4
792 832 2
793 794 2
793 833 3
794 795 3
794 834 1
795 796 4
795 835 3
796 797 1
796 836 2
797 798 4
797 837 5
798 799 5
798 838 4
799 800 5
799 839 4
800 840 2
801 802 1
801 841 4
802 803 1
802 842 4
803 804 1
803 843 3
804 805 1
804 844 3
805 806 4
805 845 1
806 807 5
806 846 2
807 808 1
807 847 3
808 809 4
808 848 4
809 810 1
809 849 2
810 811 2
810 850 4
811 812 3
811 851 5
812 813 5
812 852 1
813 814 1
813 853 5
814 815 1
814 854 2
815 816 4
815 855 5
816 817 4
816 856 5
817 818 4
817 857 3
818 819 2
818 858 5
819 820 2
819 859 3
820 821 1
820 860 2
821 822 4
821 861 3
822 823 4
822 862 1
823 824 4
823 863 5
824 825 3
824 864 1
825 826 3
825 865 4
826 827 5
826 866 5
827 828 4
827 867 3
828 829 1
828 868 5
829 830 2
829 869 4
830 831 2
830 870 4
831 832 1
831 871 3
832 833 1
832 872 4
833 834 2
833 873 5
834 835 4
834 874 1
835 836 4
835 875 4
836 837 3
836 876 3
837 838 3
837 877 3
838 839 5
838 878 2
839 840 4
839 879 4
840 880 3
841 842 5
841 881 2
842 843 5
842 882 1
843 844 3
843 883 2
844 845 1
844 884 5
845 846 5
845 885 1
846 847 3
846 886 4
847 848 5
847 887 3
848 849 1
848 888 2
849 850 3
849 889 4
850 851 1
850 890 3
851 852 1
851 891 4
852 853 5
852 892 3
853 854 1
853 893 1
854 855 1
854 894 3
855 856 3
855 895 1
856 857 3
856 896 5
857 858 2
857 897 1
858 859 1
858 898 1
859 860 4
859 899 5
860 861 3
860 900 5
861 862 5
861 901 4
862 863 1
862 902 4
863 864 1
863 903 2
864 865 3
864 904 4
865 866 4
865 905 4
866 867 5
866 906 5
867 868 5
867 907 3
868 869 3
868 908 4
869 870 1
869 909 3
870 871 5
870 910 5
871 872 2
871 911 4
872 873 3
872 912 1
873 874 3
873 913 5
874 875 2
874 914 5
875 876 2
875 915 3
876 877 1
876 916 4
877 878 2
877 917 3
878 879 2
878 918 3
879 880 2
879 919 1
880 920 2
881 882 5
881 921 5
882 883 1
882 922 4
883 884 3
883 923 3
884 885 4
884 924 1
885 886 4
885 925 2
886 887 4
886 926 3
887 888 4
887 927 5
888 889 3
888 928 4
889 890 1
889 929 1
890 891 5
890 930 5
891 892 1
891 931 2
892 893 5
892 932 1
893 894 1
893 933 2
894 895 1
894 934 4
895 896 4
895 935 4
896 897 5
896 936 2
897 898 1
897 937 4
898 899 5
898 938 3
899 900 1
899 939 5
900 901 5
900 940 3
901 902 1
901 941 3
902 903 3
902 942 2
903 904 5
903 943 3
904 905 1
904 944 5
905 906 3
905 945 1
906 907 2
906 946 1
907 908 3
907 947 3
908 909 5
908 948 1
909 910 2
909 949 4
910 911 1
910 950 3
911 912 1
911 951 1
912 913 1
912 952 3
913 914 4
913 953 1
914 915 1
914 954 3
915 916 2
915 955 4
916 917 3
916 956 3
917 918 5
917 957 1
918 919 1
918 958 2
919 920 1
919 959 2
920 960 3
921 922 1
921 961 3
922 923 1
922 962 4
923 924 5
923 963 5
924 925 1
924 964 4
925 926 1
925 965 3
926 927 2
926 966 4
927 928 5
927 967 3
928 929 4
928 968 2
929 930 3
929 969 3
930 931 3
930 970 4
931 932 2
931 971 2
932 933 2
932 972 4
933 934 4
933 973 1
934 935 5
934 974 5
935 936 1
935 975 4
936 937 5
936 976 1
937 938 4
937 977 4
938 939 4
938 978 5
939 940 2
939 979 5
940 941 2
940 980 3
941 942 3
941 981 2
942 943 1
942 982 1
943 944 1
943 983 1
944 945 4
944 984 4
945 946 4
945 985 3
946 947 5
946 986 2
947 948 4
947 987 3
948 949 5
948 988 5
949 950 5
949 989 2
950 951 3
950 990 1
951 952 1
951 991 4
952 953 2
952 992 5
953 954 2
953 993 4
954 955 5
954 994 5
955 956 2
955 995 3
956 957 4
956 996 4
957 958 3
957 997 4
958 959 2
958 998 1
959 960 3
959 999 5
960 1000 3
961 962 4
961 1001 3
962 963 3
962 1002 1
963 964 5
963 1003 4
964 965 4
964 1004 2
965 966 2
965 1005 5
966 967 2
966 1006 4
967 968 2
967 1007 1
968 969 3
968 1008 4
969 970 4
969 1009 1
970 971 2
970 1010 4
971 972 3
971 1011 2
972 973 2
972 1012 2
973 974 3
973 1013 2
974 975 2
974 1014 5
975 976 3
975 1015 3
976 977 2
976 1016 3
977 978 2
977 1017 4
978 979 3
978 1018 4
979 980 2
979 1019 3
980 981 5
980 1020 2
981 982 1
981 1021 2
982 983 4
982 1022 2
983 984 1
983 1023 1
984 985 1
984 1024 3
985 986 2
985 1025 3
986 987 2
986 1026 1
987 988 3
987 1027 5
988 989 4
988 1028 1
989 990 1
989 1029 3
990 991 4
990 1030 4
991 992 3
991 1031 1
992 993 3
992 1032 3
993 994 2
993 1033 3
994 995 4
994 1034 2
995 996 4
995 1035 5
996 997 1
996 1036 4
997 998 3
997 1037 4
998 999 5
998 1038 1
999 1000 5
999 1039 1
1000 1040 1
1001 1002 1
1001 1041 2
1002 1003 5
1002 1042 3
1003 1004 2
1003 1043 3
1004 1005 2
1004 1044 1
1005 1006 3
1005 1045 1
1006 1007 3
1006 1046 4
1007 1008 5
1007 1047 3
1008 1009 5
1008 1048 4
1009 1010 1
1009 1049 1
1010 1011 4
1010 1050 5
1011 1012 1
1011 1051 3
1012 1013 4
1012 1052 3
1013 1014 4
1013 1053 5
1014 1015 5
1014 1054 1
1015 1016 3
1015 1055 5
1016 1017 3
1016 1056 1
1017 1018 5
1017 1057 2
1018 1019 3
1018 1058 5
1019 1020 4
1019 1059 4
1020 1021 4
1020 1060 4
1021 1022 4
1021 1061 5
1022 1023 2
1022 1062 5
1023 1024 3
1023 1063 5
1024 1025 1
1024 1064 5
1025 1026 2
1025 1065 5
1026 1027 1
1026 1066 3
1027 1028 2
1027 1067 2
1028 1029 1
1028 1068 2
1029 1030 3
1029 1069 3
1030 1031 2
1030 1070 2
1031 1032 1
1031 1071 1
1032 1033 3
1032 1072 4
1033 1034 5
1033 1073 4
1034 1035 1
1034 1074 2
1035 1036 4
1035 1075 5
1036 1037 4
1036 1076 1
1037 1038 4
1037 1077 2
1038 1039 4
1038 1078 5
1039 1040 5
1039 1079 4
1040 1080 3
1041 1042 3
1041 1081 2
1042 1043 5
1042 1082 3
1043 1044 2
1043 1083 1
1044 1045 3
1044 1084 3
1045 1046 3
1045 1085 5
1046 1047 4
1046 1086 2
1047 1048 3
1047 1087 3
1048 1049 3
1048 1088 2
1049 1050 1
1049 1089 3
1050 1051 2
1050 1090 5
1051 1052 2
1051 1091 3
1052 1053 4
1052 1092 3
1053 1054 2
1053 1093 1
1054 1055 4
1054 1094 3
1055 1056 3
1055 1095 1
1056 1057 4
1056 1096 5
1057 1058 4
1057 1097 3
1058 1059 4
1058 1098 3
1059 1060 1
1059 1099 4
1060 1061 5
1060 1100 5
1061 1062 4
1061 1101 2
1062 1063 3
1062 1102 1
1063 1064 5
1063 1103 2
1064 1065 3
1064 1104 1
1065 1066 1
1065 1105 4
1066 1067 4
1066 1106 3
1067 1068 1
1067 1107 5
1068 1069 2
1068 1108 1
1069 1070 5
1069 1109 1
1070 1071 2
1070 1110 4
1071 1072 3
1071 1111 4
1072 1073 2
1072 1112 5
1073 1074 5
1073 1113 1
1074 1075 3
1074 1114 3
1075 1076 2
1075 1115 5
1076 1077 4
1076 1116 4
1077 1078 5
1077 1117 5
1078 1079 2
1078 1118 3
1079 1080 3
1079 1119 4
1080 1120 5
1081 1082 5
1081 1121 1
1082 1083 4
1082 1122 2
1083 1084 2
1083 1123 4
1084 1085 3
1084 1124 5
1085 1086 1
1085 1125 4
1086 1087 2
1086 1126 4
1087 1088 5
1087 1127 5
1088 1089 5
1088 1128 5
1089 1090 2
1089 1129 4
1090 1091 2
1090 1130 5
1091 1092 4
1091 1131 5
1092 1093 4
1092 1132 2
1093 1094 3
1093 1133 1
1094 1095 4
1094 1134 5
1095 1096 5
1095 1135 1
1096 1097 1
1096 1136 2
1097 1098 5
1097 1137 3
1098 1099 4
1098 1138 5
1099 1100 4
1099 1139 4
1100 1101 4
1100 1140 1
1101 1102 2
1101 1141 3
1102 1103 2
1102 1142 5
1103 1104 3
1103 1143 4
1104 1105 2
1104 1144 1
1105 1106 5
1105 1145 1
1106 1107 3
1106 1146 3
1107 1108 1
1107 1147 2
1108 1109 5
1108 1148 5
1109 1110 1
1109 1149 5
1110 1111 5
1110 1150 3
1111 1112 3
1111 1151 1
1112 1113 5
1112 1152 2
1113 1114 3
1113 1153 1
1114 1115 4
1114 1154 4
1115 1116 4
1115 1155 1
1116 1117 1
1116 1156 5
1117 1118 5
1117 1157 2
1118 1119 1
1118 1158 3
1119 1120 5
1119 1159 4
1120 1160 5
1121 1122 2
1121 1161 4
1122 1123 1
1122 1162 5
1123 1124 3
1123 1163 3
1124 1125 5
1124 1164 5
1125 1126 2
1125 1165 4
1126 1127 5
1126 1166 2
1127 1128 1
1127 1167 5
1128 1129 3
1128 1168 1
1129 1130 3
1129 1169 4
1130 1131 3
1130 1170 4
1131 1132 3
1131 1171 4
1132 1133 1
1132 1172 1
1133 1134 2
1133 1173 3
1134 1135 5
1134 1174 2
1135 1136 5
1135 1175 5
1136 1137 4
1136 1176 2
1137 1138 4
1137 1177 4
1138 1139 4
1138 1178 1
1139 1140 5
1139 1179 5
1140 1141 4
1140 1180 5
1141 1142 1
1141 1181 4
1142 1143 1
1142 1182 1
1143 1144 4
1143 1183 3
1144 1145 3
1144 1184 1
1145 1146 1
1145 1185 1
1146 1147 3
1146 1186 1
1147 1148 2
1147 1187 2
1148 1149 1
1148 1188 5
1149 1150 3
1149 1189 3
1150 1151 1
1150 1190 1
1151 1152 5
1151 1191 5
1152 1153 3
1152 1192 2
1153 1154 2
1153 1193 2
1154 1155 1
1154 1194 4
1155 1156 5
1155 1195 3
1156 1157 1
1156 1196 3
1157 1158 1
1157 1197 4
1158 1159 5
1158 1198 3
1159 1160 1
1159 1199 1
1160 1200 5
1161 1162 1
1161 1201 5
1162 1163 3
1162 1202 4
1163 1164 4
1163 1203 5
1164 1165 2
1164 1204 2
1165 1166 2
1165 1205 4
1166 1167 5
1166 1206 4
1167 1168 2
1167 1207 3
1168 1169 1
1168 1208 4
1169 1170 4
1169 1209 3
1170 1171 5
1170 1210 4
1171 1172 2
1171 1211 2
1172 1173 5
1172 1212 1
1173 1174 2
1173 1213 5
1174 1175 5
1174 1214 4
1175 1176 2
1175 1215 3
1176 1177 3
1176 1216 2
1177 1178 1
1177 1217 2
1178 1179 3
1178 1218 2
1179 1180 1
1179 1219 2
1180 1181 2
1180 1220 4
1181 1182 4
1181 1221 1
1182 1183 2
1182 1222 3
1183 1184 5
1183 1223 3
1184 1185 1
1184 1224 3
1185 1186 1
1185 1225 4
1186 1187 4
1186 1226 2
1187 1188 4
1187 1227 4
1188 1189 1
1188 1228 1
1189 1190 3
1189 1229 4
1190 1191 4
1190 1230 5
1191 1192 1
1191 1231 1
1192 1193 4
1192 1232 5
1193 1194 3
1193 1233 4
1194 1195 1
1194 1234 5
1195 1196 2
1195 1235 1
1196 1197 3
1196 1236 2
1197 1198 4
1197 1237 4
1198 1199 4
1198 1238 3
1199 1200 1
1199 1239 5
1200 1240 1
1201 1202 2
1201 1241 5
1202 1203 2
1202 1242 3
1203 1204 5
1203 1243 3
1204 1205 3
1204 1244 4
1205 1206 1
1205 1245 1
1206 1207 4
1206 1246 5
1207 1208 3
1207 1247 1
1208 1209 1
1208 1248 5
1209 1210 5
1209 1249 1
1210 1211 1
1210 1250 5
1211 1212 5
1211 1251 5
1212 1213 3
1212 1252 2
1213 1214 2
1213 1253 3
1214 1215 2
1214 1254 4
1215 1216 1
1215 1255 1
1216 1217 5
1216 1256 3
1217 1218 3
1217 1257 2
1218 1219 5
1218 1258 3
1219 1220 4
1219 1259 5
1220 1221 1
1220 1260 5
1221 1222 1
1221 1261 5
1222 1223 1
1222 1262 2
1223 1224 1
1223 1263 4
1224 1225 5
1224 1264 3
1225 1226 2
1225 1265 5
1226 1227 3
1226 1266 5
1227 1228 4
1227 1267 5
1228 1229 3
1228 1268 1
1229 1230 5
1229 1269 1
1230 1231 1
1230 1270 1
1231 1232 3
1231 1271 3
1232 1233 3
1232 1272 3
1233 1234 1
1233 1273 3
1234 1235 2
1234 1274 5
1235 1236 4
1235 1275 1
1236 1237 4
1236 1276 1
1237 1238 1
1237 1277 5
1238 1239 5
1238 1278 1
1239 1240 1
1239 1279 4
1240 1280 5
1241 1242 1
1241 1281 4
1242 1243 4
1242 1282 3
1243 1244 1
1243 1283 2
1244 1245 1
1244 1284 3
1245 1246 4
1245 1285 5
1246 1247 1
1246 1286 3
1247 1248 1
1247 1287 1
1248 1249 4
1248 1288 4
1249 1250 5
1249 1289 4
1250 1251 5
1250 1290 3
1251 1252 4
1251 1291 3
1252 1253 3
1252 1292 1
1253 1254 4
1253 1293 2
1254 1255 1
1254 1294 1
1255 1256 1
1255 1295 5
1256 1257 4
1256 1296 5
1257 1258 4
1257 1297 5
1258 1259 3
1258 1298 3
1259 1260 3
1259 1299 4
1260 1261 4
1260 1300 4
1261 1262 4
1261 1301 1
1262 1263 5
1262 1302 4
1263 1264 5
1263 1303 4
1264 1265 1
1264 1304 2
1265 1266 3
1265 1305 1
1266 1267 3
1266 1306 2
1267 1268 2
1267 1307 1
1268 1269 4
1268 1308 1
1269 1270 3
1269 1309 2
1270 1271 3
1270 1310 3
1271 1272 5
1271 1311 1
1272 1273 2
1272 1312 5
1273 1274 1
1273 1313 4
1274 1275 4
1274 1314 2
1275 1276 3
1275 1315 1
1276 1277 1
1276 1316 4
1277 1278 5
1277 1317 2
1278 1279 1
1278 1318 5
1279 1280 1
1279 1319 5
1280 1320 2
1281 1282 1
1281 1321 4
1282 1283 3
1282 1322 4
1283 1284 5
1283 1323 3
1284 1285 4
1284 1324 3
1285 1286 3
1285 1325 5
1286 1287 4
1286 1326 2
1287 1288 2
1287 1327 3
1288 1289 3
1288 1328 5
1289 1290 5
1289 1329 4
1290 1291 1
1290 1330 1
1291 1292 2
1291 1331 5
1292 1293 3
1292 1332 1
1293 1294 2
1293 1333 1
1294 1295 1
1294 1334 1
1295 1296 2
1295 1335 5
1296 1297 4
1296 1336 5
1297 1298 4
1297 1337 5
1298 1299 2
1298 1338 2
1299 1300 1
1299 1339 2
1300 1301 3
1300 1340 1
1301 1302 4
1301 1341 4
1302 1303 2
1302 1342 3
1303 1304 1
1303 1343 2
1304 1305 3
1304 1344 5
1305 1306 3
1305 1345 5
1306 1307 2
1306 1346 4
1307 1308 3
1307 1347 5
1308 1309 3
1308 1348 5
1309 1310 4
1309 1349 1
1310 1311 5
1310 1350 2
1311 1312 4
1311 1351 2
1312 1313 5
1312 1352 5
1313 1314 2
1313 1353 4
1314 1315 2
1314 1354 3
1315 1316 3
1315 1355 3
1316 1317 2
1316 1356 5
1317 1318 1
1317 1357 3
1318 1319 1
1318 1358 2
1319 1320 3
1319 1359 1
1320 1360 5
1321 1322 5
1321 1361 4
1322 1323 1
1322 1362 4
1323 1324 2
1323 1363 4
1324 1325 1
1324 1364 3
1325 1326 1
1325 1365 3
1326 1327 5
1326 1366 3
1327 1328 4
1327 1367 1
1328 1329 3
1328 1368 3
1329 1330 1
1329 1369 2
1330 1331 4
1330 1370 1
1331 1332 1
1331 1371 2
1332 1333 4
1332 1372 2
1333 1334 2
1333 1373 4
1334 1335 2
1334 1374 3
1335 1336 5
1335 1375 1
1336 1337 4
1336 1376 4
1337 1338 4
1337 1377 1
1338 1339 1
1338 1378 4
1339 1340 5
1339 1379 2
1340 1341 3
1340 1380 5
1341 1342 3
1341 1381 2
1342 1343 1
1342 1382 5
1343 1344 2
1343 1383 5
1344 1345 1
1344 1384 2
1345 1346 1
1345 1385 2
1346 1347 1
1346 1386 4
1347 1348 4
1347 1387 1
1348 1349 3
1348 1388 5
1349 1350 3
1349 1389 2
1350 1351 5
1350 1390 3
1351 1352 3
1351 1391 1
1352 1353 3
1352 1392 4
1353 1354 5
1353 1393 2
1354 1355 1
1354 1394 2
1355 1356 2
1355 1395 4
1356 1357 4
1356 1396 1
1357 1358 5
1357 1397 4
1358 1359 4
1358 1398 5
1359 1360 4
1359 1399 1
1360 1400 3
1361 1362 4
1361 1401 4
1362 1363 2
1362 1402 3
1363 1364 3
1363 1403 5
1364 1365 4
1364 1404 5
1365 1366 5
1365 1405 1
1366 1367 1
1366 1406 5
1367 1368 5
1367 1407 3
1368 1369 2
1368 1408 4
1369 1370 4
1369 1409 5
1370 1371 1
1370 1410 2
1371 1372 1
1371 1411 3
1372 1373 4
1372 1412 5
1373 1374 2
1373 1413 3
1374 1375 2
1374 1414 3
1375 1376 3
1375 1415 1
1376 1377 3
1376 1416 3
1377 1378 3
1377 1417 3
1378 1379 4
1378 1418 3
1379 1380 4
1379 1419 5
1380 1381 5
1380 1420 5
1381 1382 2
1381 1421 3
1382 1383 4
1382 1422 4
1383 1384 2
1383 1423 5
1384 1385 5
1384 1424 4
1385 1386 1
1385 1425 4
1386 1387 3
1386 1426 4
1387 1388 1
1387 1427 5
1388 1389 3
1388 1428 2
1389 1390 3
1389 1429 3
1390 1391 3
1390 1430 2
1391 1392 4
1391 1431 5
1392 1393 5
1392 1432 3
1393 1394 4
1393 1433 3
1394 1395 3
1394 1434 4
1395 1396 1
1395 1435 3
1396 1397 5
1396 1436 4
1397 1398 5
1397 1437 3
1398 1399 5
1398 1438 5
1399 1400 3
1399 1439 2
1400 1440 3
1401 1402 5
1401 1441 3
1402 1403 2
1402 1442 5
1403 1404 1
1403 1443 4
1404 1405 2
1404 1444 5
1405 1406 2
1405 1445 5
1406 1407 1
1406 1446 1
1407 1408 5
1407 1447 2
1408 1409 4
1408 1448 3
1409 1410 4
1409 1449 4
1410 1411 4
1410 1450 3
1411 1412 2
1411 1451 4
1412 1413 5
1412 1452 1
1413 1414 2
1413 1453 4
1414 1415 2
1414 1454 1
1415 1416 1
1415 1455 4
1416 1417 4
1416 1456 3
1417 1418 4
1417 1457 2
1418 1419 4
1418 1458 2
1419 1420 5
1419 1459 4
1420 1421 1
1420 1460 4
1421 1422 1
1421 1461 1
1422 1423 2
1422 1462 5
1423 1424 3
1423 1463 2
1424 1425 5
1424 1464 4
1425 1426 5
1425 1465 2
1426 1427 5
1426 1466 3
1427 1428 3
1427 1467 4
1428 1429 1
1428 1468 5
1429 1430 3
1429 1469 2
1430 1431 5
1430 1470 3
1431 1432 3
1431 1471 4
1432 1433 2
1432 1472 4
1433 1434 5
1433 1473 5
1434 1435 4
1434 1474 1
1435 1436 2
1435 1475 4
1436 1437 2
1436 1476 2
1437 1438 5
1437 1477 5
1438 1439 3
1438 1478 4
1439 1440 5
1439 1479 4
1440 1480 3
1441 1442 5
1441 1481 3
1442 1443 5
1442 1482 5
1443 1444 1
1443 1483 1
1444 1445 3
1444 1484 1
1445 1446 5
1445 1485 2
1446 1447 2
1446 1486 4
1447 1448 3
1447 1487 2
1448 1449 4
1448 1488 4
1449 1450 1
1449 1489 5
1450 1451 5
1450 1490 1
1451 1452 2
1451 1491 5
1452 1453 4
1452 1492 2
1453 1454 5
1453 1493 3
1454 1455 2
1454 1494 3
1455 1456 3
1455 1495 4
1456 1457 5
1456 1496 2
1457 1458 2
1457 1497 2
1458 1459 3
1458 1498 4
1459 1460 1
1459 1499 5
1460 1461 5
1460 1500 3
1461 1462 3
1461 1501 5
1462 1463 4
1462 1502 4
1463 1464 4
1463 1503 4
1464 1465 2
1464 1504 2
1465 1466 2
1465 1505 3
1466 1467 4
1466 1506 5
1467 1468 1
1467 1507 2
1468 1469 1
1468 1508 3
1469 1470 3
1469 1509 2
1470 1471 5
1470 1510 2
1471 1472 3
1471 1511 4
1472 1473 3
1472 1512 5
1473 1474 3
1473 1513 2
1474 1475 5
1474 1514 5
1475 1476 2
1475 1515 3
1476 1477 2
1476 1516 3
1477 1478 2
1477 1517 5
1478 1479 4
1478 1518 3
1479 1480 1
1479 1519 1
1480 1520 2
1481 1482 4
1481 1521 4
1482 1483 1
1482 1522 5
1483 1484 2
1483 1523 4
1484 1485 3
1484 1524 5
1485 1486 1
1485 1525 4
1486 1487 1
1486 1526 4
1487 1488 5
1487 1527 1
1488 1489 4
1488 1528 1
1489 1490 4
1489 1529 3
1490 1491 2
1490 1530 2
1491 1492 2
1491 1531 3
1492 1493 3
1492 1532 3
1493 1494 5
1493 1533 5
1494 1495 1
1494 1534 3
1495 1496 4
1495 1535 3
1496 1497 5
1496 1536 5
1497 1498 3
1497 1537 2
1498 1499 1
1498 1538 5
1499 1500 5
1499 1539 2
1500 1501 3
1500 1540 4
1501 1502 2
1501 1541 3
1502 1503 2
1502 1542 2
1503 1504 3
1503 1543 2
1504 1505 2
1504 1544 1
1505 1506 2
1505 1545 2
1506 1507 5
1506 1546 2
1507 1508 5
1507 1547 1
1508 1509 2
1508 1548 4
1509 1510 2
1509 1549 5
1510 1511 3
1510 1550 4
1511 1512 2
1511 1551 4
1512 1513 4
1512 1552 4
1513 1514 2
1513 1553 4
1514 1515 2
1514 1554 5
1515 1516 3
1515 1555 2
1516 1517 4
1516 1556 3
1517 1518 1
1517 1557 2
1518 1519 4
1518 1558 4
1519 1520 1
1519 1559 2
1520 1560 3
1521 1522 4
1521 1561 3
1522 1523 5
1522 1562 4
1523 1524 1
1523 1563 1
1524 1525 4
1524 1564 3
1525 1526 3
1525 1565 1
1526 1527 3
1526 1566 3
1527 1528 4
1527 1567 1
1528 1529 5
1528 1568 3
1529 1530 5
1529 1569 5
1530 1531 3
1530 1570 3
1531 1532 1
1531 1571 5
1532 1533 2
1532 1572 3
1533 1534 2
1533 1573 2
1534 1535 4
1534 1574 3
1535 1536 3
1535 1575 1
1536 1537 4
1536 1576 1
1537 1538 1
1537 1577 3
1538 1539 2
1538 1578 3
1539 1540 5
1539 1579 2
1540 1541 3
1540 1580 4
1541 1542 3
1541 1581 2
1542 1543 4
1542 1582 5
1543 1544 4
1543 1583 2
1544 1545 1
1544 1584 5
1545 1546 4
1545 1585 4
1546 1547 3
1546 1586 2
1547 1548 5
1547 1587 2
1548 1549 5
1548 1588 1
1549 1550 5
1549 1589 1
1550 1551 1
1550 1590 2
1551 1552 4
1551 1591 3
1552 1553 2
1552 1592 3
1553 1554 1
1553 1593 1
1554 1555 1
1554 1594 5
1555 1556 5
1555 1595 4
1556 1557 4
1556 1596 2
1557 1558 3
1557 1597 2
1558 1559 1
1558 1598 3
1559 1560 5
1559 1599 3
1560 1600 2
1561 1562 2
1562 1563 4
1563 1564 5
1564 1565 1
1565 1566 3
1566 1567 4
1567 1568 3
1568 1569 3
1569 1570 1
1570 1571 3
1571 1572 3
1572 1573 4
1573 1574 1
1574 1575 2
1575 1576 4
1576 1577 1
1577 1578 2
1578 1579 5
1579 1580 1
1580 1581 3
1581 1582 5
1582 1583 3
1583 1584 1
1584 1585 3
1585 1586 2
1586 1587 2
1587 1588 4
1588 1589 2
1589 1590 5
1590 1591 5
1591 1592 1
1592 1593 1
1593 1594 5
1594 1595 5
1595 1596 1
1596 1597 3
1597 1598 4
1598 1599 5
1599 1600 2
1 1561 4
2 1562 3
3 1563 2
4 1564 1
5 1565 3
6 1566 1
7 1567 1
8 1568 5
9 1569 2
10 1570 4
11 1571 2
12 1572 2
13 1573 3
14 1574 1
15 1575 4
16 1576 2
17 1577 3
18 1578 1
19 1579 1
20 1580 3
21 1581 1
22 1582 2
23 1583 3
24 1584 4
25 1585 1
26 1586 2
27 1587 3
28 1588 4
29 1589 5
30 1590 2
31 1591 1
32 1592 1
33 1593 1
34 1594 3
35 1595 2
36 1596 2
37 1597 1
38 1598 4
39 1599 4
40 1600 2
1 40 1
41 80 3
81 120 1
121 160 1
161 200 4
201 240 1
241 280 1
281 320 4
321 360 1
361 400 3
401 440 1
441 480 3
481 520 3
521 560 1
561 600 4
601 640 1
641 680 2
681 720 2
721 760 5
761 800 3
801 840 2
841 880 3
881 920 2
921 960 3
961 1000 2
1001 1040 4
1041 1080 4
1081 1120 3
1121 1160 3
1161 1200 5
1201 1240 4
1241 1280 5
1281 1320 1
1321 1360 5
1361 1400 1
1401 1440 5
1441 1480 5
1481 1520 5
1521 1560 5
1561 1600 3
