784 1568
1 2 2
1 29 1
2 3 2
2 30 5
3 4 3
3 31 2
4 5 5
4 32 3
5 6 5
5 33 4
6 7 1
6 34 3
7 8 5
7 35 3
8 9 5
8 36 1
9 10 1
9 37 1
10 11 2
10 38 3
11 12 3
11 39 5
12 13 5
12 40 1
13 14 3
13 41 5
14 15 3
14 42 2
15 16 4
15 43 4
16 17 5
16 44 2
17 18 5
17 45 2
18 19 4
18 46 4
19 20 1
19 47 4
20 21 5
20 48 3
21 22 3
21 49 3
22 23 5
22 50 3
23 24 4
23 51 3
24 25 4
24 52 5
25 26 4
25 53 3
26 27 3
26 54 3
27 28 3
27 55 5
28 56 1
29 30 3
29 57 3
30 31 5
30 58 1
31 32 5
31 59 2
32 33 5
32 60 4
33 34 2
33 61 5
34 35 5
34 62 3
35 36 1
35 63 2
36 37 3
36 64 2
37 38 5
37 65 1
38 39 3
38 66 3
39 40 1
39 67 2
40 41 3
40 68 3
41 42 5
41 69 5
42 43 4
42 70 5
43 44 1
43 71 2
44 45 4
44 72 4
45 46 4
45 73 5
46 47 4
46 74 2
47 48 2
47 75 2
48 49 3
48 76 3
49 50 2
49 77 2
50 51 1
50 78 3
51 52 4
51 79 2
52 53 4
52 80 2
53 54 1
53 81 2
54 55 1
54 82 5
55 56 4
55 83 2
56 84 5
57 58 5
57 85 5
58 59 3
58 86 1
59 60 5
59 87 3
60 61 5
60 88 4
61 62 5
61 89 1
62 63 1
62 90 3
63 64 2
63 91 4
64 65 5
64 92 5
65 66 1
65 93 5
66 67 5
66 94 4
67 68 1
67 95 5
68 69 2
68 96 1
69 70 1
69 97 5
70 71 4
70 98 4
71 72 5
71 99 4
72 73 1
72 100 3
73 74 1
73 101 4
74 75 2
74 102 4
75 76 3
75 103 2
76 77 2
76 104 5
77 78 4
77 105 5
78 79 5
78 106 1
79 80 4
79 107 5
80 81 5
80 108 4
81 82 3
81 109 3
82 83 5
82 110 4
83 84 5
83 111 4
84 112 4
85 86 1
85 113 5
86 87 3
86 114 1
87 88 1
87 115 4
88 89 5
88 116 4
89 90 5
89 117 1
90 91 3
90 118 4
91 92 3
91 119 5
92 93 2
92 120 4
93 94 5
93 121 2
94 95 1
94 122 1
95 96 4
95 123 5
96 97 4
96 124 1
97 98 1
97 125 4
98 99 5
98 126 1
99 100 5
99 127 2
100 101 3
100 128 2
101 102 4
101 129 4
102 103 5
102 130 4
103 104 5
103 131 1
104 105 3
104 132 5
105 106 1
105 133 2
106 107 1
106 134 5
107 108 2
107 135 4
108 109 2
108 136 1
109 110 1
109 137 3
110 111 4
110 138 1
111 112 2
111 139 2
112 140 5
113 114 1
113 141 2
114 115 2
114 142 3
115 116 1
115 143 1
116 117 4
116 144 5
117 118 3
117 145 3
118 119 4
118 146 1
119 120 3
119 147 1
120 121 1
120 148 5
121 122 5
121 149 1
122 123 3
122 150 1
123 124 1
123 151 2
124 125 1
124 152 3
125 126 5
125 153 4
126 127 3
126 154 4
127 128 1
127 155 2
128 129 3
128 156 3
129 130 2
129 157 2
130 131 4
130 158 2
131 132 4
131 159 1
132 133 1
132 160 3
133 134 4
133 161 4
134 135 1
134 162 2
135 136 2
135 163 3
136 137 1
136 164 1
137 138 3
137 165 2
138 139 1
138 166 2
139 140 2
139 167 4
140 168 5
141 142 1
141 169 1
142 143 3
142 170 1
143 144 1
143 171 4
144 145 2
144 172 3
145 146 4
145 173 3
146 147 3
146 174 3
147 148 3
147 175 2
148 149 3
148 176 3
149 150 1
149 177 4
150 151 3
150 178 4
151 152 4
151 179 1
152 153 4
152 180 1
153 154 5
153 181 1
154 155 5
154 182 5
155 156 2
155 183 1
156 157 5
156 184 2
157 158 2
157 185 3
158 159 5
158 186 3
159 160 2
159 187 1
160 161 4
160 188 4
161 162 5
161 189 1
162 163 5
162 190 5
163 164 4
163 191 5
164 165 2
164 192 4
165 166 5
165 193 2
166 167 1
166 194 1
167 168 5
167 195 3
168 196 5
169 170 5
169 197 4
170 171 3
170 198 3
171 172 5
171 199 3
172 173 5
172 200 3
173 174 2
173 201 2
174 175 1
174 202 5
175 176 2
175 203 2
176 177 5
176 204 1
177 178 2
177 205 4
178 179 1
178 206 5
179 180 2
179 207 3
180 181 2
180 208 5
181 182 2
181 209 5
182 183 3
182 210 4
183 184 2
183 211 5
184 185 2
184 212 3
185 186 4
185 213 2
186 187 5
186 214 3
187 188 5
187 215 1
188 189 1
188 216 5
189 190 4
189 217 5
190 191 4
190 218 1
191 192 3
191 219 5
192 193 5
192 220 3
193 194 4
193 221 5
194 195 5
194 222 4
195 196 2
195 223 2
196 224 4
197 198 4
197 225 3
198 199 2
198 226 4
199 200 2
199 227 5
200 201 2
200 228 5
201 202 4
201 229 1
202 203 1
202 230 1
203 204 3
203 231 5
204 205 1
204 232 2
205 206 4
205 233 2
206 207 4
206 234 1
207 208 3
207 235 5
208 209 3
208 236 2
209 210 4
209 237 1
210 211 5
210 238 3
211 212 1
211 239 3
212 213 5
212 240 5
213 214 2
213 241 1
214 215 5
214 242 2
215 216 2
215 243 3
216 217 1
216 244 2
217 218 4
217 245 5
218 219 1
218 246 1
219 220 3
219 247 3
220 221 5
220 248 2
221 222 2
221 249 4
222 223 4
222 250 2
223 224 1
223 251 1
224 252 1
225 226 4
225 253 3
226 227 3
226 254 3
227 228 5
227 255 5
228 229 1
228 256 1
229 230 5
229 257 1
230 231 5
230 258 2
231 232 3
231 259 1
232 233 2
232 260 3
233 234 3
233 261 5
234 235 1
234 262 2
235 236 4
235 263 4
236 237 4
236 264 3
237 238 5
237 265 1
238 239 1
238 266 2
239 240 5
239 267 3
240 241 5
240 268 1
241 242 4
241 269 3
242 243 4
242 270 3
243 244 3
243 271 4
244 245 1
244 272 4
245 246 2
245 273 2
246 247 5
246 274 5
247 248 1
247 275 2
248 249 2
248 276 2
249 250 1
249 277 4
250 251 1
250 278 4
251 252 2
251 279 1
252 280 5
253 254 4
253 281 3
254 255 3
254 282 5
255 256 3
255 283 2
256 257 4
256 284 1
257 258 3
257 285 2
258 259 2
258 286 2
259 260 5
259 287 1
260 261 1
260 288 2
261 262 3
261 289 1
262 263 5
262 290 3
263 264 3
263 291 1
264 265 5
264 292 4
265 266 1
265 293 5
266 267 2
266 294 3
267 268 2
267 295 1
268 269 5
268 296 2
269 270 2
269 297 1
270 271 3
270 298 3
271 272 5
271 299 5
272 273 4
272 300 5
273 274 3
273 301 5
274 275 1
274 302 4
275 276 1
275 303 5
276 277 4
276 304 2
277 278 5
277 305 3
278 279 5
278 306 5
279 280 4
279 307 3
280 308 1
281 282 5
281 309 1
282 283 3
282 310 3
283 284 1
283 311 3
284 285 3
284 312 5
285 286 5
285 313 1
286 287 1
286 314 2
287 288 3
287 315 3
288 289 3
288 316 1
289 290 3
289 317 1
290 291 4
290 318 1
291 292 5
291 319 3
292 293 2
292 320 2
293 294 2
293 321 3
294 295 2
294 322 4
295 296 1
295 323 2
296 297 5
296 324 4
297 298 5
297 325 4
298 299 4
298 326 1
299 300 5
299 327 5
300 301 2
300 328 4
301 302 4
301 329 3
302 303 3
302 330 1
303 304 2
303 331 5
304 305 1
304 332 5
305 306 3
305 333 2
306 307 2
306 334 1
307 308 2
307 335 3
308 336 4
309 310 3
309 337 1
310 311 5
310 338 5
311 312 2
311 339 3
312 313 2
312 340 5
313 314 1
313 341 4
314 315 1
314 342 3
315 316 2
315 343 5
316 317 5
316 344 3
317 318 1
317 345 2
318 319 1
318 346 4
319 320 5
319 347 5
320 321 4
320 348 4
321 322 3
321 349 3
322 323 1
322 350 2
323 324 1
323 351 2
324 325 2
324 352 5
325 326 3
325 353 5
326 327 5
326 354 4
327 328 2
327 355 1
328 329 5
328 356 5
329 330 5
329 357 1
330 331 5
330 358 3
331 332 5
331 359 4
332 333 3
332 360 1
333 334 3
333 361 3
334 335 4
334 362 3
335 336 1
335 363 2
336 364 2
337 338 3
337 365 3
338 339 2
338 366 5
339 340 4
339 367 4
340 341 1
340 368 1
341 342 1
341 369 1
342 343 3
342 370 5
343 344 1
343 371 3
344 345 5
344 372 1
345 346 4
345 373 4
346 347 2
346 374 1
347 348 3
347 375 4
348 349 2
348 376 5
349 350 3
349 377 3
350 351 4
350 378 5
351 352 1
351 379 4
352 353 3
352 380 5
353 354 3
353 381 5
354 355 3
354 382 2
355 356 1
355 383 2
356 357 3
356 384 2
357 358 2
357 385 4
358 359 2
358 386 3
359 360 5
359 387 5
360 361 1
360 388 1
361 362 2
361 389 1
362 363 2
362 390 5
363 364 2
363 391 1
364 392 5
365 366 1
365 393 2
366 367 4
366 394 1
367 368 5
367 395 4
368 369 4
368 396 2
369 370 5
369 397 4
370 371 1
370 398 4
371 372 4
371 399 3
372 373 1
372 400 2
373 374 1
373 401 2
374 375 1
374 402 4
375 376 4
375 403 2
376 377 2
376 404 5
377 378 1
377 405 3
378 379 3
378 406 4
379 380 3
379 407 4
380 381 3
380 408 3
381 382 2
381 409 2
382 383 3
382 410 5
383 384 3
383 411 4
384 385 4
384 412 1
385 386 1
385 413 4
386 387 2
386 414 4
387 388 2
387 415 5
388 389 1
388 416 3
389 390 1
389 417 1
390 391 1
390 418 2
391 392 1
391 419 1
392 420 1
393 394 1
393 421 1
394 395 2
394 422 1
395 396 4
395 423 1
396 397 2
396 424 3
397 398 3
397 425 5
398 399 1
398 426 5
399 400 4
399 427 3
400 401 3
400 428 2
401 402 5
401 429 3
402 403 1
402 430 5
403 404 3
403 431 1
404 405 5
404 432 5
405 406 1
405 433 3
406 407 1
406 434 4
407 408 5
407 435 5
408 409 2
408 436 4
409 410 5
409 437 2
410 411 1
410 438 3
411 412 5
411 439 2
412 413 4
412 440 2
413 414 3
413 441 1
414 415 2
414 442 5
415 416 3
415 443 3
416 417 3
416 444 4
417 418 2
417 445 2
418 419 4
418 446 5
419 420 3
419 447 5
420 448 1
421 422 3
421 449 2
422 423 2
422 450 3
423 424 1
423 451 1
424 425 1
424 452 4
425 426 3
425 453 4
426 427 5
426 454 2
427 428 2
427 455 1
428 429 4
428 456 5
429 430 3
429 457 1
430 431 5
430 458 3
431 432 5
431 459 1
432 433 5
432 460 1
433 434 5
433 461 2
434 435 5
434 462 4
435 436 3
435 463 5
436 437 2
436 464 2
437 438 2
437 465 1
438 439 5
438 466 5
439 440 4
439 467 5
440 441 3
440 468 2
441 442 1
441 469 4
442 443 4
442 470 4
443 444 5
443 471 5
444 445 2
444 472 2
445 446 2
445 473 1
446 447 4
446 474 3
447 448 3
447 475 4
448 476 5
449 450 1
449 477 2
450 451 2
450 478 3
451 452 5
451 479 1
452 453 3
452 480 3
453 454 4
453 481 4
454 455 2
454 482 3
455 456 2
455 483 3
456 457 2
456 484 2
457 458 4
457 485 2
458 459 4
458 486 4
459 460 2
459 487 3
460 461 1
460 488 1
461 462 4
461 489 1
462 463 2
462 490 1
463 464 2
463 491 3
464 465 4
464 492 2
465 466 4
465 493 3
466 467 5
466 494 2
467 468 5
467 495 2
468 469 3
468 496 1
469 470 3
469 497 5
470 471 2
470 498 4
471 472 5
471 499 2
472 473 4
472 500 4
473 474 2
473 501 5
474 475 4
474 502 3
475 476 4
475 503 2
476 504 1
477 478 5
477 505 5
478 479 3
478 506 4
479 480 1
479 507 3
480 481 1
480 508 3
481 482 3
481 509 4
482 483 1
482 510 4
483 484 5
483 511 3
484 485 4
484 512 1
485 486 3
485 513 5
486 487 4
486 514 1
487 488 2
487 515 3
488 489 4
488 516 1
489 490 1
489 517 5
490 491 5
490 518 5
491 492 5
491 519 5
492 493 2
492 520 4
493 494 2
493 521 3
494 495 3
494 522 4
495 496 3
495 523 3
496 497 3
496 524 4
497 498 3
497 525 1
498 499 2
498 526 2
499 500 1
499 527 2
500 501 4
500 528 1
501 502 2
501 529 3
502 503 2
502 530 1
503 504 1
503 531 3
504 532 1
505 506 3
505 533 4
506 507 1
506 534 1
507 508 5
507 535 5
508 509 2
508 536 2
509 510 2
509 537 5
510 511 2
510 538 4
511 512 1
511 539 2
512 513 3
512 540 3
513 514 2
513 541 3
514 515 2
514 542 1
515 516 3
515 543 4
516 517 4
516 544 2
517 518 3
517 545 2
518 519 1
518 546 1
519 520 1
519 547 1
520 521 2
520 548 4
521 522 1
521 549 1
522 523 4
522 550 4
523 524 5
523 551 4
524 525 5
524 552 3
525 526 3
525 553 1
526 527 2
526 554 4
527 528 5
527 555 5
528 529 1
528 556 2
529 530 3
529 557 2
530 531 5
530 558 2
531 532 5
531 559 2
532 560 3
533 534 3
533 561 1
534 535 3
534 562 1
535 536 2
535 563 5
536 537 2
536 564 1
537 538 4
537 565 2
538 539 3
538 566 3
539 540 4
539 567 2
540 541 2
540 568 3
541 542 2
541 569 1
542 543 1
542 570 3
543 544 2
543 571 4
544 545 1
544 572 1
545 546 2
545 573 1
546 547 3
546 574 1
547 548 5
547 575 2
548 549 1
548 576 4
549 550 1
549 577 3
550 551 2
550 578 4
551 552 3
551 579 5
552 553 4
552 580 1
553 554 4
553 581 3
554 555 2
554 582 5
555 556 1
555 583 5
556 557 5
556 584 1
557 558 5
557 585 3
558 559 5
558 586 1
559 560 3
559 587 3
560 588 5
561 562 1
561 589 1
562 563 2
562 590 3
563 564 4
563 591 2
564 565 2
564 592 4
565 566 1
565 593 2
566 567 2
566 594 2
567 568 3
567 595 2
568 569 3
568 596 3
569 570 1
569 597 1
570 571 1
570 598 4
571 572 3
571 599 4
572 573 3
572 600 4
573 574 1
573 601 5
574 575 4
574 602 4
575 576 5
575 603 3
576 577 2
576 604 3
577 578 5
577 605 1
578 579 5
578 606 3
579 580 2
579 607 1
580 581 2
580 608 4
581 582 5
581 609 5
582 583 4
582 610 1
583 584 5
583 611 3
584 585 3
584 612 1
585 586 5
585 613 3
586 587 3
586 614 3
587 588 5
587 615 4
588 616 4
589 590 2
589 617 4
590 591 4
590 618 3
591 592 1
591 619 4
592 593 5
592 620 1
593 594 3
593 621 4
594 595 2
594 622 5
595 596 2
595 623 3
596 597 3
596 624 1
597 598 2
597 625 1
598 599 4
598 626 2
599 600 5
599 627 4
600 601 1
600 628 4
601 602 4
601 629 2
602 603 3
602 630 3
603 604 3
603 631 5
604 605 3
604 632 1
605 606 1
605 633 3
606 607 2
606 634 3
607 608 1
607 635 2
608 609 1
608 636 1
609 610 5
609 637 4
610 611 2
610 638 3
611 612 4
611 639 2
612 613 1
612 640 3
613 614 1
613 641 5
614 615 4
614 642 5
615 616 1
615 643 5
616 644 5
617 618 2
617 645 1
618 619 5
618 646 5
619 620 5
619 647 4
620 621 2
620 648 4
621 622 4
621 649 1
622 623 5
622 650 1
623 624 2
623 651 5
624 625 3
624 652 1
625 626 4
625 653 5
626 627 3
626 654 3
627 628 1
627 655 1
628 629 2
628 656 4
629 630 1
629 657 2
630 631 2
630 658 5
631 632 5
631 659 2
632 633 4
632 660 4
633 634 3
633 661 4
634 635 5
634 662 3
635 636 1
635 663 2
636 637 1
636 664 3
637 638 2
637 665 2
638 639 2
638 666 5
639 640 4
639 667 5
640 641 5
640 668 5
641 642 2
641 669 4
642 643 1
642 670 5
643 644 4
643 671 2
644 672 3
645 646 3
645 673 1
646 647 1
646 674 2
647 648 2
647 675 3
648 649 3
648 676 5
649 650 4
649 677 4
650 651 5
650 678 3
651 652 2
651 679 5
652 653 3
652 680 3
653 654 4
653 681 3
654 655 1
654 682 1
655 656 5
655 683 3
656 657 5
656 684 3
657 658 4
657 685 3
658 659 4
658 686 1
659 660 1
659 687 2
660 661 5
660 688 1
661 662 2
661 689 3
662 663 4
662 690 1
663 664 1
663 691 5
664 665 2
664 692 3
665 666 5
665 693 5
666 667 3
666 694 5
667 668 5
667 695 2
668 669 2
668 696 2
669 670 3
669 697 5
670 671 3
670 698 5
671 672 4
671 699 3
672 700 1
673 674 2
673 701 5
674 675 3
674 702 2
675 676 3
675 703 2
676 677 3
676 704 5
677 678 3
677 705 3
678 679 3
678 706 1
679 680 4
679 707 4
680 681 2
680 708 4
681 682 1
681 709 2
682 683 2
682 710 5
683 684 4
683 711 3
684 685 3
684 712 3
685 686 5
685 713 4
686 687 3
686 714 2
687 688 4
687 715 3
688 689 2
688 716 1
689 690 4
689 717 3
690 691 4
690 718 3
691 692 2
691 719 2
692 693 2
692 720 3
693 694 4
693 721 3
694 695 5
694 722 3
695 696 3
695 723 5
696 697 1
696 724 2
697 698 3
697 725 1
698 699 4
698 726 4
699 700 4
699 727 2
700 728 3
701 702 4
701 729 4
702 703 5
702 730 5
703 704 1
703 731 5
704 705 4
704 732 5
705 706 2
705 733 4
706 707 3
706 734 5
707 708 2
707 735 2
708 709 5
708 736 5
709 710 5
709 737 3
710 711 4
710 738 2
711 712 1
711 739 2
712 713 3
712 740 1
713 714 3
713 741 3
714 715 5
714 742 2
715 716 2
715 743 1
716 717 2
716 744 3
717 718 2
717 745 4
718 719 5
718 746 1
719 720 2
719 747 5
720 721 3
720 748 4
721 722 5
721 749 3
722 723 1
722 750 5
723 724 3
723 751 4
724 725 3
724 752 1
725 726 4
725 753 5
726 727 1
726 754 5
727 728 3
727 755 1
728 756 1
729 730 5
729 757 1
730 731 3
730 758 2
731 732 5
731 759 3
732 733 3
732 760 3
733 734 5
733 761 3
734 735 1
734 762 4
735 736 5
735 763 1
736 737 5
736 764 1
737 738 2
737 765 5
738 739 1
738 766 1
739 740 3
739 767 5
740 741 4
740 768 5
741 742 4
741 769 5
742 743 4
742 770 4
743 744 1
743 771 1
744 745 2
744 772 1
745 746 3
745 773 3
746 747 5
746 774 4
747 748 3
747 775 3
748 749 5
748 776 3
749 750 3
749 777 1
750 751 1
750 778 4
751 752 1
751 779 2
752 753 4
752 780 2
753 754 5
753 781 1
754 755 5
754 782 4
755 756 2
755 783 5
756 784 2
757 758 4
758 759 4
759 760 1
760 761 2
761 762 1
762 763 4
763 764 3
764 765 5
765 766 5
766 767 1
767 768 4
768 769 3
769 770 1
770 771 3
771 772 5
772 773 1
773 774 4
774 775 1
775 776 3
776 777 5
777 778 2
778 779 5
779 780 2
780 781 4
781 782 2
782 783 4
783 784 2
1 757 4
2 758 5
3 759 5
4 760 1
5 761 2
6 762 1
7 763 1
8 764 5
9 765 2
10 766 3
11 767 5
12 768 5
13 769 1
14 770 5
15 771 4
16 772 2
17 773 1
18 774 4
19 775 1
20 776 1
21 777 1
22 778 4
23 779 1
24 780 3
25 781 4
26 782 3
27 783 5
28 784 5
1 28 5
29 56 2
57 84 2
85 112 2
113 140 1
141 168 1
169 196 2
197 224 5
225 252 5
253 280 3
281 308 5
309 336 1
337 364 2
365 392 5
393 420 1
421 448 2
449 476 3
477 504 2
505 532 5
533 560 4
561 588 5
589 616 3
617 644 4
645 672 5
673 700 2
701 728 5
729 756 2
757 784 5
