784 1568
1 2 4
1 29 4
2 3 5
2 30 4
3 4 2
3 31 2
4 5 4
4 32 5
5 6 2
5 33 3
6 7 2
6 34 5
7 8 5
7 35 2
8 9 1
8 36 3
9 10 5
9 37 1
10 11 2
10 38 3
11 12 5
11 39 5
12 13 1
12 40 2
13 14 3
13 41 3
14 15 5
14 42 4
15 16 3
15 43 3
16 17 1
16 44 2
17 18 3
17 45 1
18 19 3
18 46 1
19 20 5
19 47 5
20 21 1
20 48 4
21 22 5
21 49 5
22 23 5
22 50 3
23 24 4
23 51 4
24 25 5
24 52 4
25 26 5
25 53 5
26 27 4
26 54 2
27 28 5
27 55 4
28 56 1
29 30 1
29 57 1
30 31 4
30 58 2
31 32 3
31 59 3
32 33 4
32 60 2
33 34 1
33 61 1
34 35 3
34 62 5
35 36 2
35 63 2
36 37 2
36 64 1
37 38 1
37 65 3
38 39 4
38 66 3
39 40 3
39 67 3
40 41 5
40 68 3
41 42 5
41 69 2
42 43 5
42 70 1
43 44 4
43 71 3
44 45 3
44 72 4
45 46 4
45 73 3
46 47 4
46 74 3
47 48 3
47 75 1
48 49 3
48 76 4
49 50 4
49 77 2
50 51 3
50 78 4
51 52 2
51 79 5
52 53 4
52 80 2
53 54 3
53 81 2
54 55 1
54 82 3
55 56 5
55 83 1
56 84 4
57 58 3
57 85 4
58 59 1
58 86 3
59 60 2
59 87 5
60 61 5
60 88 2
61 62 4
61 89 5
62 63 2
62 90 2
63 64 5
63 91 3
64 65 2
64 92 2
65 66 4
65 93 1
66 67 4
66 94 1
67 68 5
67 95 5
68 69 3
68 96 5
69 70 3
69 97 3
70 71 5
70 98 3
71 72 1
71 99 2
72 73 5
72 100 1
73 74 3
73 101 5
74 75 3
74 102 5
75 76 4
75 103 3
76 77 5
76 104 2
77 78 3
77 105 3
78 79 3
78 106 1
79 80 1
79 107 4
80 81 2
80 108 3
81 82 4
81 109 4
82 83 1
82 110 3
83 84 5
83 111 3
84 112 2
85 86 3
85 113 3
86 87 5
86 114 4
87 88 5
87 115 3
88 89 3
88 116 1
89 90 5
89 117 5
90 91 4
90 118 5
91 92 5
91 119 3
92 93 3
92 120 1
93 94 4
93 121 5
94 95 2
94 122 3
95 96 3
95 123 4
96 97 1
96 124 3
97 98 5
97 125 4
98 99 4
98 126 4
99 100 3
99 127 2
100 101 4
100 128 4
101 102 5
101 129 4
102 103 4
102 130 5
103 104 4
103 131 5
104 105 3
104 132 4
105 106 5
105 133 4
106 107 5
106 134 4
107 108 4
107 135 5
108 109 1
108 136 5
109 110 3
109 137 5
110 111 5
110 138 2
111 112 3
111 139 4
112 140 4
113 114 1
113 141 3
114 115 2
114 142 3
115 116 5
115 143 2
116 117 1
116 144 1
117 118 2
117 145 1
118 119 3
118 146 5
119 120 1
119 147 3
120 121 5
120 148 4
121 122 1
121 149 3
122 123 5
122 150 1
123 124 2
123 151 4
124 125 3
124 152 4
125 126 3
125 153 4
126 127 3
126 154 2
127 128 3
127 155 5
128 129 3
128 156 5
129 130 3
129 157 3
130 131 1
130 158 2
131 132 2
131 159 3
132 133 5
132 160 4
133 134 4
133 161 2
134 135 2
134 162 3
135 136 5
135 163 2
136 137 5
136 164 4
137 138 4
137 165 1
138 139 3
138 166 2
139 140 4
139 167 1
140 168 2
141 142 1
141 169 4
142 143 2
142 170 3
143 144 5
143 171 2
144 145 4
144 172 3
145 146 1
145 173 4
146 147 5
146 174 3
147 148 2
147 175 1
148 149 2
148 176 1
149 150 2
149 177 4
150 151 5
150 178 5
151 152 2
151 179 4
152 153 5
152 180 3
153 154 1
153 181 3
154 155 2
154 182 2
155 156 5
155 183 2
156 157 4
156 184 5
157 158 1
157 185 2
158 159 2
158 186 3
159 160 3
159 187 4
160 161 2
160 188 4
161 162 4
161 189 1
162 163 3
162 190 3
163 164 2
163 191 5
164 165 1
164 192 1
165 166 3
165 193 2
166 167 2
166 194 3
167 168 3
167 195 3
168 196 5
169 170 3
169 197 5
170 171 5
170 198 4
171 172 4
171 199 1
172 173 4
172 200 5
173 174 5
173 201 3
174 175 1
174 202 1
175 176 1
175 203 3
176 177 5
176 204 2
177 178 4
177 205 3
178 179 3
178 206 4
179 180 5
179 207 3
180 181 5
180 208 1
181 182 3
181 209 4
182 183 5
182 210 4
183 184 1
183 211 5
184 185 3
184 212 4
185 186 4
185 213 5
186 187 5
186 214 3
187 188 2
187 215 4
188 189 4
188 216 2
189 190 5
189 217 4
190 191 2
190 218 1
191 192 5
191 219 2
192 193 5
192 220 3
193 194 5
193 221 5
194 195 4
194 222 1
195 196 5
195 223 3
196 224 3
197 198 3
197 225 5
198 199 4
198 226 1
199 200 3
199 227 1
200 201 2
200 228 1
201 202 2
201 229 2
202 203 4
202 230 2
203 204 5
203 231 5
204 205 1
204 232 4
205 206 1
205 233 2
206 207 2
206 234 1
207 208 5
207 235 4
208 209 1
208 236 5
209 210 2
209 237 5
210 211 4
210 238 2
211 212 4
211 239 4
212 213 5
212 240 1
213 214 3
213 241 4
214 215 1
214 242 2
215 216 2
215 243 1
216 217 2
216 244 1
217 218 5
217 245 2
218 219 1
218 246 1
219 220 3
219 247 4
220 221 4
220 248 4
221 222 3
221 249 4
222 223 1
222 250 1
223 224 1
223 251 3
224 252 1
225 226 3
225 253 1
226 227 3
226 254 1
227 228 2
227 255 1
228 229 4
228 256 4
229 230 3
229 257 2
230 231 4
230 258 4
231 232 2
231 259 4
232 233 4
232 260 3
233 234 1
233 261 5
234 235 5
234 262 5
235 236 2
235 263 5
236 237 5
236 264 2
237 238 3
237 265 4
238 239 1
238 266 2
239 240 4
239 267 5
240 241 5
240 268 1
241 242 4
241 269 5
242 243 4
242 270 1
243 244 2
243 271 2
244 245 5
244 272 2
245 246 1
245 273 2
246 247 1
246 274 5
247 248 2
247 275 1
248 249 5
248 276 3
249 250 1
249 277 3
250 251 5
250 278 1
251 252 1
251 279 1
252 280 4
253 254 4
253 281 4
254 255 2
254 282 4
255 256 1
255 283 2
256 257 5
256 284 4
257 258 3
257 285 4
258 259 5
258 286 3
259 260 5
259 287 2
260 261 1
260 288 4
261 262 3
261 289 2
262 263 1
262 290 2
263 264 3
263 291 3
264 265 3
264 292 5
265 266 4
265 293 1
266 267 4
266 294 5
267 268 4
267 295 1
268 269 2
268 296 1
269 270 4
269 297 5
270 271 2
270 298 1
271 272 4
271 299 3
272 273 4
272 300 2
273 274 2
273 301 3
274 275 4
274 302 5
275 276 5
275 303 3
276 277 1
276 304 5
277 278 5
277 305 3
278 279 3
278 306 3
279 280 5
279 307 5
280 308 4
281 282 1
281 309 1
282 283 5
282 310 4
283 284 5
283 311 1
284 285 4
284 312 3
285 286 4
285 313 1
286 287 5
286 314 4
287 288 1
287 315 1
288 289 1
288 316 5
289 290 2
289 317 2
290 291 1
290 318 5
291 292 4
291 319 4
292 293 2
292 320 2
293 294 2
293 321 2
294 295 2
294 322 5
295 296 4
295 323 1
296 297 2
296 324 3
297 298 4
297 325 1
298 299 1
298 326 1
299 300 2
299 327 5
300 301 1
300 328 4
301 302 3
301 329 3
302 303 2
302 330 3
303 304 1
303 331 3
304 305 2
304 332 5
305 306 5
305 333 1
306 307 4
306 334 3
307 308 1
307 335 3
308 336 3
309 310 1
309 337 2
310 311 4
310 338 2
311 312 3
311 339 1
312 313 1
312 340 2
313 314 5
313 341 3
314 315 3
314 342 1
315 316 5
315 343 5
316 317 2
316 344 3
317 318 3
317 345 3
318 319 2
318 346 4
319 320 4
319 347 3
320 321 5
320 348 4
321 322 2
321 349 5
322 323 3
322 350 3
323 324 4
323 351 2
324 325 4
324 352 1
325 326 5
325 353 1
326 327 4
326 354 1
327 328 4
327 355 4
328 329 2
328 356 5
329 330 5
329 357 1
330 331 4
330 358 4
331 332 5
331 359 5
332 333 1
332 360 1
333 334 1
333 361 4
334 335 5
334 362 1
335 336 4
335 363 4
336 364 5
337 338 5
337 365 4
338 339 1
338 366 1
339 340 5
339 367 2
340 341 3
340 368 1
341 342 5
341 369 1
342 343 4
342 370 1
343 344 4
343 371 1
344 345 1
344 372 1
345 346 1
345 373 1
346 347 2
346 374 3
347 348 3
347 375 5
348 349 1
348 376 3
349 350 3
349 377 1
350 351 5
350 378 4
351 352 3
351 379 1
352 353 1
352 380 1
353 354 1
353 381 1
354 355 3
354 382 2
355 356 3
355 383 2
356 357 3
356 384 3
357 358 2
357 385 1
358 359 2
358 386 4
359 360 2
359 387 2
360 361 4
360 388 4
361 362 3
361 389 1
362 363 3
362 390 5
363 364 2
363 391 1
364 392 5
365 366 5
365 393 5
366 367 5
366 394 3
367 368 4
367 395 4
368 369 5
368 396 4
369 370 1
369 397 4
370 371 1
370 398 5
371 372 1
371 399 1
372 373 5
372 400 4
373 374 2
373 401 4
374 375 2
374 402 4
375 376 4
375 403 1
376 377 5
376 404 3
377 378 5
377 405 1
378 379 1
378 406 3
379 380 3
379 407 2
380 381 2
380 408 4
381 382 5
381 409 1
382 383 3
382 410 5
383 384 2
383 411 1
384 385 4
384 412 1
385 386 4
385 413 3
386 387 1
386 414 4
387 388 4
387 415 2
388 389 5
388 416 3
389 390 1
389 417 2
390 391 4
390 418 1
391 392 2
391 419 3
392 420 4
393 394 4
393 421 4
394 395 2
394 422 4
395 396 4
395 423 4
396 397 2
396 424 1
397 398 5
397 425 2
398 399 4
398 426 3
399 400 5
399 427 4
400 401 4
400 428 5
401 402 2
401 429 4
402 403 5
402 430 4
403 404 1
403 431 3
404 405 4
404 432 3
405 406 3
405 433 1
406 407 2
406 434 2
407 408 1
407 435 2
408 409 2
408 436 5
409 410 2
409 437 1
410 411 2
410 438 5
411 412 3
411 439 1
412 413 3
412 440 2
413 414 3
413 441 2
414 415 4
414 442 5
415 416 4
415 443 5
416 417 1
416 444 5
417 418 4
417 445 4
418 419 2
418 446 5
419 420 4
419 447 4
420 448 4
421 422 2
421 449 3
422 423 3
422 450 2
423 424 5
423 451 3
424 425 5
424 452 3
425 426 1
425 453 2
426 427 1
426 454 1
427 428 2
427 455 2
428 429 5
428 456 2
429 430 2
429 457 4
430 431 5
430 458 2
431 432 1
431 459 1
432 433 2
432 460 4
433 434 1
433 461 4
434 435 5
434 462 3
435 436 3
435 463 4
436 437 5
436 464 2
437 438 3
437 465 5
438 439 1
438 466 1
439 440 1
439 467 2
440 441 5
440 468 3
441 442 5
441 469 4
442 443 3
442 470 3
443 444 4
443 471 4
444 445 4
444 472 3
445 446 3
445 473 3
446 447 1
446 474 2
447 448 1
447 475 4
448 476 2
449 450 1
449 477 2
450 451 1
450 478 1
451 452 1
451 479 5
452 453 2
452 480 4
453 454 3
453 481 4
454 455 3
454 482 4
455 456 4
455 483 5
456 457 5
456 484 2
457 458 2
457 485 3
458 459 4
458 486 5
459 460 5
459 487 2
460 461 1
460 488 3
461 462 3
461 489 2
462 463 1
462 490 4
463 464 4
463 491 1
464 465 2
464 492 1
465 466 4
465 493 3
466 467 1
466 494 3
467 468 3
467 495 3
468 469 5
468 496 2
469 470 5
469 497 4
470 471 2
470 498 3
471 472 2
471 499 2
472 473 1
472 500 2
473 474 2
473 501 1
474 475 4
474 502 2
475 476 5
475 503 5
476 504 3
477 478 3
477 505 2
478 479 5
478 506 5
479 480 5
479 507 3
480 481 2
480 508 4
481 482 4
481 509 1
482 483 2
482 510 1
483 484 1
483 511 1
484 485 4
484 512 1
485 486 4
485 513 2
486 487 5
486 514 3
487 488 5
487 515 5
488 489 4
488 516 1
489 490 5
489 517 4
490 491 1
490 518 3
491 492 2
491 519 2
492 493 4
492 520 1
493 494 4
493 521 3
494 495 4
494 522 2
495 496 3
495 523 2
496 497 5
496 524 2
497 498 2
497 525 3
498 499 3
498 526 1
499 500 4
499 527 4
500 501 4
500 528 3
501 502 3
501 529 4
502 503 2
502 530 1
503 504 4
503 531 4
504 532 2
505 506 1
505 533 1
506 507 3
506 534 5
507 508 3
507 535 1
508 509 4
508 536 4
509 510 4
509 537 3
510 511 4
510 538 3
511 512 2
511 539 2
512 513 5
512 540 5
513 514 4
513 541 4
514 515 4
514 542 5
515 516 2
515 543 1
516 517 5
516 544 2
517 518 2
517 545 1
518 519 1
518 546 3
519 520 2
519 547 5
520 521 4
520 548 5
521 522 5
521 549 4
522 523 2
522 550 4
523 524 3
523 551 5
524 525 4
524 552 2
525 526 5
525 553 2
526 527 1
526 554 2
527 528 4
527 555 3
528 529 1
528 556 3
529 530 4
529 557 1
530 531 5
530 558 5
531 532 1
531 559 4
532 560 5
533 534 2
533 561 5
534 535 5
534 562 1
535 536 1
535 563 4
536 537 3
536 564 3
537 538 2
537 565 5
538 539 1
538 566 5
539 540 4
539 567 4
540 541 1
540 568 2
541 542 4
541 569 4
542 543 5
542 570 4
543 544 1
543 571 2
544 545 3
544 572 1
545 546 2
545 573 1
546 547 2
546 574 1
547 548 5
547 575 5
548 549 4
548 576 5
549 550 5
549 577 5
550 551 3
550 578 3
551 552 3
551 579 1
552 553 3
552 580 4
553 554 4
553 581 1
554 555 2
554 582 1
555 556 4
555 583 2
556 557 5
556 584 2
557 558 1
557 585 2
558 559 1
558 586 3
559 560 3
559 587 1
560 588 4
561 562 2
561 589 3
562 563 5
562 590 3
563 564 5
563 591 1
564 565 1
564 592 5
565 566 4
565 593 5
566 567 2
566 594 5
567 568 1
567 595 3
568 569 3
568 596 2
569 570 4
569 597 5
570 571 3
570 598 1
571 572 2
571 599 4
572 573 3
572 600 5
573 574 4
573 601 2
574 575 2
574 602 5
575 576 4
575 603 3
576 577 3
576 604 3
577 578 5
577 605 3
578 579 3
578 606 1
579 580 5
579 607 4
580 581 5
580 608 3
581 582 5
581 609 4
582 583 5
582 610 5
583 584 4
583 611 2
584 585 1
584 612 3
585 586 5
585 613 5
586 587 3
586 614 4
587 588 4
587 615 4
588 616 3
589 590 2
589 617 1
590 591 3
590 618 3
591 592 2
591 619 3
592 593 3
592 620 2
593 594 3
593 621 2
594 595 3
594 622 2
595 596 1
595 623 3
596 597 4
596 624 2
597 598 1
597 625 5
598 599 5
598 626 2
599 600 2
599 627 2
600 601 1
600 628 1
601 602 2
601 629 4
602 603 3
602 630 3
603 604 4
603 631 5
604 605 3
604 632 3
605 606 3
605 633 2
606 607 3
606 634 4
607 608 1
607 635 2
608 609 2
608 636 3
609 610 2
609 637 1
610 611 5
610 638 1
611 612 1
611 639 2
612 613 3
612 640 1
613 614 1
613 641 3
614 615 4
614 642 2
615 616 4
615 643 4
616 644 2
617 618 4
617 645 1
618 619 5
618 646 3
619 620 2
619 647 2
620 621 5
620 648 1
621 622 4
621 649 4
622 623 4
622 650 2
623 624 2
623 651 1
624 625 2
624 652 3
625 626 1
625 653 2
626 627 5
626 654 2
627 628 2
627 655 2
628 629 4
628 656 5
629 630 5
629 657 3
630 631 4
630 658 1
631 632 4
631 659 3
632 633 1
632 660 4
633 634 4
633 661 5
634 635 2
634 662 4
635 636 4
635 663 2
636 637 2
636 664 2
637 638 5
637 665 4
638 639 3
638 666 4
639 640 1
639 667 4
640 641 2
640 668 5
641 642 1
641 669 2
642 643 4
642 670 5
643 644 5
643 671 2
644 672 5
645 646 5
645 673 3
646 647 2
646 674 4
647 648 2
647 675 3
648 649 3
648 676 2
649 650 3
649 677 3
650 651 5
650 678 4
651 652 5
651 679 2
652 653 2
652 680 1
653 654 5
653 681 2
654 655 2
654 682 4
655 656 3
655 683 3
656 657 4
656 684 1
657 658 3
657 685 5
658 659 2
658 686 2
659 660 2
659 687 4
660 661 2
660 688 3
661 662 4
661 689 3
662 663 2
662 690 1
663 664 4
663 691 2
664 665 4
664 692 1
665 666 4
665 693 1
666 667 5
666 694 2
667 668 3
667 695 1
668 669 4
668 696 3
669 670 5
669 697 4
670 671 3
670 698 1
671 672 1
671 699 5
672 700 4
673 674 4
673 701 1
674 675 2
674 702 4
675 676 4
675 703 1
676 677 5
676 704 4
677 678 3
677 705 3
678 679 4
678 706 5
679 680 1
679 707 2
680 681 1
680 708 4
681 682 2
681 709 2
682 683 3
682 710 3
683 684 2
683 711 2
684 685 4
684 712 2
685 686 1
685 713 3
686 687 2
686 714 2
687 688 4
687 715 4
688 689 3
688 716 5
689 690 4
689 717 5
690 691 2
690 718 1
691 692 5
691 719 2
692 693 4
692 720 3
693 694 3
693 721 4
694 695 3
694 722 3
695 696 5
695 723 4
696 697 3
696 724 4
697 698 4
697 725 2
698 699 1
698 726 2
699 700 2
699 727 1
700 728 4
701 702 1
701 729 2
702 703 4
702 730 2
703 704 3
703 731 1
704 705 2
704 732 2
705 706 5
705 733 2
706 707 4
706 734 4
707 708 4
707 735 5
708 709 5
708 736 2
709 710 5
709 737 2
710 711 4
710 738 4
711 712 3
711 739 3
712 713 3
712 740 3
713 714 2
713 741 2
714 715 3
714 742 1
715 716 2
715 743 1
716 717 4
716 744 2
717 718 2
717 745 5
718 719 2
718 746 3
719 720 4
719 747 4
720 721 2
720 748 5
721 722 2
721 749 3
722 723 3
722 750 5
723 724 5
723 751 5
724 725 5
724 752 2
725 726 1
725 753 3
726 727 3
726 754 3
727 728 1
727 755 1
728 756 5
729 730 4
729 757 5
730 731 2
730 758 4
731 732 1
731 759 3
732 733 3
732 760 4
733 734 5
733 761 2
734 735 4
734 762 3
735 736 2
735 763 1
736 737 5
736 764 4
737 738 3
737 765 1
738 739 2
738 766 5
739 740 2
739 767 3
740 741 2
740 768 1
741 742 3
741 769 5
742 743 2
742 770 1
743 744 3
743 771 4
744 745 4
744 772 2
745 746 4
745 773 3
746 747 1
746 774 2
747 748 1
747 775 3
748 749 2
748 776 3
749 750 5
749 777 5
750 751 2
750 778 2
751 752 3
751 779 4
752 753 2
752 780 1
753 754 3
753 781 4
754 755 1
754 782 3
755 756 5
755 783 2
756 784 4
757 758 2
758 759 2
759 760 5
760 761 2
761 762 2
762 763 1
763 764 5
764 765 1
765 766 2
766 767 3
767 768 4
768 769 4
769 770 4
770 771 5
771 772 5
772 773 2
773 774 2
774 775 1
775 776 1
776 777 5
777 778 2
778 779 3
779 780 3
780 781 1
781 782 5
782 783 4
783 784 2
1 757 5
2 758 1
3 759 3
4 760 1
5 761 3
6 762 1
7 763 5
8 764 1
9 765 2
10 766 1
11 767 3
12 768 2
13 769 2
14 770 3
15 771 1
16 772 1
17 773 4
18 774 1
19 775 4
20 776 3
21 777 4
22 778 4
23 779 5
24 780 1
25 781 4
26 782 2
27 783 4
28 784 2
1 28 1
29 56 3
57 84 5
85 112 2
113 140 1
141 168 4
169 196 4
197 224 5
225 252 1
253 280 4
281 308 3
309 336 2
337 364 3
365 392 1
393 420 4
421 448 5
449 476 4
477 504 1
505 532 3
533 560 1
561 588 1
589 616 5
617 644 2
645 672 2
673 700 4
701 728 4
729 756 5
757 784 5
