1600 3200
1 2 3
1 41 3
2 3 3
2 42 5
3 4 3
3 43 1
4 5 3
4 44 3
5 6 4
5 45 2
6 7 2
6 46 2
7 8 2
7 47 1
8 9 1
8 48 2
9 10 2
9 49 5
10 11 4
10 50 5
11 12 4
11 51 5
12 13 5
12 52 2
13 14 1
13 53 1
14 15 3
14 54 3
15 16 2
15 55 3
16 17 4
16 56 4
17 18 1
17 57 3
18 19 5
18 58 4
19 20 5
19 59 3
20 21 1
20 60 4
21 22 5
21 61 4
22 23 5
22 62 4
23 24 2
23 63 1
24 25 3
24 64 5
25 26 2
25 65 2
26 27 2
26 66 5
27 28 1
27 67 4
28 29 5
28 68 4
29 30 5
29 69 1
30 31 4
30 70 3
31 32 2
31 71 3
32 33 1
32 72 4
33 34 4
33 73 1
34 35 2
34 74 5
35 36 3
35 75 1
36 37 1
36 76 5
37 38 5
37 77 1
38 39 1
38 78 2
39 40 2
39 79 3
40 80 2
41 42 3
41 81 3
42 43 5
42 82 1
43 44 4
43 83 1
44 45 3
44 84 2
45 46 5
45 85 4
46 47 1
46 86 1
47 48 5
47 87 3
48 49 1
48 88 5
49 50 2
49 89 3
50 51 5
50 90 5
51 52 1
51 91 4
52 53 1
52 92 4
53 54 5
53 93 3
54 55 2
54 94 5
55 56 1
55 95 2
56 57 1
56 96 1
57 58 4
57 97 3
58 59 3
58 98 1
59 60 2
59 99 5
60 61 4
60 100 5
61 62 1
61 101 2
62 63 3
62 102 5
63 64 4
63 103 1
64 65 3
64 104 3
65 66 4
65 105 3
66 67 2
66 106 2
67 68 1
67 107 1
68 69 1
68 108 1
69 70 1
69 109 2
70 71 4
70 110 3
71 72 2
71 111 4
72 73 1
72 112 1
73 74 3
73 113 4
74 75 3
74 114 1
75 76 4
75 115 3
76 77 1
76 116 2
77 78 1
77 117 4
78 79 3
78 118 5
79 80 5
79 119 4
80 120 3
81 82 3
81 121 2
82 83 4
82 122 3
83 84 2
83 123 5
84 85 4
84 124 5
85 86 2
85 125 3
86 87 1
86 126 4
87 88 3
87 127 1
88 89 5
88 128 1
89 90 3
89 129 1
90 91 1
90 130 1
91 92 1
91 131 2
92 93 4
92 132 3
93 94 4
93 133 4
94 95 3
94 134 5
95 96 1
95 135 2
96 97 1
96 136 4
97 98 2
97 137 1
98 99 3
98 138 1
99 100 2
99 139 1
100 101 2
100 140 2
101 102 2
101 141 1
102 103 1
102 142 2
103 104 3
103 143 4
104 105 4
104 144 4
105 106 5
105 145 5
106 107 3
106 146 2
107 108 5
107 147 2
108 109 5
108 148 4
109 110 1
109 149 3
110 111 2
110 150 3
111 112 4
111 151 1
112 113 4
112 152 3
113 114 2
113 153 5
114 115 5
114 154 2
115 116 2
115 155 2
116 117 3
116 156 3
117 118 4
117 157 1
118 119 3
118 158 2
119 120 3
119 159 2
120 160 3
121 122 2
121 161 5
122 123 1
122 162 2
123 124 4
123 163 4
124 125 2
124 164 2
125 126 2
125 165 4
126 127 4
126 166 4
127 128 4
127 167 2
128 129 1
128 168 5
129 130 5
129 169 4
130 131 3
130 170 5
131 132 3
131 171 2
132 133 4
132 172 5
133 134 5
133 173 4
134 135 5
134 174 4
135 136 2
135 175 1
136 137 4
136 176 1
137 138 1
137 177 4
138 139 4
138 178 3
139 140 4
139 179 4
140 141 4
140 180 1
141 142 2
141 181 5
142 143 2
142 182 4
143 144 1
143 183 3
144 145 2
144 184 5
145 146 4
145 185 4
146 147 4
146 186 2
147 148 1
147 187 3
148 149 3
148 188 3
149 150 5
149 189 3
150 151 4
150 190 1
151 152 5
151 191 5
152 153 5
152 192 4
153 154 1
153 193 1
154 155 4
154 194 3
155 156 4
155 195 4
156 157 5
156 196 1
157 158 1
157 197 1
158 159 5
158 198 2
159 160 3
159 199 2
160 200 3
161 162 2
161 201 2
162 163 4
162 202 1
163 164 3
163 203 2
164 165 5
164 204 2
165 166 5
165 205 1
166 167 2
166 206 3
167 168 4
167 207 3
168 169 3
168 208 4
169 170 4
169 209 2
170 171 2
170 210 5
171 172 1
171 211 5
172 173 4
172 212 5
173 174 1
173 213 3
174 175 5
174 214 5
175 176 3
175 215 4
176 177 4
176 216 5
177 178 5
177 217 2
178 179 4
178 218 2
179 180 3
179 219 3
180 181 1
180 220 5
181 182 2
181 221 2
182 183 1
182 222 1
183 184 1
183 223 4
184 185 3
184 224 2
185 186 2
185 225 1
186 187 3
186 226 1
187 188 5
187 227 1
188 189 5
188 228 2
189 190 5
189 229 5
190 191 4
190 230 4
191 192 4
191 231 1
192 193 3
192 232 4
193 194 2
193 233 5
194 195 1
194 234 5
195 196 4
195 235 5
196 197 1
196 236 5
197 198 2
197 237 1
198 199 3
198 238 4
199 200 4
199 239 5
200 240 2
201 202 3
201 241 5
202 203 3
202 242 4
203 204 1
203 243 1
204 205 5
204 244 4
205 206 1
205 245 3
206 207 1
206 246 4
207 208 1
207 247 3
208 209 4
208 248 3
209 210 4
209 249 1
210 211 5
210 250 3
211 212 3
211 251 3
212 213 3
212 252 2
213 214 1
213 253 4
214 215 1
214 254 1
215 216 5
215 255 4
216 217 1
216 256 4
217 218 4
217 257 3
218 219 5
218 258 4
219 220 2
219 259 2
220 221 4
220 260 3
221 222 4
221 261 3
222 223 1
222 262 2
223 224 1
223 263 3
224 225 4
224 264 2
225 226 2
225 265 4
226 227 5
226 266 1
227 228 1
227 267 3
228 229 1
228 268 1
229 230 3
229 269 1
230 231 2
230 270 2
231 232 4
231 271 1
232 233 5
232 272 5
233 234 2
233 273 3
234 235 5
234 274 2
235 236 3
235 275 1
236 237 1
236 276 3
237 238 2
237 277 3
238 239 2
238 278 5
239 240 5
239 279 4
240 280 1
241 242 4
241 281 1
242 243 4
242 282 3
243 244 3
243 283 1
244 245 2
244 284 2
245 246 5
245 285 4
246 247 4
246 286 1
247 248 3
247 287 3
248 249 5
248 288 1
249 250 2
249 289 4
250 251 5
250 290 2
251 252 1
251 291 5
252 253 1
252 292 2
253 254 1
253 293 2
254 255 4
254 294 2
255 256 4
255 295 1
256 257 2
256 296 5
257 258 4
257 297 3
258 259 4
258 298 4
259 260 2
259 299 2
260 261 3
260 300 3
261 262 5
261 301 2
262 263 5
262 302 4
263 264 2
263 303 1
264 265 3
264 304 4
265 266 4
265 305 2
266 267 1
266 306 1
267 268 4
267 307 1
268 269 1
268 308 4
269 270 2
269 309 2
270 271 1
270 310 2
271 272 4
271 311 1
272 273 5
272 312 4
273 274 1
273 313 5
274 275 1
274 314 3
275 276 5
275 315 1
276 277 1
276 316 3
277 278 2
277 317 2
278 279 2
278 318 3
279 280 5
279 319 1
280 320 5
281 282 5
281 321 4
282 283 5
282 322 3
283 284 2
283 323 3
284 285 5
284 324 2
285 286 5
285 325 5
286 287 5
286 326 5
287 288 1
287 327 4
288 289 5
288 328 1
289 290 1
289 329 2
290 291 5
290 330 1
291 292 2
291 331 4
292 293 2
292 332 1
293 294 1
293 333 1
294 295 2
294 334 1
295 296 2
295 335 2
296 297 4
296 336 3
297 298 2
297 337 2
298 299 1
298 338 5
299 300 2
299 339 5
300 301 3
300 340 2
301 302 5
301 341 3
302 303 2
302 342 5
303 304 5
303 343 1
304 305 5
304 344 4
305 306 5
305 345 2
306 307 5
306 346 4
307 308 2
307 347 1
308 309 4
308 348 4
309 310 2
309 349 4
310 311 3
310 350 1
311 312 3
311 351 4
312 313 3
312 352 3
313 314 1
313 353 2
314 315 5
314 354 5
315 316 2
315 355 4
316 317 4
316 356 5
317 318 3
317 357 2
318 319 1
318 358 5
319 320 4
319 359 3
320 360 5
321 322 1
321 361 5
322 323 4
322 362 5
323 324 2
323 363 2
324 325 3
324 364 4
325 326 1
325 365 4
326 327 2
326 366 1
327 328 1
327 367 5
328 329 2
328 368 3
329 330 2
329 369 4
330 331 4
330 370 1
331 332 4
331 371 5
332 333 1
332 372 2
333 334 3
333 373 1
334 335 4
334 374 3
335 336 2
335 375 1
336 337 1
336 376 5
337 338 3
337 377 5
338 339 1
338 378 3
339 340 3
339 379 4
340 341 1
340 380 2
341 342 3
341 381 2
342 343 5
342 382 3
343 344 5
343 383 4
344 345 2
344 384 2
345 346 3
345 385 4
346 347 3
346 386 5
347 348 3
347 387 2
348 349 1
348 388 5
349 350 4
349 389 2
350 351 4
350 390 3
351 352 1
351 391 1
352 353 5
352 392 3
353 354 1
353 393 2
354 355 2
354 394 2
355 356 5
355 395 4
356 357 2
356 396 2
357 358 2
357 397 3
358 359 4
358 398 1
359 360 3
359 399 5
360 400 3
361 362 3
361 401 2
362 363 2
362 402 1
363 364 1
363 403 5
364 365 1
364 404 4
365 366 5
365 405 4
366 367 5
366 406 5
367 368 5
367 407 4
368 369 5
368 408 2
369 370 5
369 409 3
370 371 2
370 410 1
371 372 2
371 411 2
372 373 4
372 412 1
373 374 4
373 413 1
374 375 4
374 414 2
375 376 3
375 415 1
376 377 5
376 416 5
377 378 2
377 417 3
378 379 5
378 418 4
379 380 5
379 419 2
380 381 3
380 420 5
381 382 1
381 421 2
382 383 2
382 422 1
383 384 5
383 423 5
384 385 2
384 424 1
385 386 5
385 425 4
386 387 4
386 426 3
387 388 1
387 427 2
388 389 1
388 428 1
389 390 1
389 429 2
390 391 1
390 430 2
391 392 3
391 431 1
392 393 1
392 432 4
393 394 5
393 433 1
394 395 4
394 434 4
395 396 1
395 435 2
396 397 2
396 436 5
397 398 3
397 437 2
398 399 5
398 438 5
399 400 4
399 439 3
400 440 4
401 402 2
401 441 4
402 403 2
402 442 2
403 404 2
403 443 4
404 405 4
404 444 2
405 406 5
405 445 1
406 407 1
406 446 1
407 408 5
407 447 5
408 409 3
408 448 4
409 410 1
409 449 3
410 411 4
410 450 5
411 412 5
411 451 4
412 413 4
412 452 3
413 414 1
413 453 2
414 415 2
414 454 1
415 416 3
415 455 1
416 417 1
416 456 4
417 418 1
417 457 4
418 419 3
418 458 2
419 420 4
419 459 5
420 421 2
420 460 1
421 422 2
421 461 1
422 423 3
422 462 1
423 424 1
423 463 3
424 425 3
424 464 3
425 426 1
425 465 5
426 427 1
426 466 4
427 428 5
427 467 1
428 429 3
428 468 4
429 430 5
429 469 2
430 431 5
430 470 1
431 432 1
431 471 3
432 433 5
432 472 4
433 434 2
433 473 5
434 435 2
434 474 1
435 436 3
435 475 2
436 437 3
436 476 1
437 438 3
437 477 1
438 439 3
438 478 4
439 440 5
439 479 2
440 480 4
441 442 2
441 481 2
442 443 3
442 482 4
443 444 2
443 483 2
444 445 5
444 484 2
445 446 3
445 485 5
446 447 1
446 486 5
447 448 5
447 487 4
448 449 2
448 488 3
449 450 3
449 489 2
450 451 4
450 490 5
451 452 5
451 491 5
452 453 4
452 492 3
453 454 4
453 493 1
454 455 5
454 494 4
455 456 4
455 495 4
456 457 4
456 496 1
457 458 4
457 497 2
458 459 4
458 498 4
459 460 5
459 499 1
460 461 5
460 500 3
461 462 2
461 501 5
462 463 3
462 502 3
463 464 5
463 503 3
464 465 4
464 504 3
465 466 3
465 505 3
466 467 5
466 506 5
467 468 2
467 507 1
468 469 2
468 508 1
469 470 4
469 509 2
470 471 3
470 510 3
471 472 1
471 511 1
472 473 5
472 512 1
473 474 2
473 513 1
474 475 5
474 514 4
475 476 2
475 515 3
476 477 5
476 516 4
477 478 3
477 517 1
478 479 1
478 518 2
479 480 5
479 519 3
480 520 1
481 482 2
481 521 5
482 483 3
482 522 1
483 484 5
483 523 2
484 485 2
484 524 2
485 486 4
485 525 2
486 487 3
486 526 2
487 488 3
487 527 1
488 489 3
488 528 2
489 490 5
489 529 2
490 491 5
490 530 1
491 492 3
491 531 2
492 493 4
492 532 5
493 494 2
493 533 4
494 495 2
494 534 5
495 496 2
495 535 3
496 497 5
496 536 2
497 498 1
497 537 1
498 499 4
498 538 3
499 500 3
499 539 2
500 501 1
500 540 4
501 502 3
501 541 1
502 503 4
502 542 5
503 504 1
503 543 4
504 505 3
504 544 1
505 506 4
505 545 1
506 507 4
506 546 2
507 508 1
507 547 1
508 509 4
508 548 1
509 510 1
509 549 3
510 511 3
510 550 3
511 512 4
511 551 2
512 513 4
512 552 1
513 514 5
513 553 4
514 515 1
514 554 4
515 516 5
515 555 2
516 517 5
516 556 5
517 518 5
517 557 3
518 519 4
518 558 1
519 520 5
519 559 1
520 560 2
521 522 5
521 561 1
522 523 4
522 562 4
523 524 4
523 563 3
524 525 5
524 564 3
525 526 4
525 565 1
526 527 3
526 566 4
527 528 1
527 567 5
528 529 3
528 568 3
529 530 5
529 569 3
530 531 5
530 570 5
531 532 2
531 571 3
532 533 4
532 572 2
533 534 2
533 573 4
534 535 5
534 574 4
535 536 2
535 575 4
536 537 2
536 576 5
537 538 1
537 577 5
538 539 1
538 578 2
539 540 3
539 579 2
540 541 4
540 580 1
541 542 5
541 581 4
542 543 2
542 582 4
543 544 2
543 583 5
544 545 5
544 584 3
545 546 4
545 585 5
546 547 1
546 586 3
547 548 3
547 587 2
548 549 5
548 588 5
549 550 4
549 589 5
550 551 5
550 590 5
551 552 3
551 591 4
552 553 2
552 592 3
553 554 3
553 593 5
554 555 3
554 594 2
555 556 4
555 595 5
556 557 5
556 596 3
557 558 1
557 597 3
558 559 5
558 598 1
559 560 3
559 599 5
560 600 1
561 562 1
561 601 4
562 563 5
562 602 4
563 564 4
563 603 1
564 565 5
564 604 2
565 566 5
565 605 1
566 567 1
566 606 4
567 568 5
567 607 2
568 569 4
568 608 3
569 570 3
569 609 3
570 571 1
570 610 1
571 572 1
571 611 3
572 573 4
572 612 3
573 574 1
573 613 2
574 575 3
574 614 5
575 576 1
575 615 3
576 577 5
576 616 1
577 578 5
577 617 5
578 579 5
578 618 1
579 580 3
579 619 5
580 581 3
580 620 1
581 582 5
581 621 3
582 583 1
582 622 1
583 584 5
583 623 4
584 585 2
584 624 2
585 586 3
585 625 2
586 587 5
586 626 2
587 588 4
587 627 2
588 589 5
588 628 3
589 590 5
589 629 5
590 591 1
590 630 1
591 592 4
591 631 3
592 593 3
592 632 3
593 594 4
593 633 5
594 595 1
594 634 4
595 596 1
595 635 2
596 597 5
596 636 3
597 598 4
597 637 5
598 599 5
598 638 5
599 600 4
599 639 5
600 640 1
601 602 2
601 641 5
602 603 3
602 642 1
603 604 4
603 643 2
604 605 3
604 644 1
605 606 5
605 645 1
606 607 1
606 646 3
607 608 1
607 647 3
608 609 4
608 648 3
609 610 4
609 649 3
610 611 3
610 650 1
611 612 5
611 651 2
612 613 4
612 652 3
613 614 2
613 653 4
614 615 2
614 654 2
615 616 2
615 655 5
616 617 1
616 656 3
617 618 3
617 657 2
618 619 4
618 658 1
619 620 5
619 659 4
620 621 4
620 660 3
621 622 4
621 661 5
622 623 5
622 662 5
623 624 4
623 663 1
624 625 5
624 664 2
625 626 3
625 665 2
626 627 2
626 666 3
627 628 5
627 667 2
628 629 5
628 668 3
629 630 5
629 669 4
630 631 5
630 670 1
631 632 2
631 671 5
632 633 2
632 672 3
633 634 3
633 673 3
634 635 4
634 674 2
635 636 1
635 675 4
636 637 4
636 676 5
637 638 4
637 677 5
638 639 3
638 678 1
639 640 4
639 679 3
640 680 2
641 642 2
641 681 5
642 643 1
642 682 1
643 644 4
643 683 3
644 645 3
644 684 5
645 646 5
645 685 2
646 647 4
646 686 5
647 648 5
647 687 3
648 649 5
648 688 4
649 650 2
649 689 4
650 651 3
650 690 4
651 652 1
651 691 3
652 653 2
652 692 3
653 654 3
653 693 4
654 655 3
654 694 5
655 656 1
655 695 2
656 657 4
656 696 4
657 658 4
657 697 3
658 659 5
658 698 4
659 660 3
659 699 1
660 661 5
660 700 5
661 662 1
661 701 5
662 663 5
662 702 3
663 664 5
663 703 2
664 665 4
664 704 3
665 666 5
665 705 4
666 667 1
666 706 2
667 668 2
667 707 5
668 669 2
668 708 5
669 670 1
669 709 3
670 671 5
670 710 5
671 672 4
671 711 1
672 673 3
672 712 1
673 674 3
673 713 4
674 675 1
674 714 5
675 676 2
675 715 1
676 677 5
676 716 3
677 678 3
677 717 1
678 679 5
678 718 4
679 680 1
679 719 1
680 720 3
681 682 4
681 721 4
682 683 2
682 722 3
683 684 4
683 723 2
684 685 5
684 724 3
685 686 4
685 725 1
686 687 2
686 726 1
687 688 3
687 727 4
688 689 1
688 728 5
689 690 1
689 729 3
690 691 4
690 730 4
691 692 1
691 731 2
692 693 4
692 732 2
693 694 2
693 733 1
694 695 1
694 734 2
695 696 3
695 735 5
696 697 5
696 736 3
697 698 2
697 737 3
698 699 3
698 738 3
699 700 3
699 739 3
700 701 4
700 740 3
701 702 1
701 741 4
702 703 1
702 742 1
703 704 5
703 743 3
704 705 5
704 744 3
705 706 3
705 745 1
706 707 2
706 746 2
707 708 3
707 747 5
708 709 1
708 748 5
709 710 5
709 749 5
710 711 2
710 750 5
711 712 3
711 751 5
712 713 3
712 752 4
713 714 3
713 753 2
714 715 1
714 754 5
715 716 4
715 755 4
716 717 4
716 756 3
717 718 5
717 757 4
718 719 4
718 758 3
719 720 3
719 759 1
720 760 4
721 722 4
721 761 1
722 723 4
722 762 3
723 724 4
723 763 2
724 725 2
724 764 1
725 726 2
725 765 1
726 727 3
726 766 3
727 728 1
727 767 1
728 729 3
728 768 3
729 730 3
729 769 4
730 731 5
730 770 5
731 732 3
731 771 2
732 733 5
732 772 3
733 734 4
733 773 4
734 735 2
734 774 2
735 736 4
735 775 3
736 737 3
736 776 2
737 738 5
737 777 1
738 739 2
738 778 3
739 740 2
739 779 5
740 741 1
740 780 2
741 742 5
741 781 1
742 743 1
742 782 3
743 744 4
743 783 1
744 745 2
744 784 4
745 746 2
745 785 1
746 747 4
746 786 4
747 748 5
747 787 5
748 749 1
748 788 1
749 750 2
749 789 5
750 751 5
750 790 3
751 752 2
751 791 1
752 753 4
752 792 2
753 754 2
753 793 4
754 755 5
754 794 3
755 756 5
755 795 5
756 757 1
756 796 1
757 758 1
757 797 4
758 759 5
758 798 5
759 760 5
759 799 5
760 800 3
761 762 3
761 801 3
762 763 1
762 802 2
763 764 2
763 803 5
764 765 4
764 804 5
765 766 5
765 805 2
766 767 1
766 806 2
767 768 1
767 807 2
768 769 4
768 808 5
769 770 3
769 809 5
770 771 4
770 810 4
771 772 3
771 811 1
772 773 5
772 812 3
773 774 5
773 813 5
774 775 5
774 814 1
775 776 4
775 815 3
776 777 2
776 816 3
777 778 3
777 817 2
778 779 2
778 818 5
779 780 3
779 819 1
780 781 1
780 820 3
781 782 5
781 821 3
782 783 4
782 822 3
783 784 3
783 823 1
784 785 1
784 824 1
785 786 2
785 825 5
786 787 2
786 826 4
787 788 4
787 827 4
788 789 4
788 828 4
789 790 3
789 829 1
790 791 4
790 830 2
791 792 3
791 831 4
792 793 5
792 832 2
793 794 1
793 833 5
794 795 3
794 834 5
795 796 3
795 835 1
796 797 2
796 836 4
797 798 5
797 837 4
798 799 4
798 838 3
799 800 2
799 839 5
800 840 3
801 802 5
801 841 4
802 803 1
802 842 1
803 804 2
803 843 3
804 805 2
804 844 3
805 806 5
805 845 4
806 807 4
806 846 1
807 808 4
807 847 5
808 809 3
808 848 3
809 810 1
809 849 5
810 811 4
810 850 4
811 812 3
811 851 5
812 813 3
812 852 3
813 814 1
813 853 5
814 815 5
814 854 4
815 816 5
815 855 1
816 817 4
816 856 1
817 818 1
817 857 3
818 819 5
818 858 4
819 820 2
819 859 2
820 821 3
820 860 4
821 822 4
821 861 4
822 823 4
822 862 3
823 824 3
823 863 1
824 825 3
824 864 1
825 826 2
825 865 3
826 827 2
826 866 3
827 828 4
827 867 4
828 829 2
828 868 5
829 830 1
829 869 5
830 831 5
830 870 5
831 832 4
831 871 2
832 833 2
832 872 4
833 834 3
833 873 5
834 835 3
834 874 3
835 836 4
835 875 1
836 837 2
836 876 5
837 838 3
837 877 4
838 839 4
838 878 3
839 840 5
839 879 2
840 880 2
841 842 3
841 881 3
842 843 2
842 882 3
843 844 3
843 883 2
844 845 5
844 884 5
845 846 5
845 885 4
846 847 2
846 886 3
847 848 2
847 887 2
848 849 3
848 888 1
849 850 1
849 889 3
850 851 1
850 890 2
851 852 4
851 891 5
852 853 3
852 892 5
853 854 4
853 893 5
854 855 3
854 894 5
855 856 4
855 895 1
856 857 1
856 896 1
857 858 2
857 897 3
858 859 1
858 898 4
859 860 1
859 899 5
860 861 4
860 900 3
861 862 1
861 901 5
862 863 5
862 902 3
863 864 3
863 903 1
864 865 2
864 904 1
865 866 1
865 905 5
866 867 5
866 906 5
867 868 2
867 907 1
868 869 1
868 908 2
869 870 2
869 909 4
870 871 5
870 910 1
871 872 1
871 911 1
872 873 5
872 912 5
873 874 5
873 913 4
874 875 3
874 914 5
875 876 5
875 915 1
876 877 4
876 916 4
877 878 2
877 917 2
878 879 1
878 918 3
879 880 2
879 919 2
880 920 3
881 882 2
881 921 1
882 883 1
882 922 3
883 884 2
883 923 1
884 885 4
884 924 1
885 886 4
885 925 5
886 887 3
886 926 4
887 888 3
887 927 3
888 889 2
888 928 4
889 890 1
889 929 2
890 891 3
890 930 2
891 892 5
891 931 2
892 893 3
892 932 3
893 894 2
893 933 2
894 895 1
894 934 1
895 896 2
895 935 1
896 897 2
896 936 4
897 898 4
897 937 3
898 899 1
898 938 2
899 900 5
899 939 5
900 901 5
900 940 3
901 902 4
901 941 4
902 903 4
902 942 3
903 904 5
903 943 4
904 905 1
904 944 5
905 906 5
905 945 1
906 907 5
906 946 3
907 908 4
907 947 2
908 909 1
908 948 2
909 910 3
909 949 2
910 911 2
910 950 2
911 912 5
911 951 2
912 913 5
912 952 1
913 914 2
913 953 3
914 915 1
914 954 4
915 916 1
915 955 4
916 917 1
916 956 5
917 918 2
917 957 2
918 919 2
918 958 2
919 920 2
919 959 4
920 960 4
921 922 4
921 961 5
922 923 3
922 962 1
923 924 3
923 963 4
924 925 4
924 964 5
925 926 1
925 965 5
926 927 2
926 966 1
927 928 4
927 967 4
928 929 5
928 968 1
929 930 3
929 969 1
930 931 4
930 970 5
931 932 3
931 971 2
932 933 1
932 972 5
933 934 3
933 973 5
934 935 1
934 974 5
935 936 1
935 975 4
936 937 2
936 976 3
937 938 5
937 977 4
938 939 2
938 978 1
939 940 3
939 979 3
940 941 1
940 980 5
941 942 3
941 981 3
942 943 3
942 982 2
943 944 3
943 983 2
944 945 1
944 984 5
945 946 2
945 985 5
946 947 4
946 986 3
947 948 3
947 987 2
948 949 1
948 988 5
949 950 3
949 989 3
950 951 2
950 990 5
951 952 4
951 991 5
952 953 1
952 992 4
953 954 1
953 993 3
954 955 1
954 994 2
955 956 2
955 995 2
956 957 2
956 996 5
957 958 3
957 997 5
958 959 5
958 998 2
959 960 4
959 999 5
960 1000 1
961 962 4
961 1001 2
962 963 4
962 1002 3
963 964 3
963 1003 1
964 965 2
964 1004 1
965 966 4
965 1005 5
966 967 5
966 1006 1
967 968 5
967 1007 3
968 969 2
968 1008 1
969 970 5
969 1009 4
970 971 4
970 1010 4
971 972 1
971 1011 5
972 973 1
972 1012 4
973 974 1
973 1013 4
974 975 3
974 1014 5
975 976 2
975 1015 2
976 977 1
976 1016 4
977 978 1
977 1017 5
978 979 2
978 1018 5
979 980 3
979 1019 3
980 981 1
980 1020 2
981 982 5
981 1021 2
982 983 5
982 1022 2
983 984 5
983 1023 4
984 985 5
984 1024 1
985 986 1
985 1025 3
986 987 5
986 1026 2
987 988 3
987 1027 2
988 989 3
988 1028 3
989 990 4
989 1029 2
990 991 2
990 1030 5
991 992 3
991 1031 1
992 993 5
992 1032 1
993 994 1
993 1033 3
994 995 5
994 1034 4
995 996 2
995 1035 5
996 997 3
996 1036 2
997 998 3
997 1037 1
998 999 3
998 1038 1
999 1000 5
999 1039 2
1000 1040 3
1001 1002 2
1001 1041 2
1002 1003 2
1002 1042 1
1003 1004 2
1003 1043 4
1004 1005 4
1004 1044 4
1005 1006 4
1005 1045 5
1006 1007 2
1006 1046 5
1007 1008 5
1007 1047 4
1008 1009 1
1008 1048 5
1009 1010 4
1009 1049 1
1010 1011 5
1010 1050 2
1011 1012 2
1011 1051 1
1012 1013 1
1012 1052 2
1013 1014 5
1013 1053 3
1014 1015 5
1014 1054 1
1015 1016 4
1015 1055 1
1016 1017 3
1016 1056 1
1017 1018 5
1017 1057 4
1018 1019 3
1018 1058 1
1019 1020 5
1019 1059 4
1020 1021 2
1020 1060 4
1021 1022 5
1021 1061 5
1022 1023 1
1022 1062 5
1023 1024 5
1023 1063 4
1024 1025 2
1024 1064 3
1025 1026 1
1025 1065 4
1026 1027 5
1026 1066 3
1027 1028 4
1027 1067 5
1028 1029 4
1028 1068 4
1029 1030 1
1029 1069 1
1030 1031 4
1030 1070 4
1031 1032 2
1031 1071 5
1032 1033 4
1032 1072 5
1033 1034 5
1033 1073 2
1034 1035 5
1034 1074 5
1035 1036 4
1035 1075 4
1036 1037 2
1036 1076 2
1037 1038 1
1037 1077 1
1038 1039 2
1038 1078 1
1039 1040 2
1039 1079 1
1040 1080 1
1041 1042 5
1041 1081 3
1042 1043 4
1042 1082 3
1043 1044 2
1043 1083 3
1044 1045 3
1044 1084 5
1045 1046 4
1045 1085 5
1046 1047 1
1046 1086 1
1047 1048 2
1047 1087 2
1048 1049 5
1048 1088 4
1049 1050 2
1049 1089 1
1050 1051 2
1050 1090 2
1051 1052 4
1051 1091 3
1052 1053 4
1052 1092 5
1053 1054 3
1053 1093 1
1054 1055 3
1054 1094 5
1055 1056 1
1055 1095 3
1056 1057 2
1056 1096 2
1057 1058 3
1057 1097 1
1058 1059 2
1058 1098 1
1059 1060 4
1059 1099 2
1060 1061 2
1060 1100 3
1061 1062 4
1061 1101 2
1062 1063 4
1062 1102 4
1063 1064 1
1063 1103 1
1064 1065 5
1064 1104 2
1065 1066 5
1065 1105 5
1066 1067 5
1066 1106 5
1067 1068 2
1067 1107 4
1068 1069 3
1068 1108 3
1069 1070 4
1069 1109 3
1070 1071 3
1070 1110 3
1071 1072 2
1071 1111 1
1072 1073 5
1072 1112 1
1073 1074 2
1073 1113 5
1074 1075 4
1074 1114 2
1075 1076 5
1075 1115 3
1076 1077 4
1076 1116 4
1077 1078 5
1077 1117 2
1078 1079 2
1078 1118 1
1079 1080 5
1079 1119 3
1080 1120 4
1081 1082 1
1081 1121 3
1082 1083 4
1082 1122 3
1083 1084 5
1083 1123 1
1084 1085 2
1084 1124 5
1085 1086 3
1085 1125 4
1086 1087 2
1086 1126 2
1087 1088 5
1087 1127 2
1088 1089 4
1088 1128 1
1089 1090 3
1089 1129 3
1090 1091 1
1090 1130 3
1091 1092 2
1091 1131 1
1092 1093 4
1092 1132 3
1093 1094 1
1093 1133 2
1094 1095 3
1094 1134 5
1095 1096 1
1095 1135 2
1096 1097 4
1096 1136 2
1097 1098 4
1097 1137 3
1098 1099 5
1098 1138 1
1099 1100 5
1099 1139 1
1100 1101 3
1100 1140 3
1101 1102 2
1101 1141 4
1102 1103 4
1102 1142 4
1103 1104 3
1103 1143 4
1104 1105 1
1104 1144 3
1105 1106 3
1105 1145 3
1106 1107 5
1106 1146 4
1107 1108 4
1107 1147 5
1108 1109 5
1108 1148 5
1109 1110 1
1109 1149 2
1110 1111 3
1110 1150 2
1111 1112 5
1111 1151 2
1112 1113 2
1112 1152 5
1113 1114 4
1113 1153 5
1114 1115 4
1114 1154 1
1115 1116 4
1115 1155 5
1116 1117 2
1116 1156 5
1117 1118 1
1117 1157 4
1118 1119 4
1118 1158 2
1119 1120 1
1119 1159 3
1120 1160 1
1121 1122 1
1121 1161 3
1122 1123 1
1122 1162 2
1123 1124 5
1123 1163 3
1124 1125 1
1124 1164 4
1125 1126 2
1125 1165 5
1126 1127 1
1126 1166 5
1127 1128 2
1127 1167 3
1128 1129 5
1128 1168 2
1129 1130 1
1129 1169 4
1130 1131 1
1130 1170 1
1131 1132 2
1131 1171 3
1132 1133 4
1132 1172 2
1133 1134 1
1133 1173 4
1134 1135 1
1134 1174 1
1135 1136 2
1135 1175 4
1136 1137 4
1136 1176 1
1137 1138 2
1137 1177 3
1138 1139 2
1138 1178 5
1139 1140 5
1139 1179 3
1140 1141 4
1140 1180 3
1141 1142 1
1141 1181 5
1142 1143 2
1142 1182 1
1143 1144 2
1143 1183 2
1144 1145 5
1144 1184 4
1145 1146 5
1145 1185 2
1146 1147 5
1146 1186 1
1147 1148 3
1147 1187 2
1148 1149 1
1148 1188 2
1149 1150 1
1149 1189 3
1150 1151 3
1150 1190 4
1151 1152 3
1151 1191 3
1152 1153 2
1152 1192 5
1153 1154 3
1153 1193 4
1154 1155 3
1154 1194 1
1155 1156 3
1155 1195 2
1156 1157 2
1156 1196 5
1157 1158 5
1157 1197 1
1158 1159 2
1158 1198 5
1159 1160 2
1159 1199 5
1160 1200 3
1161 1162 1
1161 1201 3
1162 1163 4
1162 1202 3
1163 1164 3
1163 1203 4
1164 1165 3
1164 1204 1
1165 1166 4
1165 1205 4
1166 1167 3
1166 1206 5
1167 1168 2
1167 1207 2
1168 1169 5
1168 1208 2
1169 1170 2
1169 1209 2
1170 1171 2
1170 1210 5
1171 1172 2
1171 1211 2
1172 1173 3
1172 1212 1
1173 1174 4
1173 1213 4
1174 1175 1
1174 1214 1
1175 1176 2
1175 1215 1
1176 1177 4
1176 1216 5
1177 1178 1
1177 1217 2
1178 1179 5
1178 1218 2
1179 1180 4
1179 1219 2
1180 1181 3
1180 1220 1
1181 1182 1
1181 1221 1
1182 1183 1
1182 1222 1
1183 1184 3
1183 1223 4
1184 1185 2
1184 1224 1
1185 1186 5
1185 1225 2
1186 1187 5
1186 1226 5
1187 1188 2
1187 1227 3
1188 1189 1
1188 1228 5
1189 1190 5
1189 1229 3
1190 1191 5
1190 1230 1
1191 1192 5
1191 1231 2
1192 1193 1
1192 1232 5
1193 1194 5
1193 1233 2
1194 1195 2
1194 1234 5
1195 1196 2
1195 1235 4
1196 1197 2
1196 1236 1
1197 1198 3
1197 1237 1
1198 1199 4
1198 1238 2
1199 1200 4
1199 1239 2
1200 1240 4
1201 1202 4
1201 1241 1
1202 1203 3
1202 1242 1
1203 1204 4
1203 1243 5
1204 1205 5
1204 1244 2
1205 1206 1
1205 1245 2
1206 1207 3
1206 1246 4
1207 1208 2
1207 1247 5
1208 1209 4
1208 1248 3
1209 1210 2
1209 1249 4
1210 1211 3
1210 1250 3
1211 1212 3
1211 1251 4
1212 1213 2
1212 1252 1
1213 1214 1
1213 1253 2
1214 1215 5
1214 1254 2
1215 1216 1
1215 1255 3
1216 1217 4
1216 1256 1
1217 1218 3
1217 1257 4
1218 1219 1
1218 1258 5
1219 1220 3
1219 1259 4
1220 1221 3
1220 1260 1
1221 1222 2
1221 1261 3
1222 1223 4
1222 1262 1
1223 1224 1
1223 1263 5
1224 1225 4
1224 1264 5
1225 1226 2
1225 1265 2
1226 1227 1
1226 1266 5
1227 1228 1
1227 1267 2
1228 1229 3
1228 1268 5
1229 1230 4
1229 1269 4
1230 1231 1
1230 1270 1
1231 1232 2
1231 1271 2
1232 1233 1
1232 1272 5
1233 1234 1
1233 1273 4
1234 1235 3
1234 1274 4
1235 1236 1
1235 1275 2
1236 1237 4
1236 1276 5
1237 1238 5
1237 1277 1
1238 1239 2
1238 1278 4
1239 1240 2
1239 1279 1
1240 1280 1
1241 1242 2
1241 1281 5
1242 1243 4
1242 1282 1
1243 1244 5
1243 1283 3
1244 1245 1
1244 1284 5
1245 1246 1
1245 1285 4
1246 1247 2
1246 1286 5
1247 1248 2
1247 1287 2
1248 1249 3
1248 1288 3
1249 1250 2
1249 1289 1
1250 1251 3
1250 1290 3
1251 1252 3
1251 1291 4
1252 1253 3
1252 1292 2
1253 1254 4
1253 1293 4
1254 1255 4
1254 1294 3
1255 1256 5
1255 1295 4
1256 1257 1
1256 1296 2
1257 1258 3
1257 1297 2
1258 1259 3
1258 1298 5
1259 1260 1
1259 1299 3
1260 1261 4
1260 1300 2
1261 1262 5
1261 1301 3
1262 1263 3
1262 1302 4
1263 1264 1
1263 1303 2
1264 1265 2
1264 1304 2
1265 1266 4
1265 1305 2
1266 1267 5
1266 1306 3
1267 1268 2
1267 1307 2
1268 1269 5
1268 1308 1
1269 1270 2
1269 1309 2
1270 1271 5
1270 1310 4
1271 1272 4
1271 1311 4
1272 1273 2
1272 1312 5
1273 1274 2
1273 1313 4
1274 1275 2
1274 1314 3
1275 1276 3
1275 1315 1
1276 1277 4
1276 1316 2
1277 1278 1
1277 1317 4
1278 1279 3
1278 1318 2
1279 1280 5
1279 1319 2
1280 1320 4
1281 1282 2
1281 1321 2
1282 1283 2
1282 1322 3
1283 1284 4
1283 1323 2
1284 1285 3
1284 1324 1
1285 1286 5
1285 1325 5
1286 1287 3
1286 1326 1
1287 1288 2
1287 1327 3
1288 1289 4
1288 1328 5
1289 1290 4
1289 1329 5
1290 1291 3
1290 1330 5
1291 1292 3
1291 1331 5
1292 1293 2
1292 1332 1
1293 1294 3
1293 1333 2
1294 1295 3
1294 1334 1
1295 1296 3
1295 1335 3
1296 1297 2
1296 1336 2
1297 1298 2
1297 1337 2
1298 1299 3
1298 1338 2
1299 1300 1
1299 1339 5
1300 1301 2
1300 1340 1
1301 1302 4
1301 1341 2
1302 1303 1
1302 1342 4
1303 1304 4
1303 1343 5
1304 1305 4
1304 1344 3
1305 1306 1
1305 1345 4
1306 1307 4
1306 1346 3
1307 1308 5
1307 1347 2
1308 1309 3
1308 1348 2
1309 1310 5
1309 1349 5
1310 1311 2
1310 1350 5
1311 1312 2
1311 1351 4
1312 1313 5
1312 1352 1
1313 1314 5
1313 1353 2
1314 1315 2
1314 1354 4
1315 1316 3
1315 1355 1
1316 1317 2
1316 1356 5
1317 1318 3
1317 1357 3
1318 1319 3
1318 1358 5
1319 1320 2
1319 1359 3
1320 1360 3
1321 1322 5
1321 1361 4
1322 1323 2
1322 1362 3
1323 1324 5
1323 1363 4
1324 1325 1
1324 1364 3
1325 1326 3
1325 1365 2
1326 1327 1
1326 1366 3
1327 1328 1
1327 1367 5
1328 1329 4
1328 1368 1
1329 1330 2
1329 1369 4
1330 1331 1
1330 1370 5
1331 1332 5
1331 1371 4
1332 1333 3
1332 1372 2
1333 1334 2
1333 1373 2
1334 1335 3
1334 1374 1
1335 1336 5
1335 1375 3
1336 1337 2
1336 1376 4
1337 1338 1
1337 1377 4
1338 1339 5
1338 1378 4
1339 1340 3
1339 1379 1
1340 1341 5
1340 1380 5
1341 1342 2
1341 1381 4
1342 1343 4
1342 1382 1
1343 1344 1
1343 1383 5
1344 1345 1
1344 1384 4
1345 1346 1
1345 1385 1
1346 1347 3
1346 1386 4
1347 1348 5
1347 1387 2
1348 1349 2
1348 1388 5
1349 1350 3
1349 1389 5
1350 1351 4
1350 1390 5
1351 1352 3
1351 1391 2
1352 1353 4
1352 1392 2
1353 1354 2
1353 1393 4
1354 1355 5
1354 1394 5
1355 1356 5
1355 1395 1
1356 1357 5
1356 1396 3
1357 1358 1
1357 1397 4
1358 1359 2
1358 1398 4
1359 1360 2
1359 1399 2
1360 1400 5
1361 1362 2
1361 1401 5
1362 1363 4
1362 1402 3
1363 1364 2
1363 1403 2
1364 1365 5
1364 1404 2
1365 1366 2
1365 1405 3
1366 1367 1
1366 1406 3
1367 1368 4
1367 1407 1
1368 1369 3
1368 1408 1
1369 1370 5
1369 1409 3
1370 1371 1
1370 1410 5
1371 1372 4
1371 1411 4
1372 1373 4
1372 1412 3
1373 1374 2
1373 1413 4
1374 1375 2
1374 1414 2
1375 1376 4
1375 1415 1
1376 1377 4
1376 1416 4
1377 1378 4
1377 1417 3
1378 1379 3
1378 1418 3
1379 1380 3
1379 1419 1
1380 1381 5
1380 1420 5
1381 1382 1
1381 1421 2
1382 1383 2
1382 1422 2
1383 1384 3
1383 1423 2
1384 1385 4
1384 1424 2
1385 1386 5
1385 1425 4
1386 1387 5
1386 1426 5
1387 1388 2
1387 1427 5
1388 1389 5
1388 1428 3
1389 1390 5
1389 1429 1
1390 1391 2
1390 1430 5
1391 1392 2
1391 1431 5
1392 1393 3
1392 1432 2
1393 1394 3
1393 1433 2
1394 1395 5
1394 1434 2
1395 1396 3
1395 1435 1
1396 1397 5
1396 1436 1
1397 1398 3
1397 1437 5
1398 1399 2
1398 1438 1
1399 1400 3
1399 1439 1
1400 1440 3
1401 1402 2
1401 1441 5
1402 1403 1
1402 1442 2
1403 1404 1
1403 1443 5
1404 1405 5
1404 1444 3
1405 1406 1
1405 1445 5
1406 1407 3
1406 1446 1
1407 1408 4
1407 1447 3
1408 1409 1
1408 1448 4
1409 1410 5
1409 1449 5
1410 1411 2
1410 1450 1
1411 1412 1
1411 1451 5
1412 1413 5
1412 1452 1
1413 1414 2
1413 1453 3
1414 1415 1
1414 1454 2
1415 1416 4
1415 1455 4
1416 1417 3
1416 1456 3
1417 1418 2
1417 1457 3
1418 1419 3
1418 1458 5
1419 1420 4
1419 1459 4
1420 1421 4
1420 1460 3
1421 1422 2
1421 1461 2
1422 1423 5
1422 1462 3
1423 1424 4
1423 1463 3
1424 1425 4
1424 1464 1
1425 1426 1
1425 1465 5
1426 1427 1
1426 1466 1
1427 1428 5
1427 1467 1
1428 1429 5
1428 1468 4
1429 1430 5
1429 1469 4
1430 1431 4
1430 1470 2
1431 1432 1
1431 1471 3
1432 1433 5
1432 1472 3
1433 1434 4
1433 1473 2
1434 1435 3
1434 1474 5
1435 1436 3
1435 1475 2
1436 1437 1
1436 1476 4
1437 1438 2
1437 1477 2
1438 1439 5
1438 1478 5
1439 1440 4
1439 1479 5
1440 1480 4
1441 1442 3
1441 1481 1
1442 1443 3
1442 1482 3
1443 1444 4
1443 1483 4
1444 1445 3
1444 1484 5
1445 1446 3
1445 1485 1
1446 1447 5
1446 1486 3
1447 1448 5
1447 1487 4
1448 1449 1
1448 1488 1
1449 1450 4
1449 1489 2
1450 1451 4
1450 1490 1
1451 1452 3
1451 1491 2
1452 1453 4
1452 1492 2
1453 1454 5
1453 1493 1
1454 1455 1
1454 1494 5
1455 1456 5
1455 1495 1
1456 1457 1
1456 1496 4
1457 1458 5
1457 1497 5
1458 1459 1
1458 1498 4
1459 1460 2
1459 1499 3
1460 1461 3
1460 1500 3
1461 1462 2
1461 1501 3
1462 1463 4
1462 1502 1
1463 1464 2
1463 1503 2
1464 1465 4
1464 1504 3
1465 1466 3
1465 1505 5
1466 1467 2
1466 1506 5
1467 1468 2
1467 1507 3
1468 1469 3
1468 1508 3
1469 1470 4
1469 1509 3
1470 1471 1
1470 1510 2
1471 1472 3
1471 1511 5
1472 1473 1
1472 1512 3
1473 1474 3
1473 1513 5
1474 1475 2
1474 1514 4
1475 1476 5
1475 1515 1
1476 1477 1
1476 1516 2
1477 1478 5
1477 1517 1
1478 1479 3
1478 1518 5
1479 1480 2
1479 1519 2
1480 1520 3
1481 1482 4
1481 1521 4
1482 1483 2
1482 1522 3
1483 1484 5
1483 1523 1
1484 1485 1
1484 1524 3
1485 1486 2
1485 1525 5
1486 1487 5
1486 1526 2
1487 1488 4
1487 1527 5
1488 1489 5
1488 1528 1
1489 1490 1
1489 1529 2
1490 1491 1
1490 1530 2
1491 1492 4
1491 1531 5
1492 1493 3
1492 1532 3
1493 1494 4
1493 1533 4
1494 1495 1
1494 1534 3
1495 1496 1
1495 1535 2
1496 1497 2
1496 1536 5
1497 1498 5
1497 1537 4
1498 1499 1
1498 1538 5
1499 1500 5
1499 1539 3
1500 1501 2
1500 1540 4
1501 1502 2
1501 1541 4
1502 1503 5
1502 1542 5
1503 1504 2
1503 1543 1
1504 1505 4
1504 1544 3
1505 1506 2
1505 1545 5
1506 1507 1
1506 1546 2
1507 1508 5
1507 1547 3
1508 1509 4
1508 1548 4
1509 1510 5
1509 1549 2
1510 1511 3
1510 1550 2
1511 1512 4
1511 1551 4
1512 1513 4
1512 1552 4
1513 1514 3
1513 1553 4
1514 1515 5
1514 1554 3
1515 1516 5
1515 1555 2
1516 1517 1
1516 1556 3
1517 1518 5
1517 1557 5
1518 1519 3
1518 1558 3
1519 1520 2
1519 1559 1
1520 1560 3
1521 1522 1
1521 1561 2
1522 1523 2
1522 1562 3
1523 1524 5
1523 1563 1
1524 1525 1
1524 1564 3
1525 1526 2
1525 1565 2
1526 1527 5
1526 1566 5
1527 1528 5
1527 1567 5
1528 1529 4
1528 1568 2
1529 1530 1
1529 1569 3
1530 1531 5
1530 1570 1
1531 1532 3
1531 1571 3
1532 1533 4
1532 1572 3
1533 1534 3
1533 1573 2
1534 1535 4
1534 1574 4
1535 1536 5
1535 1575 4
1536 1537 1
1536 1576 4
1537 1538 3
1537 1577 1
1538 1539 5
1538 1578 2
1539 1540 3
1539 1579 5
1540 1541 1
1540 1580 4
1541 1542 1
1541 1581 1
1542 1543 4
1542 1582 2
1543 1544 1
1543 1583 1
1544 1545 3
1544 1584 4
1545 1546 1
1545 1585 1
1546 1547 4
1546 1586 1
1547 1548 2
1547 1587 4
1548 1549 2
1548 1588 4
1549 1550 5
1549 1589 3
1550 1551 2
1550 1590 3
1551 1552 2
1551 1591 2
1552 1553 4
1552 1592 1
1553 1554 2
1553 1593 1
1554 1555 2
1554 1594 1
1555 1556 5
1555 1595 1
1556 1557 4
1556 1596 5
1557 1558 5
1557 1597 4
1558 1559 2
1558 1598 5
1559 1560 5
1559 1599 3
1560 1600 3
1561 1562 2
1562 1563 3
1563 1564 1
1564 1565 5
1565 1566 1
1566 1567 4
1567 1568 4
1568 1569 5
1569 1570 4
1570 1571 1
1571 1572 2
1572 1573 3
1573 1574 3
1574 1575 5
1575 1576 3
1576 1577 1
1577 1578 1
1578 1579 1
1579 1580 1
1580 1581 5
1581 1582 5
1582 1583 2
1583 1584 3
1584 1585 2
1585 1586 5
1586 1587 5
1587 1588 4
1588 1589 3
1589 1590 3
1590 1591 4
1591 1592 3
1592 1593 2
1593 1594 1
1594 1595 5
1595 1596 2
1596 1597 2
1597 1598 5
1598 1599 5
1599 1600 5
1 1561 5
2 1562 4
3 1563 1
4 1564 5
5 1565 2
6 1566 1
7 1567 2
8 1568 1
9 1569 3
10 1570 5
11 1571 2
12 1572 1
13 1573 1
14 1574 1
15 1575 3
16 1576 4
17 1577 1
18 1578 2
19 1579 2
20 1580 3
21 1581 4
22 1582 1
23 1583 4
24 1584 2
25 1585 1
26 1586 5
27 1587 3
28 1588 1
29 1589 2
30 1590 4
31 1591 2
32 1592 3
33 1593 3
34 1594 4
35 1595 2
36 1596 3
37 1597 4
38 1598 2
39 1599 4
40 1600 5
1 40 2
41 80 5
81 120 5
121 160 5
161 200 3
201 240 5
241 280 1
281 320 2
321 360 1
361 400 3
401 440 2
441 480 2
481 520 3
521 560 5
561 600 3
601 640 5
641 680 2
681 720 5
721 760 2
761 800 5
801 840 1
841 880 3
881 920 2
921 960 2
961 1000 1
1001 1040 3
1041 1080 1
1081 1120 3
1121 1160 3
1161 1200 2
1201 1240 3
1241 1280 2
1281 1320 1
1321 1360 2
1361 1400 3
1401 1440 4
1441 1480 4
1481 1520 1
1521 1560 3
1561 1600 1
