1600 3200
1 2 4
1 41 5
2 3 2
2 42 3
3 4 1
3 43 1
4 5 4
4 44 3
5 6 5
5 45 3
6 7 2
6 46 2
7 8 2
7 47 3
8 9 4
8 48 1
9 10 2
9 49 4
10 11 3
10 50 3
11 12 3
11 51 2
12 13 3
12 52 4
13 14 2
13 53 1
14 15 5
14 54 4
15 16 5
15 55 2
16 17 3
16 56 3
17 18 1
17 57 3
18 19 5
18 58 3
19 20 4
19 59 1
20 21 3
20 60 1
21 22 5
21 61 1
22 23 3
22 62 1
23 24 2
23 63 4
24 25 2
24 64 2
25 26 4
25 65 4
26 27 4
26 66 1
27 28 1
27 67 3
28 29 1
28 68 2
29 30 3
29 69 4
30 31 5
30 70 4
31 32 5
31 71 2
32 33 5
32 72 2
33 34 1
33 73 1
34 35 3
34 74 5
35 36 5
35 75 2
36 37 2
36 76 1
37 38 1
37 77 4
38 39 3
38 78 5
39 40 2
39 79 2
40 80 4
41 42 4
41 81 4
42 43 3
42 82 1
43 44 5
43 83 1
44 45 2
44 84 3
45 46 2
45 85 4
46 47 1
46 86 4
47 48 2
47 87 3
48 49 4
48 88 1
49 50 5
49 89 2
50 51 5
50 90 4
51 52 1
51 91 2
52 53 4
52 92 2
53 54 3
53 93 2
54 55 4
54 94 2
55 56 5
55 95 1
56 57 4
56 96 5
57 58 5
57 97 5
58 59 4
58 98 2
59 60 2
59 99 3
60 61 1
60 100 5
61 62 2
61 101 4
62 63 2
62 102 3
63 64 4
63 103 1
64 65 2
64 104 4
65 66 3
65 105 3
66 67 4
66 106 3
67 68 5
67 107 2
68 69 1
68 108 3
69 70 1
69 109 1
70 71 3
70 110 4
71 72 1
71 111 3
72 73 2
72 112 2
73 74 4
73 113 4
74 75 3
74 114 5
75 76 4
75 115 1
76 77 4
76 116 5
77 78 2
77 117 4
78 79 5
78 118 4
79 80 2
79 119 1
80 120 4
81 82 2
81 121 1
82 83 3
82 122 3
83 84 5
83 123 3
84 85 5
84 124 1
85 86 1
85 125 3
86 87 5
86 126 1
87 88 3
87 127 2
88 89 1
88 128 1
89 90 3
89 129 4
90 91 4
90 130 1
91 92 1
91 131 3
92 93 3
92 132 5
93 94 1
93 133 2
94 95 1
94 134 2
95 96 4
95 135 4
96 97 2
96 136 2
97 98 5
97 137 1
98 99 3
98 138 1
99 100 3
99 139 4
100 101 2
100 140 3
101 102 2
101 141 2
102 103 3
102 142 4
103 104 3
103 143 3
104 105 5
104 144 3
105 106 4
105 145 3
106 107 3
106 146 3
107 108 3
107 147 5
108 109 4
108 148 5
109 110 3
109 149 3
110 111 5
110 150 5
111 112 3
111 151 4
112 113 2
112 152 3
113 114 2
113 153 1
114 115 2
114 154 4
115 116 5
115 155 1
116 117 4
116 156 1
117 118 1
117 157 5
118 119 3
118 158 5
119 120 4
119 159 2
120 160 1
121 122 3
121 161 5
122 123 5
122 162 2
123 124 3
123 163 5
124 125 5
124 164 2
125 126 3
125 165 2
126 127 2
126 166 4
127 128 4
127 167 2
128 129 4
128 168 5
129 130 5
129 169 2
130 131 4
130 170 5
131 132 2
131 171 3
132 133 2
132 172 2
133 134 2
133 173 2
134 135 4
134 174 2
135 136 1
135 175 2
136 137 3
136 176 3
137 138 1
137 177 2
138 139 5
138 178 5
139 140 4
139 179 1
140 141 3
140 180 3
141 142 1
141 181 2
142 143 5
142 182 4
143 144 3
143 183 2
144 145 1
144 184 2
145 146 5
145 185 3
146 147 5
146 186 4
147 148 1
147 187 3
148 149 2
148 188 3
149 150 1
149 189 3
150 151 5
150 190 2
151 152 4
151 191 2
152 153 2
152 192 5
153 154 2
153 193 3
154 155 5
154 194 2
155 156 3
155 195 2
156 157 5
156 196 2
157 158 3
157 197 1
158 159 5
158 198 5
159 160 1
159 199 1
160 200 4
161 162 5
161 201 1
162 163 4
162 202 4
163 164 5
163 203 4
164 165 1
164 204 2
165 166 4
165 205 2
166 167 1
166 206 5
167 168 2
167 207 4
168 169 2
168 208 5
169 170 3
169 209 2
170 171 2
170 210 3
171 172 5
171 211 4
172 173 4
172 212 3
173 174 5
173 213 4
174 175 3
174 214 5
175 176 5
175 215 4
176 177 4
176 216 4
177 178 3
177 217 1
178 179 5
178 218 3
179 180 4
179 219 1
180 181 1
180 220 4
181 182 4
181 221 1
182 183 4
182 222 4
183 184 1
183 223 2
184 185 4
184 224 2
185 186 4
185 225 1
186 187 4
186 226 4
187 188 1
187 227 5
188 189 5
188 228 4
189 190 3
189 229 3
190 191 4
190 230 5
191 192 5
191 231 4
192 193 2
192 232 4
193 194 3
193 233 1
194 195 1
194 234 2
195 196 2
195 235 5
196 197 1
196 236 2
197 198 1
197 237 1
198 199 2
198 238 5
199 200 1
199 239 1
200 240 5
201 202 5
201 241 1
202 203 3
202 242 1
203 204 2
203 243 5
204 205 5
204 244 5
205 206 4
205 245 2
206 207 2
206 246 3
207 208 4
207 247 2
208 209 4
208 248 2
209 210 3
209 249 2
210 211 3
210 250 5
211 212 4
211 251 1
212 213 2
212 252 5
213 214 2
213 253 2
214 215 1
214 254 4
215 216 5
215 255 4
216 217 1
216 256 5
217 218 5
217 257 4
218 219 4
218 258 3
219 220 4
219 259 3
220 221 1
220 260 3
221 222 3
221 261 2
222 223 4
222 262 4
223 224 3
223 263 4
224 225 2
224 264 5
225 226 5
225 265 5
226 227 2
226 266 5
227 228 4
227 267 5
228 229 3
228 268 5
229 230 3
229 269 4
230 231 4
230 270 1
231 232 5
231 271 5
232 233 2
232 272 2
233 234 2
233 273 4
234 235 2
234 274 1
235 236 4
235 275 1
236 237 2
236 276 1
237 238 2
237 277 4
238 239 4
238 278 4
239 240 3
239 279 4
240 280 1
241 242 3
241 281 3
242 243 4
242 282 1
243 244 3
243 283 4
244 245 1
244 284 3
245 246 2
245 285 3
246 247 1
246 286 3
247 248 4
247 287 1
248 249 1
248 288 2
249 250 3
249 289 5
250 251 1
250 290 1
251 252 4
251 291 4
252 253 5
252 292 3
253 254 2
253 293 3
254 255 4
254 294 2
255 256 5
255 295 4
256 257 4
256 296 4
257 258 4
257 297 3
258 259 4
258 298 4
259 260 1
259 299 4
260 261 4
260 300 4
261 262 4
261 301 2
262 263 4
262 302 4
263 264 2
263 303 4
264 265 3
264 304 1
265 266 1
265 305 3
266 267 3
266 306 1
267 268 2
267 307 5
268 269 2
268 308 4
269 270 4
269 309 1
270 271 1
270 310 2
271 272 5
271 311 4
272 273 4
272 312 3
273 274 1
273 313 5
274 275 4
274 314 4
275 276 3
275 315 1
276 277 1
276 316 5
277 278 3
277 317 5
278 279 1
278 318 5
279 280 4
279 319 1
280 320 5
281 282 3
281 321 1
282 283 5
282 322 4
283 284 3
283 323 5
284 285 1
284 324 4
285 286 2
285 325 3
286 287 2
286 326 1
287 288 4
287 327 3
288 289 4
288 328 5
289 290 1
289 329 3
290 291 5
290 330 5
291 292 3
291 331 2
292 293 4
292 332 1
293 294 1
293 333 3
294 295 3
294 334 2
295 296 5
295 335 2
296 297 5
296 336 3
297 298 1
297 337 2
298 299 1
298 338 2
299 300 5
299 339 3
300 301 4
300 340 4
301 302 5
301 341 2
302 303 2
302 342 4
303 304 1
303 343 4
304 305 2
304 344 3
305 306 2
305 345 5
306 307 3
306 346 2
307 308 4
307 347 2
308 309 5
308 348 1
309 310 5
309 349 4
310 311 5
310 350 2
311 312 4
311 351 4
312 313 2
312 352 3
313 314 4
313 353 4
314 315 5
314 354 5
315 316 5
315 355 1
316 317 3
316 356 2
317 318 4
317 357 1
318 319 5
318 358 4
319 320 1
319 359 1
320 360 5
321 322 3
321 361 1
322 323 3
322 362 2
323 324 5
323 363 4
324 325 4
324 364 5
325 326 1
325 365 3
326 327 3
326 366 3
327 328 1
327 367 2
328 329 4
328 368 3
329 330 2
329 369 5
330 331 3
330 370 3
331 332 3
331 371 1
332 333 2
332 372 5
333 334 1
333 373 1
334 335 3
334 374 2
335 336 2
335 375 2
336 337 1
336 376 5
337 338 4
337 377 1
338 339 3
338 378 5
339 340 1
339 379 4
340 341 1
340 380 5
341 342 1
341 381 2
342 343 3
342 382 1
343 344 5
343 383 2
344 345 3
344 384 5
345 346 1
345 385 1
346 347 4
346 386 5
347 348 3
347 387 1
348 349 1
348 388 1
349 350 3
349 389 4
350 351 3
350 390 2
351 352 3
351 391 1
352 353 4
352 392 3
353 354 1
353 393 1
354 355 2
354 394 5
355 356 5
355 395 3
356 357 2
356 396 3
357 358 5
357 397 4
358 359 3
358 398 5
359 360 4
359 399 5
360 400 2
361 362 1
361 401 2
362 363 1
362 402 1
363 364 4
363 403 4
364 365 1
364 404 3
365 366 2
365 405 3
366 367 3
366 406 3
367 368 5
367 407 4
368 369 1
368 408 1
369 370 4
369 409 1
370 371 5
370 410 1
371 372 1
371 411 4
372 373 3
372 412 5
373 374 2
373 413 5
374 375 5
374 414 4
375 376 5
375 415 4
376 377 2
376 416 2
377 378 1
377 417 5
378 379 3
378 418 3
379 380 4
379 419 2
380 381 3
380 420 2
381 382 2
381 421 2
382 383 1
382 422 5
383 384 2
383 423 4
384 385 1
384 424 5
385 386 5
385 425 1
386 387 3
386 426 3
387 388 1
387 427 2
388 389 4
388 428 1
389 390 2
389 429 2
390 391 5
390 430 1
391 392 1
391 431 5
392 393 2
392 432 3
393 394 5
393 433 4
394 395 5
394 434 1
395 396 5
395 435 2
396 397 5
396 436 5
397 398 2
397 437 2
398 399 3
398 438 2
399 400 4
399 439 5
400 440 1
401 402 4
401 441 5
402 403 2
402 442 2
403 404 4
403 443 4
404 405 2
404 444 5
405 406 5
405 445 4
406 407 5
406 446 2
407 408 3
407 447 5
408 409 5
408 448 3
409 410 5
409 449 4
410 411 5
410 450 5
411 412 2
411 451 2
412 413 4
412 452 4
413 414 2
413 453 4
414 415 2
414 454 5
415 416 3
415 455 1
416 417 1
416 456 2
417 418 5
417 457 5
418 419 5
418 458 2
419 420 5
419 459 3
420 421 5
420 460 5
421 422 3
421 461 2
422 423 4
422 462 5
423 424 3
423 463 2
424 425 5
424 464 1
425 426 4
425 465 1
426 427 2
426 466 1
427 428 2
427 467 2
428 429 1
428 468 1
429 430 5
429 469 3
430 431 2
430 470 5
431 432 4
431 471 4
432 433 3
432 472 5
433 434 1
433 473 3
434 435 4
434 474 2
435 436 5
435 475 2
436 437 3
436 476 2
437 438 4
437 477 4
438 439 5
438 478 5
439 440 1
439 479 3
440 480 5
441 442 1
441 481 3
442 443 1
442 482 2
443 444 1
443 483 5
444 445 2
444 484 2
445 446 4
445 485 3
446 447 2
446 486 3
447 448 5
447 487 3
448 449 2
448 488 4
449 450 3
449 489 4
450 451 3
450 490 2
451 452 1
451 491 5
452 453 2
452 492 3
453 454 2
453 493 1
454 455 1
454 494 5
455 456 4
455 495 1
456 457 1
456 496 1
457 458 4
457 497 1
458 459 5
458 498 1
459 460 5
459 499 2
460 461 2
460 500 1
461 462 5
461 501 2
462 463 2
462 502 2
463 464 3
463 503 1
464 465 2
464 504 5
465 466 4
465 505 5
466 467 2
466 506 5
467 468 3
467 507 4
468 469 3
468 508 1
469 470 3
469 509 1
470 471 1
470 510 4
471 472 3
471 511 5
472 473 4
472 512 1
473 474 4
473 513 3
474 475 3
474 514 5
475 476 1
475 515 4
476 477 5
476 516 1
477 478 1
477 517 2
478 479 1
478 518 2
479 480 2
479 519 5
480 520 4
481 482 5
481 521 2
482 483 5
482 522 3
483 484 2
483 523 1
484 485 3
484 524 4
485 486 3
485 525 1
486 487 5
486 526 1
487 488 2
487 527 3
488 489 3
488 528 4
489 490 4
489 529 1
490 491 1
490 530 5
491 492 3
491 531 5
492 493 4
492 532 2
493 494 2
493 533 1
494 495 2
494 534 4
495 496 5
495 535 2
496 497 1
496 536 1
497 498 1
497 537 3
498 499 3
498 538 4
499 500 1
499 539 2
500 501 5
500 540 2
501 502 4
501 541 5
502 503 5
502 542 4
503 504 2
503 543 2
504 505 1
504 544 5
505 506 2
505 545 3
506 507 3
506 546 1
507 508 1
507 547 5
508 509 3
508 548 3
509 510 4
509 549 3
510 511 1
510 550 2
511 512 5
511 551 2
512 513 5
512 552 5
513 514 1
513 553 3
514 515 2
514 554 4
515 516 4
515 555 4
516 517 2
516 556 1
517 518 5
517 557 2
518 519 5
518 558 5
519 520 3
519 559 5
520 560 2
521 522 1
521 561 5
522 523 3
522 562 1
523 524 5
523 563 4
524 525 3
524 564 1
525 526 1
525 565 1
526 527 3
526 566 5
527 528 5
527 567 5
528 529 4
528 568 2
529 530 2
529 569 3
530 531 5
530 570 3
531 532 5
531 571 2
532 533 5
532 572 1
533 534 3
533 573 1
534 535 3
534 574 1
535 536 3
535 575 5
536 537 4
536 576 4
537 538 1
537 577 5
538 539 3
538 578 4
539 540 5
539 579 3
540 541 2
540 580 1
541 542 2
541 581 5
542 543 2
542 582 3
543 544 3
543 583 4
544 545 3
544 584 4
545 546 5
545 585 1
546 547 3
546 586 4
547 548 4
547 587 5
548 549 5
548 588 4
549 550 5
549 589 2
550 551 4
550 590 2
551 552 1
551 591 3
552 553 2
552 592 1
553 554 5
553 593 3
554 555 3
554 594 5
555 556 4
555 595 5
556 557 5
556 596 5
557 558 3
557 597 3
558 559 4
558 598 5
559 560 3
559 599 4
560 600 2
561 562 3
561 601 5
562 563 2
562 602 2
563 564 5
563 603 1
564 565 3
564 604 4
565 566 4
565 605 3
566 567 1
566 606 5
567 568 5
567 607 2
568 569 5
568 608 1
569 570 5
569 609 3
570 571 4
570 610 5
571 572 3
571 611 2
572 573 5
572 612 2
573 574 2
573 613 4
574 575 5
574 614 4
575 576 3
575 615 4
576 577 1
576 616 4
577 578 2
577 617 3
578 579 2
578 618 1
579 580 3
579 619 1
580 581 2
580 620 2
581 582 1
581 621 5
582 583 2
582 622 2
583 584 4
583 623 2
584 585 3
584 624 1
585 586 2
585 625 1
586 587 2
586 626 2
587 588 5
587 627 2
588 589 3
588 628 3
589 590 4
589 629 4
590 591 2
590 630 2
591 592 3
591 631 5
592 593 1
592 632 4
593 594 4
593 633 3
594 595 3
594 634 1
595 596 1
595 635 1
596 597 2
596 636 3
597 598 1
597 637 3
598 599 3
598 638 3
599 600 3
599 639 5
600 640 5
601 602 3
601 641 2
602 603 5
602 642 2
603 604 4
603 643 1
604 605 1
604 644 1
605 606 5
605 645 2
606 607 1
606 646 5
607 608 3
607 647 2
608 609 4
608 648 1
609 610 2
609 649 3
610 611 5
610 650 4
611 612 3
611 651 4
612 613 2
612 652 2
613 614 3
613 653 2
614 615 2
614 654 4
615 616 3
615 655 4
616 617 5
616 656 5
617 618 4
617 657 3
618 619 5
618 658 4
619 620 2
619 659 4
620 621 2
620 660 5
621 622 1
621 661 2
622 623 1
622 662 4
623 624 1
623 663 2
624 625 2
624 664 4
625 626 4
625 665 4
626 627 4
626 666 5
627 628 2
627 667 2
628 629 1
628 668 2
629 630 3
629 669 4
630 631 1
630 670 2
631 632 1
631 671 4
632 633 3
632 672 1
633 634 5
633 673 3
634 635 1
634 674 2
635 636 5
635 675 3
636 637 2
636 676 2
637 638 4
637 677 1
638 639 2
638 678 3
639 640 5
639 679 3
640 680 3
641 642 4
641 681 3
642 643 4
642 682 2
643 644 1
643 683 4
644 645 4
644 684 1
645 646 1
645 685 2
646 647 3
646 686 3
647 648 4
647 687 4
648 649 5
648 688 1
649 650 3
649 689 5
650 651 3
650 690 3
651 652 4
651 691 3
652 653 5
652 692 4
653 654 2
653 693 3
654 655 3
654 694 5
655 656 3
655 695 4
656 657 2
656 696 2
657 658 4
657 697 4
658 659 1
658 698 3
659 660 4
659 699 1
660 661 3
660 700 3
661 662 4
661 701 2
662 663 3
662 702 4
663 664 5
663 703 2
664 665 3
664 704 2
665 666 4
665 705 3
666 667 3
666 706 2
667 668 4
667 707 5
668 669 3
668 708 3
669 670 5
669 709 2
670 671 1
670 710 3
671 672 1
671 711 4
672 673 5
672 712 2
673 674 5
673 713 4
674 675 3
674 714 4
675 676 2
675 715 5
676 677 1
676 716 1
677 678 2
677 717 4
678 679 4
678 718 2
679 680 4
679 719 2
680 720 4
681 682 1
681 721 5
682 683 3
682 722 4
683 684 2
683 723 4
684 685 1
684 724 1
685 686 4
685 725 1
686 687 3
686 726 2
687 688 5
687 727 2
688 689 5
688 728 1
689 690 3
689 729 5
690 691 1
690 730 5
691 692 5
691 731 4
692 693 5
692 732 2
693 694 4
693 733 4
694 695 3
694 734 2
695 696 1
695 735 4
696 697 5
696 736 1
697 698 2
697 737 5
698 699 1
698 738 4
699 700 4
699 739 3
700 701 5
700 740 2
701 702 3
701 741 3
702 703 5
702 742 4
703 704 4
703 743 4
704 705 3
704 744 1
705 706 4
705 745 4
706 707 5
706 746 3
707 708 4
707 747 2
708 709 5
708 748 4
709 710 4
709 749 3
710 711 4
710 750 3
711 712 5
711 751 1
712 713 3
712 752 5
713 714 1
713 753 5
714 715 2
714 754 4
715 716 4
715 755 4
716 717 4
716 756 1
717 718 1
717 757 4
718 719 1
718 758 5
719 720 4
719 759 4
720 760 2
721 722 4
721 761 4
722 723 3
722 762 2
723 724 5
723 763 5
724 725 4
724 764 5
725 726 3
725 765 5
726 727 3
726 766 3
727 728 4
727 767 2
728 729 5
728 768 5
729 730 3
729 769 3
730 731 3
730 770 5
731 732 5
731 771 1
732 733 1
732 772 5
733 734 3
733 773 5
734 735 5
734 774 3
735 736 1
735 775 1
736 737 3
736 776 5
737 738 1
737 777 1
738 739 2
738 778 3
739 740 4
739 779 2
740 741 4
740 780 5
741 742 2
741 781 4
742 743 5
742 782 4
743 744 4
743 783 3
744 745 5
744 784 5
745 746 3
745 785 5
746 747 5
746 786 2
747 748 1
747 787 4
748 749 4
748 788 1
749 750 3
749 789 1
750 751 1
750 790 4
751 752 4
751 791 4
752 753 5
752 792 5
753 754 5
753 793 5
754 755 5
754 794 3
755 756 4
755 795 1
756 757 1
756 796 4
757 758 4
757 797 4
758 759 4
758 798 4
759 760 5
759 799 4
760 800 2
761 762 5
761 801 2
762 763 5
762 802 2
763 764 3
763 803 5
764 765 1
764 804 1
765 766 5
765 805 2
766 767 5
766 806 5
767 768 3
767 807 3
768 769 2
768 808 2
769 770 4
769 809 4
770 771 2
770 810 5
771 772 1
771 811 3
772 773 2
772 812 3
773 774 2
773 813 1
774 775 4
774 814 5
775 776 2
775 815 5
776 777 4
776 816 4
777 778 4
777 817 1
778 779 2
778 818 2
779 780 5
779 819 2
780 781 5
780 820 5
781 782 4
781 821 3
782 783 2
782 822 3
783 784 1
783 823 3
784 785 4
784 824 4
785 786 5
785 825 1
786 787 4
786 826 2
787 788 1
787 827 1
788 789 2
788 828 5
789 790 5
789 829 5
790 791 5
790 830 2
791 792 2
791 831 3
792 793 2
792 832 3
793 794 5
793 833 5
794 795 5
794 834 1
795 796 1
795 835 5
796 797 3
796 836 1
797 798 1
797 837 1
798 799 5
798 838 1
799 800 3
799 839 5
800 840 1
801 802 1
801 841 5
802 803 4
802 842 3
803 804 5
803 843 4
804 805 5
804 844 2
805 806 1
805 845 5
806 807 5
806 846 4
807 808 2
807 847 1
808 809 4
808 848 4
809 810 3
809 849 4
810 811 2
810 850 2
811 812 1
811 851 2
812 813 1
812 852 3
813 814 4
813 853 1
814 815 5
814 854 2
815 816 5
815 855 5
816 817 1
816 856 4
817 818 3
817 857 4
818 819 1
818 858 5
819 820 5
819 859 2
820 821 1
820 860 3
821 822 5
821 861 1
822 823 3
822 862 5
823 824 2
823 863 3
824 825 2
824 864 3
825 826 1
825 865 4
826 827 3
826 866 2
827 828 2
827 867 5
828 829 3
828 868 4
829 830 3
829 869 2
830 831 3
830 870 1
831 832 1
831 871 2
832 833 1
832 872 2
833 834 4
833 873 2
834 835 5
834 874 4
835 836 1
835 875 3
836 837 5
836 876 5
837 838 5
837 877 4
838 839 1
838 878 4
839 840 2
839 879 2
840 880 1
841 842 3
841 881 1
842 843 2
842 882 5
843 844 3
843 883 4
844 845 4
844 884 3
845 846 5
845 885 5
846 847 5
846 886 3
847 848 3
847 887 3
848 849 2
848 888 1
849 850 3
849 889 5
850 851 3
850 890 4
851 852 5
851 891 2
852 853 5
852 892 5
853 854 1
853 893 1
854 855 1
854 894 5
855 856 2
855 895 4
856 857 3
856 896 2
857 858 3
857 897 3
858 859 3
858 898 4
859 860 4
859 899 4
860 861 3
860 900 2
861 862 3
861 901 5
862 863 5
862 902 4
863 864 1
863 903 1
864 865 3
864 904 1
865 866 4
865 905 4
866 867 3
866 906 5
867 868 2
867 907 3
868 869 4
868 908 2
869 870 5
869 909 2
870 871 5
870 910 2
871 872 4
871 911 3
872 873 1
872 912 5
873 874 2
873 913 1
874 875 4
874 914 4
875 876 1
875 915 3
876 877 4
876 916 1
877 878 5
877 917 4
878 879 3
878 918 2
879 880 3
879 919 1
880 920 1
881 882 4
881 921 3
882 883 1
882 922 3
883 884 2
883 923 4
884 885 4
884 924 2
885 886 4
885 925 5
886 887 5
886 926 1
887 888 1
887 927 3
888 889 4
888 928 1
889 890 5
889 929 5
890 891 3
890 930 1
891 892 1
891 931 4
892 893 5
892 932 4
893 894 4
893 933 5
894 895 3
894 934 2
895 896 2
895 935 5
896 897 4
896 936 2
897 898 3
897 937 5
898 899 2
898 938 1
899 900 3
899 939 2
900 901 1
900 940 5
901 902 3
901 941 1
902 903 5
902 942 1
903 904 2
903 943 3
904 905 5
904 944 4
905 906 3
905 945 2
906 907 5
906 946 3
907 908 2
907 947 1
908 909 4
908 948 2
909 910 5
909 949 4
910 911 2
910 950 3
911 912 5
911 951 5
912 913 3
912 952 2
913 914 2
913 953 4
914 915 5
914 954 1
915 916 1
915 955 3
916 917 2
916 956 3
917 918 2
917 957 5
918 919 5
918 958 2
919 920 5
919 959 3
920 960 2
921 922 3
921 961 1
922 923 1
922 962 5
923 924 2
923 963 3
924 925 5
924 964 5
925 926 5
925 965 5
926 927 4
926 966 3
927 928 1
927 967 1
928 929 2
928 968 4
929 930 3
929 969 2
930 931 3
930 970 3
931 932 4
931 971 2
932 933 1
932 972 1
933 934 3
933 973 4
934 935 3
934 974 4
935 936 2
935 975 4
936 937 5
936 976 1
937 938 1
937 977 1
938 939 1
938 978 2
939 940 3
939 979 3
940 941 3
940 980 5
941 942 5
941 981 3
942 943 4
942 982 4
943 944 1
943 983 1
944 945 4
944 984 2
945 946 1
945 985 3
946 947 2
946 986 3
947 948 2
947 987 5
948 949 4
948 988 2
949 950 3
949 989 2
950 951 4
950 990 5
951 952 2
951 991 5
952 953 4
952 992 5
953 954 3
953 993 5
954 955 5
954 994 5
955 956 3
955 995 1
956 957 5
956 996 3
957 958 4
957 997 3
958 959 4
958 998 5
959 960 4
959 999 4
960 1000 4
961 962 4
961 1001 2
962 963 4
962 1002 3
963 964 4
963 1003 3
964 965 4
964 1004 1
965 966 1
965 1005 4
966 967 2
966 1006 1
967 968 5
967 1007 3
968 969 2
968 1008 3
969 970 2
969 1009 2
970 971 2
970 1010 4
971 972 3
971 1011 3
972 973 1
972 1012 1
973 974 5
973 1013 1
974 975 2
974 1014 3
975 976 5
975 1015 1
976 977 2
976 1016 4
977 978 2
977 1017 2
978 979 3
978 1018 3
979 980 4
979 1019 2
980 981 1
980 1020 2
981 982 5
981 1021 1
982 983 1
982 1022 1
983 984 3
983 1023 5
984 985 5
984 1024 5
985 986 2
985 1025 5
986 987 3
986 1026 4
987 988 2
987 1027 2
988 989 1
988 1028 1
989 990 1
989 1029 1
990 991 3
990 1030 4
991 992 5
991 1031 5
992 993 4
992 1032 2
993 994 2
993 1033 4
994 995 4
994 1034 2
995 996 3
995 1035 5
996 997 5
996 1036 1
997 998 5
997 1037 2
998 999 1
998 1038 2
999 1000 3
999 1039 4
1000 1040 1
1001 1002 5
1001 1041 2
1002 1003 1
1002 1042 5
1003 1004 5
1003 1043 4
1004 1005 3
1004 1044 1
1005 1006 1
1005 1045 3
1006 1007 4
1006 1046 1
1007 1008 2
1007 1047 2
1008 1009 1
1008 1048 1
1009 1010 3
1009 1049 3
1010 1011 4
1010 1050 3
1011 1012 4
1011 1051 1
1012 1013 3
1012 1052 1
1013 1014 4
1013 1053 5
1014 1015 1
1014 1054 1
1015 1016 1
1015 1055 2
1016 1017 1
1016 1056 1
1017 1018 3
1017 1057 1
1018 1019 1
1018 1058 1
1019 1020 4
1019 1059 4
1020 1021 2
1020 1060 3
1021 1022 2
1021 1061 2
1022 1023 1
1022 1062 2
1023 1024 3
1023 1063 2
1024 1025 4
1024 1064 2
1025 1026 5
1025 1065 1
1026 1027 5
1026 1066 1
1027 1028 2
1027 1067 5
1028 1029 5
1028 1068 3
1029 1030 4
1029 1069 2
1030 1031 5
1030 1070 2
1031 1032 3
1031 1071 3
1032 1033 4
1032 1072 4
1033 1034 3
1033 1073 3
1034 1035 4
1034 1074 3
1035 1036 4
1035 1075 2
1036 1037 5
1036 1076 5
1037 1038 5
1037 1077 4
1038 1039 1
1038 1078 3
1039 1040 5
1039 1079 2
1040 1080 2
1041 1042 4
1041 1081 4
1042 1043 4
1042 1082 3
1043 1044 5
1043 1083 2
1044 1045 5
1044 1084 3
1045 1046 4
1045 1085 5
1046 1047 2
1046 1086 2
1047 1048 4
1047 1087 3
1048 1049 1
1048 1088 4
1049 1050 3
1049 1089 2
1050 1051 1
1050 1090 2
1051 1052 2
1051 1091 4
1052 1053 2
1052 1092 2
1053 1054 4
1053 1093 5
1054 1055 5
1054 1094 5
1055 1056 3
1055 1095 4
1056 1057 4
1056 1096 1
1057 1058 4
1057 1097 5
1058 1059 3
1058 1098 3
1059 1060 3
1059 1099 3
1060 1061 2
1060 1100 1
1061 1062 3
1061 1101 4
1062 1063 3
1062 1102 2
1063 1064 1
1063 1103 3
1064 1065 5
1064 1104 2
1065 1066 5
1065 1105 1
1066 1067 2
1066 1106 1
1067 1068 5
1067 1107 1
1068 1069 3
1068 1108 5
1069 1070 2
1069 1109 2
1070 1071 3
1070 1110 1
1071 1072 1
1071 1111 1
1072 1073 5
1072 1112 2
1073 1074 1
1073 1113 2
1074 1075 1
1074 1114 4
1075 1076 4
1075 1115 1
1076 1077 5
1076 1116 2
1077 1078 3
1077 1117 5
1078 1079 3
1078 1118 2
1079 1080 2
1079 1119 1
1080 1120 5
1081 1082 3
1081 1121 5
1082 1083 1
1082 1122 5
1083 1084 2
1083 1123 1
1084 1085 1
1084 1124 5
1085 1086 3
1085 1125 5
1086 1087 4
1086 1126 5
1087 1088 3
1087 1127 5
1088 1089 4
1088 1128 1
1089 1090 2
1089 1129 1
1090 1091 3
1090 1130 3
1091 1092 2
1091 1131 1
1092 1093 5
1092 1132 5
1093 1094 3
1093 1133 5
1094 1095 3
1094 1134 5
1095 1096 1
1095 1135 4
1096 1097 4
1096 1136 4
1097 1098 1
1097 1137 1
1098 1099 2
1098 1138 2
1099 1100 2
1099 1139 1
1100 1101 5
1100 1140 3
1101 1102 5
1101 1141 5
1102 1103 5
1102 1142 1
1103 1104 1
1103 1143 5
1104 1105 5
1104 1144 4
1105 1106 2
1105 1145 1
1106 1107 3
1106 1146 4
1107 1108 2
1107 1147 5
1108 1109 1
1108 1148 5
1109 1110 5
1109 1149 2
1110 1111 2
1110 1150 1
1111 1112 1
1111 1151 3
1112 1113 3
1112 1152 5
1113 1114 2
1113 1153 5
1114 1115 5
1114 1154 2
1115 1116 3
1115 1155 1
1116 1117 4
1116 1156 3
1117 1118 2
1117 1157 2
1118 1119 2
1118 1158 4
1119 1120 1
1119 1159 2
1120 1160 3
1121 1122 2
1121 1161 1
1122 1123 1
1122 1162 2
1123 1124 4
1123 1163 3
1124 1125 2
1124 1164 4
1125 1126 3
1125 1165 5
1126 1127 3
1126 1166 3
1127 1128 1
1127 1167 4
1128 1129 1
1128 1168 4
1129 1130 1
1129 1169 2
1130 1131 5
1130 1170 5
1131 1132 2
1131 1171 1
1132 1133 1
1132 1172 3
1133 1134 3
1133 1173 1
1134 1135 5
1134 1174 4
1135 1136 4
1135 1175 3
1136 1137 5
1136 1176 1
1137 1138 4
1137 1177 4
1138 1139 5
1138 1178 2
1139 1140 5
1139 1179 1
1140 1141 5
1140 1180 3
1141 1142 2
1141 1181 4
1142 1143 2
1142 1182 1
1143 1144 1
1143 1183 3
1144 1145 4
1144 1184 3
1145 1146 2
1145 1185 3
1146 1147 4
1146 1186 5
1147 1148 4
1147 1187 1
1148 1149 3
1148 1188 1
1149 1150 5
1149 1189 2
1150 1151 5
1150 1190 5
1151 1152 3
1151 1191 1
1152 1153 1
1152 1192 2
1153 1154 4
1153 1193 2
1154 1155 3
1154 1194 4
1155 1156 4
1155 1195 5
1156 1157 5
1156 1196 5
1157 1158 3
1157 1197 3
1158 1159 5
1158 1198 5
1159 1160 4
1159 1199 2
1160 1200 3
1161 1162 3
1161 1201 2
1162 1163 2
1162 1202 4
1163 1164 3
1163 1203 5
1164 1165 3
1164 1204 2
1165 1166 1
1165 1205 1
1166 1167 2
1166 1206 2
1167 1168 3
1167 1207 3
1168 1169 3
1168 1208 3
1169 1170 1
1169 1209 2
1170 1171 1
1170 1210 2
1171 1172 5
1171 1211 4
1172 1173 4
1172 1212 2
1173 1174 5
1173 1213 5
1174 1175 5
1174 1214 2
1175 1176 5
1175 1215 3
1176 1177 5
1176 1216 2
1177 1178 3
1177 1217 4
1178 1179 3
1178 1218 2
1179 1180 3
1179 1219 5
1180 1181 3
1180 1220 4
1181 1182 3
1181 1221 3
1182 1183 3
1182 1222 3
1183 1184 2
1183 1223 3
1184 1185 5
1184 1224 5
1185 1186 3
1185 1225 1
1186 1187 1
1186 1226 5
1187 1188 1
1187 1227 2
1188 1189 1
1188 1228 4
1189 1190 4
1189 1229 5
1190 1191 4
1190 1230 1
1191 1192 5
1191 1231 1
1192 1193 5
1192 1232 5
1193 1194 3
1193 1233 5
1194 1195 3
1194 1234 2
1195 1196 5
1195 1235 5
1196 1197 2
1196 1236 3
1197 1198 3
1197 1237 5
1198 1199 4
1198 1238 3
1199 1200 2
1199 1239 2
1200 1240 1
1201 1202 4
1201 1241 4
1202 1203 1
1202 1242 4
1203 1204 1
1203 1243 3
1204 1205 3
1204 1244 1
1205 1206 1
1205 1245 5
1206 1207 1
1206 1246 3
1207 1208 4
1207 1247 3
1208 1209 3
1208 1248 5
1209 1210 5
1209 1249 2
1210 1211 4
1210 1250 4
1211 1212 1
1211 1251 5
1212 1213 4
1212 1252 4
1213 1214 2
1213 1253 5
1214 1215 4
1214 1254 3
1215 1216 4
1215 1255 4
1216 1217 2
1216 1256 3
1217 1218 4
1217 1257 1
1218 1219 5
1218 1258 5
1219 1220 5
1219 1259 5
1220 1221 2
1220 1260 2
1221 1222 4
1221 1261 4
1222 1223 5
1222 1262 4
1223 1224 4
1223 1263 3
1224 1225 5
1224 1264 2
1225 1226 4
1225 1265 4
1226 1227 4
1226 1266 4
1227 1228 3
1227 1267 2
1228 1229 2
1228 1268 5
1229 1230 3
1229 1269 3
1230 1231 1
1230 1270 3
1231 1232 1
1231 1271 2
1232 1233 3
1232 1272 1
1233 1234 5
1233 1273 5
1234 1235 5
1234 1274 5
1235 1236 5
1235 1275 2
1236 1237 3
1236 1276 3
1237 1238 1
1237 1277 2
1238 1239 4
1238 1278 3
1239 1240 2
1239 1279 1
1240 1280 4
1241 1242 4
1241 1281 2
1242 1243 3
1242 1282 2
1243 1244 3
1243 1283 1
1244 1245 2
1244 1284 4
1245 1246 2
1245 1285 4
1246 1247 1
1246 1286 4
1247 1248 5
1247 1287 5
1248 1249 4
1248 1288 4
1249 1250 1
1249 1289 3
1250 1251 4
1250 1290 1
1251 1252 3
1251 1291 4
1252 1253 2
1252 1292 5
1253 1254 5
1253 1293 3
1254 1255 1
1254 1294 2
1255 1256 4
1255 1295 4
1256 1257 5
1256 1296 3
1257 1258 2
1257 1297 3
1258 1259 3
1258 1298 3
1259 1260 4
1259 1299 2
1260 1261 2
1260 1300 3
1261 1262 2
1261 1301 3
1262 1263 3
1262 1302 5
1263 1264 1
1263 1303 2
1264 1265 3
1264 1304 3
1265 1266 3
1265 1305 4
1266 1267 4
1266 1306 3
1267 1268 3
1267 1307 5
1268 1269 4
1268 1308 5
1269 1270 5
1269 1309 4
1270 1271 5
1270 1310 1
1271 1272 5
1271 1311 4
1272 1273 1
1272 1312 2
1273 1274 5
1273 1313 5
1274 1275 1
1274 1314 5
1275 1276 5
1275 1315 2
1276 1277 2
1276 1316 2
1277 1278 1
1277 1317 2
1278 1279 3
1278 1318 1
1279 1280 5
1279 1319 2
1280 1320 3
1281 1282 2
1281 1321 2
1282 1283 1
1282 1322 3
1283 1284 1
1283 1323 2
1284 1285 5
1284 1324 2
1285 1286 4
1285 1325 1
1286 1287 2
1286 1326 1
1287 1288 3
1287 1327 2
1288 1289 3
1288 1328 5
1289 1290 3
1289 1329 4
1290 1291 2
1290 1330 2
1291 1292 4
1291 1331 4
1292 1293 4
1292 1332 3
1293 1294 5
1293 1333 5
1294 1295 2
1294 1334 1
1295 1296 4
1295 1335 5
1296 1297 5
1296 1336 1
1297 1298 5
1297 1337 1
1298 1299 2
1298 1338 3
1299 1300 5
1299 1339 5
1300 1301 4
1300 1340 3
1301 1302 2
1301 1341 3
1302 1303 4
1302 1342 2
1303 1304 5
1303 1343 5
1304 1305 1
1304 1344 1
1305 1306 4
1305 1345 4
1306 1307 2
1306 1346 2
1307 1308 1
1307 1347 3
1308 1309 1
1308 1348 5
1309 1310 3
1309 1349 2
1310 1311 3
1310 1350 3
1311 1312 1
1311 1351 2
1312 1313 3
1312 1352 1
1313 1314 4
1313 1353 2
1314 1315 2
1314 1354 4
1315 1316 1
1315 1355 3
1316 1317 3
1316 1356 4
1317 1318 2
1317 1357 2
1318 1319 5
1318 1358 4
1319 1320 3
1319 1359 5
1320 1360 4
1321 1322 5
1321 1361 3
1322 1323 3
1322 1362 2
1323 1324 4
1323 1363 2
1324 1325 3
1324 1364 4
1325 1326 5
1325 1365 5
1326 1327 1
1326 1366 5
1327 1328 3
1327 1367 4
1328 1329 3
1328 1368 3
1329 1330 3
1329 1369 5
1330 1331 1
1330 1370 2
1331 1332 4
1331 1371 5
1332 1333 1
1332 1372 4
1333 1334 5
1333 1373 5
1334 1335 1
1334 1374 5
1335 1336 2
1335 1375 4
1336 1337 5
1336 1376 4
1337 1338 5
1337 1377 2
1338 1339 4
1338 1378 5
1339 1340 1
1339 1379 1
1340 1341 4
1340 1380 4
1341 1342 5
1341 1381 1
1342 1343 5
1342 1382 4
1343 1344 2
1343 1383 3
1344 1345 4
1344 1384 3
1345 1346 2
1345 1385 2
1346 1347 4
1346 1386 1
1347 1348 1
1347 1387 1
1348 1349 3
1348 1388 2
1349 1350 1
1349 1389 5
1350 1351 3
1350 1390 2
1351 1352 3
1351 1391 3
1352 1353 1
1352 1392 2
1353 1354 4
1353 1393 3
1354 1355 1
1354 1394 3
1355 1356 2
1355 1395 5
1356 1357 3
1356 1396 1
1357 1358 3
1357 1397 3
1358 1359 1
1358 1398 3
1359 1360 5
1359 1399 5
1360 1400 1
1361 1362 1
1361 1401 2
1362 1363 4
1362 1402 4
1363 1364 2
1363 1403 3
1364 1365 4
1364 1404 3
1365 1366 2
1365 1405 5
1366 1367 5
1366 1406 3
1367 1368 4
1367 1407 5
1368 1369 2
1368 1408 5
1369 1370 2
1369 1409 1
1370 1371 2
1370 1410 2
1371 1372 5
1371 1411 1
1372 1373 2
1372 1412 5
1373 1374 3
1373 1413 1
1374 1375 3
1374 1414 3
1375 1376 4
1375 1415 5
1376 1377 5
1376 1416 4
1377 1378 3
1377 1417 3
1378 1379 3
1378 1418 4
1379 1380 4
1379 1419 5
1380 1381 2
1380 1420 1
1381 1382 2
1381 1421 4
1382 1383 3
1382 1422 1
1383 1384 4
1383 1423 4
1384 1385 3
1384 1424 5
1385 1386 4
1385 1425 3
1386 1387 5
1386 1426 3
1387 1388 5
1387 1427 2
1388 1389 2
1388 1428 4
1389 1390 1
1389 1429 4
1390 1391 3
1390 1430 3
1391 1392 2
1391 1431 2
1392 1393 1
1392 1432 5
1393 1394 1
1393 1433 5
1394 1395 4
1394 1434 5
1395 1396 5
1395 1435 2
1396 1397 5
1396 1436 5
1397 1398 5
1397 1437 4
1398 1399 5
1398 1438 2
1399 1400 5
1399 1439 3
1400 1440 2
1401 1402 4
1401 1441 1
1402 1403 2
1402 1442 1
1403 1404 3
1403 1443 1
1404 1405 4
1404 1444 4
1405 1406 3
1405 1445 4
1406 1407 2
1406 1446 2
1407 1408 4
1407 1447 3
1408 1409 4
1408 1448 4
1409 1410 1
1409 1449 2
1410 1411 5
1410 1450 4
1411 1412 5
1411 1451 2
1412 1413 4
1412 1452 1
1413 1414 5
1413 1453 4
1414 1415 3
1414 1454 1
1415 1416 1
1415 1455 3
1416 1417 3
1416 1456 1
1417 1418 3
1417 1457 5
1418 1419 1
1418 1458 5
1419 1420 2
1419 1459 4
1420 1421 2
1420 1460 2
1421 1422 2
1421 1461 3
1422 1423 2
1422 1462 1
1423 1424 1
1423 1463 3
1424 1425 4
1424 1464 2
1425 1426 4
1425 1465 2
1426 1427 2
1426 1466 2
1427 1428 3
1427 1467 4
1428 1429 1
1428 1468 3
1429 1430 1
1429 1469 1
1430 1431 2
1430 1470 3
1431 1432 1
1431 1471 5
1432 1433 2
1432 1472 3
1433 1434 5
1433 1473 5
1434 1435 2
1434 1474 2
1435 1436 2
1435 1475 5
1436 1437 3
1436 1476 5
1437 1438 3
1437 1477 2
1438 1439 3
1438 1478 1
1439 1440 5
1439 1479 3
1440 1480 1
1441 1442 5
1441 1481 5
1442 1443 3
1442 1482 2
1443 1444 3
1443 1483 2
1444 1445 4
1444 1484 3
1445 1446 5
1445 1485 4
1446 1447 4
1446 1486 2
1447 1448 1
1447 1487 2
1448 1449 2
1448 1488 2
1449 1450 4
1449 1489 2
1450 1451 2
1450 1490 2
1451 1452 1
1451 1491 2
1452 1453 2
1452 1492 5
1453 1454 5
1453 1493 3
1454 1455 4
1454 1494 5
1455 1456 5
1455 1495 2
1456 1457 4
1456 1496 2
1457 1458 2
1457 1497 2
1458 1459 1
1458 1498 2
1459 1460 1
1459 1499 4
1460 1461 3
1460 1500 1
1461 1462 4
1461 1501 1
1462 1463 3
1462 1502 1
1463 1464 1
1463 1503 2
1464 1465 1
1464 1504 5
1465 1466 3
1465 1505 5
1466 1467 1
1466 1506 4
1467 1468 1
1467 1507 1
1468 1469 4
1468 1508 4
1469 1470 3
1469 1509 3
1470 1471 3
1470 1510 5
1471 1472 1
1471 1511 4
1472 1473 3
1472 1512 2
1473 1474 4
1473 1513 3
1474 1475 4
1474 1514 1
1475 1476 5
1475 1515 3
1476 1477 1
1476 1516 2
1477 1478 5
1477 1517 2
1478 1479 4
1478 1518 2
1479 1480 2
1479 1519 3
1480 1520 3
1481 1482 5
1481 1521 3
1482 1483 1
1482 1522 3
1483 1484 5
1483 1523 2
1484 1485 1
1484 1524 1
1485 1486 2
1485 1525 5
1486 1487 3
1486 1526 5
1487 1488 2
1487 1527 4
1488 1489 5
1488 1528 2
1489 1490 5
1489 1529 2
1490 1491 2
1490 1530 2
1491 1492 2
1491 1531 4
1492 1493 1
1492 1532 5
1493 1494 3
1493 1533 1
1494 1495 5
1494 1534 5
1495 1496 4
1495 1535 4
1496 1497 4
1496 1536 2
1497 1498 2
1497 1537 5
1498 1499 2
1498 1538 3
1499 1500 2
1499 1539 1
1500 1501 4
1500 1540 3
1501 1502 5
1501 1541 4
1502 1503 4
1502 1542 1
1503 1504 1
1503 1543 3
1504 1505 1
1504 1544 4
1505 1506 2
1505 1545 5
1506 1507 1
1506 1546 2
1507 1508 5
1507 1547 2
1508 1509 5
1508 1548 1
1509 1510 4
1509 1549 4
1510 1511 4
1510 1550 1
1511 1512 1
1511 1551 2
1512 1513 1
1512 1552 4
1513 1514 3
1513 1553 1
1514 1515 4
1514 1554 2
1515 1516 2
1515 1555 5
1516 1517 2
1516 1556 3
1517 1518 3
1517 1557 2
1518 1519 2
1518 1558 2
1519 1520 2
1519 1559 2
1520 1560 2
1521 1522 3
1521 1561 2
1522 1523 1
1522 1562 1
1523 1524 4
1523 1563 3
1524 1525 5
1524 1564 4
1525 1526 3
1525 1565 5
1526 1527 1
1526 1566 3
1527 1528 3
1527 1567 3
1528 1529 4
1528 1568 5
1529 1530 3
1529 1569 3
1530 1531 2
1530 1570 1
1531 1532 4
1531 1571 5
1532 1533 1
1532 1572 3
1533 1534 1
1533 1573 3
1534 1535 3
1534 1574 4
1535 1536 3
1535 1575 3
1536 1537 1
1536 1576 1
1537 1538 2
1537 1577 3
1538 1539 5
1538 1578 1
1539 1540 5
1539 1579 2
1540 1541 1
1540 1580 2
1541 1542 5
1541 1581 3
1542 1543 5
1542 1582 3
1543 1544 3
1543 1583 3
1544 1545 4
1544 1584 5
1545 1546 1
1545 1585 5
1546 1547 4
1546 1586 1
1547 1548 4
1547 1587 3
1548 1549 1
1548 1588 1
1549 1550 1
1549 1589 3
1550 1551 4
1550 1590 3
1551 1552 4
1551 1591 1
1552 1553 1
1552 1592 3
1553 1554 4
1553 1593 1
1554 1555 2
1554 1594 2
1555 1556 4
1555 1595 3
1556 1557 2
1556 1596 4
1557 1558 4
1557 1597 2
1558 1559 4
1558 1598 3
1559 1560 2
1559 1599 5
1560 1600 1
1561 1562 2
1562 1563 3
1563 1564 4
1564 1565 1
1565 1566 1
1566 1567 3
1567 1568 3
1568 1569 3
1569 1570 3
1570 1571 3
1571 1572 5
1572 1573 5
1573 1574 3
1574 1575 4
1575 1576 4
1576 1577 2
1577 1578 1
1578 1579 2
1579 1580 3
1580 1581 3
1581 1582 4
1582 1583 3
1583 1584 5
1584 1585 4
1585 1586 2
1586 1587 3
1587 1588 3
1588 1589 5
1589 1590 5
1590 1591 3
1591 1592 1
1592 1593 5
1593 1594 5
1594 1595 4
1595 1596 2
1596 1597 2
1597 1598 5
1598 1599 2
1599 1600 1
1 1561 4
2 1562 4
3 1563 3
4 1564 4
5 1565 4
6 1566 3
7 1567 1
8 1568 3
9 1569 2
10 1570 3
11 1571 5
12 1572 2
13 1573 3
14 1574 5
15 1575 1
16 1576 4
17 1577 5
18 1578 2
19 1579 4
20 1580 5
21 1581 1
22 1582 4
23 1583 2
24 1584 2
25 1585 5
26 1586 5
27 1587 4
28 1588 4
29 1589 4
30 1590 4
31 1591 2
32 1592 3
33 1593 3
34 1594 3
35 1595 5
36 1596 1
37 1597 4
38 1598 5
39 1599 5
40 1600 1
1 40 2
41 80 3
81 120 1
121 160 5
161 200 2
201 240 1
241 280 3
281 320 5
321 360 4
361 400 4
401 440 2
441 480 3
481 520 5
521 560 5
561 600 2
601 640 4
641 680 1
681 720 1
721 760 3
761 800 2
801 840 4
841 880 1
881 920 3
921 960 4
961 1000 5
1001 1040 1
1041 1080 2
1081 1120 3
1121 1160 5
1161 1200 2
1201 1240 4
1241 1280 1
1281 1320 1
1321 1360 2
1361 1400 2
1401 1440 1
1441 1480 5
1481 1520 5
1521 1560 3
1561 1600 2
