400 800
1 2 1
1 21 1
2 3 2
2 22 5
3 4 1
3 23 5
4 5 1
4 24 4
5 6 1
5 25 3
6 7 1
6 26 1
7 8 2
7 27 2
8 9 2
8 28 3
9 10 1
9 29 2
10 11 1
10 30 2
11 12 3
11 31 1
12 13 2
12 32 3
13 14 1
13 33 4
14 15 2
14 34 4
15 16 5
15 35 2
16 17 5
16 36 4
17 18 3
17 37 4
18 19 4
18 38 4
19 20 3
19 39 3
20 40 2
21 22 2
21 41 2
22 23 3
22 42 4
23 24 5
23 43 1
24 25 3
24 44 1
25 26 3
25 45 5
26 27 4
26 46 2
27 28 1
27 47 2
28 29 4
28 48 2
29 30 4
29 49 5
30 31 3
30 50 1
31 32 1
31 51 3
32 33 3
32 52 1
33 34 1
33 53 5
34 35 5
34 54 3
35 36 1
35 55 2
36 37 1
36 56 1
37 38 4
37 57 5
38 39 5
38 58 1
39 40 2
39 59 4
40 60 5
41 42 2
41 61 1
42 43 1
42 62 4
43 44 3
43 63 4
44 45 1
44 64 2
45 46 1
45 65 4
46 47 1
46 66 2
47 48 2
47 67 2
48 49 3
48 68 5
49 50 5
49 69 3
50 51 3
50 70 5
51 52 3
51 71 1
52 53 5
52 72 4
53 54 3
53 73 4
54 55 2
54 74 1
55 56 3
55 75 2
56 57 3
56 76 5
57 58 3
57 77 2
58 59 5
58 78 2
59 60 2
59 79 5
60 80 1
61 62 5
61 81 4
62 63 2
62 82 2
63 64 3
63 83 4
64 65 3
64 84 1
65 66 2
65 85 2
66 67 1
66 86 1
67 68 2
67 87 5
68 69 1
68 88 3
69 70 2
69 89 4
70 71 1
70 90 2
71 72 2
71 91 2
72 73 2
72 92 4
73 74 1
73 93 4
74 75 3
74 94 4
75 76 1
75 95 1
76 77 4
76 96 3
77 78 1
77 97 2
78 79 4
78 98 4
79 80 4
79 99 1
80 100 4
81 82 2
81 101 5
82 83 5
82 102 5
83 84 5
83 103 3
84 85 4
84 104 1
85 86 4
85 105 4
86 87 4
86 106 2
87 88 3
87 107 5
88 89 1
88 108 1
89 90 5
89 109 3
90 91 4
90 110 3
91 92 5
91 111 5
92 93 4
92 112 4
93 94 5
93 113 2
94 95 4
94 114 3
95 96 4
95 115 4
96 97 4
96 116 3
97 98 4
97 117 3
98 99 2
98 118 2
99 100 1
99 119 3
100 120 4
101 102 5
101 121 1
102 103 3
102 122 5
103 104 1
103 123 2
104 105 4
104 124 1
105 106 3
105 125 3
106 107 3
106 126 3
107 108 1
107 127 4
108 109 1
108 128 1
109 110 2
109 129 1
110 111 4
110 130 1
111 112 3
111 131 5
112 113 2
112 132 1
113 114 1
113 133 2
114 115 3
114 134 2
115 116 3
115 135 3
116 117 4
116 136 1
117 118 1
117 137 2
118 119 1
118 138 5
119 120 1
119 139 2
120 140 5
121 122 4
121 141 4
122 123 4
122 142 4
123 124 5
123 143 4
124 125 2
124 144 3
125 126 2
125 145 1
126 127 4
126 146 1
127 128 5
127 147 3
128 129 4
128 148 2
129 130 4
129 149 4
130 131 3
130 150 5
131 132 3
131 151 2
132 133 1
132 152 2
133 134 5
133 153 4
134 135 5
134 154 5
135 136 4
135 155 1
136 137 1
136 156 4
137 138 3
137 157 2
138 139 1
138 158 5
139 140 2
139 159 5
140 160 4
141 142 5
141 161 1
142 143 2
142 162 1
143 144 5
143 163 1
144 145 1
144 164 1
145 146 3
145 165 5
146 147 1
146 166 5
147 148 5
147 167 3
148 149 4
148 168 1
149 150 3
149 169 1
150 151 3
150 170 2
151 152 5
151 171 2
152 153 4
152 172 3
153 154 2
153 173 3
154 155 4
154 174 4
155 156 2
155 175 4
156 157 4
156 176 3
157 158 3
157 177 4
158 159 5
158 178 3
159 160 4
159 179 3
160 180 1
161 162 2
161 181 2
162 163 3
162 182 5
163 164 4
163 183 2
164 165 3
164 184 5
165 166 3
165 185 1
166 167 3
166 186 5
167 168 3
167 187 5
168 169 4
168 188 4
169 170 5
169 189 4
170 171 2
170 190 4
171 172 5
171 191 2
172 173 3
172 192 4
173 174 3
173 193 4
174 175 3
174 194 3
175 176 5
175 195 1
176 177 3
176 196 4
177 178 4
177 197 4
178 179 4
178 198 2
179 180 3
179 199 5
180 200 5
181 182 3
181 201 1
182 183 3
182 202 3
183 184 1
183 203 3
184 185 5
184 204 3
185 186 4
185 205 4
186 187 2
186 206 5
187 188 3
187 207 2
188 189 2
188 208 2
189 190 1
189 209 2
190 191 1
190 210 4
191 192 1
191 211 4
192 193 4
192 212 5
193 194 3
193 213 5
194 195 1
194 214 1
195 196 5
195 215 5
196 197 5
196 216 2
197 198 1
197 217 2
198 199 2
198 218 1
199 200 4
199 219 3
200 220 5
201 202 3
201 221 5
202 203 4
202 222 2
203 204 1
203 223 3
204 205 5
204 224 1
205 206 5
205 225 5
206 207 2
206 226 1
207 208 2
207 227 4
208 209 4
208 228 3
209 210 4
209 229 1
210 211 5
210 230 5
211 212 5
211 231 2
212 213 3
212 232 3
213 214 2
213 233 1
214 215 5
214 234 4
215 216 1
215 235 3
216 217 3
216 236 2
217 218 2
217 237 5
218 219 2
218 238 5
219 220 3
219 239 2
220 240 1
221 222 2
221 241 5
222 223 3
222 242 4
223 224 4
223 243 2
224 225 1
224 244 5
225 226 4
225 245 1
226 227 2
226 246 4
227 228 4
227 247 5
228 229 5
228 248 3
229 230 5
229 249 3
230 231 4
230 250 2
231 232 5
231 251 5
232 233 2
232 252 3
233 234 5
233 253 4
234 235 3
234 254 5
235 236 1
235 255 4
236 237 4
236 256 1
237 238 5
237 257 2
238 239 4
238 258 4
239 240 1
239 259 4
240 260 4
241 242 1
241 261 1
242 243 2
242 262 3
243 244 1
243 263 1
244 245 2
244 264 4
245 246 2
245 265 5
246 247 1
246 266 1
247 248 3
247 267 4
248 249 1
248 268 4
249 250 3
249 269 1
250 251 5
250 270 4
251 252 5
251 271 2
252 253 5
252 272 1
253 254 3
253 273 1
254 255 2
254 274 4
255 256 2
255 275 2
256 257 5
256 276 1
257 258 2
257 277 3
258 259 2
258 278 5
259 260 5
259 279 2
260 280 1
261 262 2
261 281 3
262 263 4
262 282 3
263 264 1
263 283 4
264 265 5
264 284 5
265 266 2
265 285 3
266 267 4
266 286 3
267 268 3
267 287 2
268 269 5
268 288 2
269 270 4
269 289 4
270 271 4
270 290 2
271 272 5
271 291 5
272 273 3
272 292 5
273 274 1
273 293 4
274 275 3
274 294 3
275 276 5
275 295 4
276 277 4
276 296 5
277 278 2
277 297 4
278 279 2
278 298 1
279 280 2
279 299 3
280 300 1
281 282 5
281 301 5
282 283 3
282 302 4
283 284 1
283 303 4
284 285 2
284 304 5
285 286 3
285 305 2
286 287 4
286 306 4
287 288 1
287 307 4
288 289 1
288 308 4
289 290 3
289 309 5
290 291 2
290 310 5
291 292 4
291 311 4
292 293 3
292 312 2
293 294 4
293 313 1
294 295 5
294 314 2
295 296 3
295 315 1
296 297 3
296 316 5
297 298 1
297 317 3
298 299 5
298 318 2
299 300 1
299 319 1
300 320 5
301 302 1
301 321 4
302 303 5
302 322 3
303 304 1
303 323 3
304 305 3
304 324 3
305 306 5
305 325 1
306 307 5
306 326 5
307 308 5
307 327 4
308 309 4
308 328 1
309 310 2
309 329 1
310 311 2
310 330 4
311 312 5
311 331 1
312 313 3
312 332 2
313 314 2
313 333 4
314 315 2
314 334 2
315 316 1
315 335 1
316 317 5
316 336 3
317 318 5
317 337 4
318 319 4
318 338 1
319 320 2
319 339 4
320 340 5
321 322 2
321 341 5
322 323 2
322 342 2
323 324 3
323 343 2
324 325 5
324 344 5
325 326 2
325 345 4
326 327 3
326 346 2
327 328 2
327 347 5
328 329 1
328 348 5
329 330 2
329 349 4
330 331 3
330 350 1
331 332 3
331 351 4
332 333 4
332 352 5
333 334 5
333 353 2
334 335 4
334 354 4
335 336 1
335 355 3
336 337 4
336 356 1
337 338 2
337 357 3
338 339 5
338 358 4
339 340 4
339 359 2
340 360 2
341 342 3
341 361 4
342 343 3
342 362 3
343 344 3
343 363 4
344 345 2
344 364 3
345 346 4
345 365 4
346 347 3
346 366 4
347 348 4
347 367 4
348 349 5
348 368 5
349 350 4
349 369 1
350 351 5
350 370 4
351 352 2
351 371 1
352 353 5
352 372 4
353 354 1
353 373 3
354 355 2
354 374 3
355 356 5
355 375 5
356 357 2
356 376 3
357 358 1
357 377 3
358 359 1
358 378 2
359 360 3
359 379 4
360 380 5
361 362 2
361 381 5
362 363 1
362 382 2
363 364 5
363 383 3
364 365 2
364 384 3
365 366 4
365 385 2
366 367 2
366 386 3
367 368 1
367 387 3
368 369 3
368 388 4
369 370 1
369 389 5
370 371 1
370 390 3
371 372 4
371 391 2
372 373 2
372 392 5
373 374 1
373 393 1
374 375 1
374 394 5
375 376 1
375 395 1
376 377 4
376 396 1
377 378 1
377 397 3
378 379 2
378 398 3
379 380 2
379 399 3
380 400 5
381 382 5
382 383 2
383 384 4
384 385 4
385 386 1
386 387 5
387 388 1
388 389 1
389 390 5
390 391 4
391 392 4
392 393 2
393 394 2
394 395 2
395 396 5
396 397 5
397 398 1
398 399 5
399 400 5
1 381 3
2 382 4
3 383 1
4 384 2
5 385 3
6 386 5
7 387 1
8 388 5
9 389 5
10 390 1
11 391 1
12 392 1
13 393 3
14 394 5
15 395 4
16 396 5
17 397 4
18 398 1
19 399 1
20 400 3
1 20 2
21 40 3
41 60 5
61 80 4
81 100 1
101 120 4
121 140 5
141 160 3
161 180 2
181 200 4
201 220 5
221 240 4
241 260 2
261 280 5
281 300 1
301 320 1
321 340 4
341 360 5
361 380 3
381 400 1
