1600 3200
1 2 1
1 41 2
2 3 2
2 42 3
3 4 4
3 43 5
4 5 2
4 44 4
5 6 1
5 45 1
6 7 4
6 46 1
7 8 4
7 47 4
8 9 5
8 48 3
9 10 2
9 49 5
10 11 3
10 50 3
11 12 1
11 51 3
12 13 1
12 52 5
13 14 2
13 53 2
14 15 3
14 54 1
15 16 3
15 55 1
16 17 1
16 56 4
17 18 4
17 57 4
18 19 5
18 58 4
19 20 5
19 59 1
20 21 4
20 60 1
21 22 4
21 61 4
22 23 4
22 62 4
23 24 3
23 63 3
24 25 2
24 64 1
25 26 2
25 65 1
26 27 3
26 66 3
27 28 2
27 67 1
28 29 1
28 68 4
29 30 1
29 69 4
30 31 2
30 70 1
31 32 2
31 71 1
32 33 4
32 72 5
33 34 4
33 73 4
34 35 2
34 74 2
35 36 4
35 75 4
36 37 1
36 76 5
37 38 3
37 77 1
38 39 1
38 78 2
39 40 3
39 79 1
40 80 1
41 42 4
41 81 3
42 43 2
42 82 2
43 44 4
43 83 5
44 45 1
44 84 1
45 46 4
45 85 5
46 47 1
46 86 3
47 48 2
47 87 5
48 49 4
48 88 5
49 50 2
49 89 2
50 51 1
50 90 3
51 52 4
51 91 5
52 53 4
52 92 1
53 54 2
53 93 4
54 55 3
54 94 4
55 56 3
55 95 2
56 57 2
56 96 1
57 58 4
57 97 1
58 59 5
58 98 1
59 60 2
59 99 2
60 61 5
60 100 3
61 62 4
61 101 4
62 63 1
62 102 4
63 64 1
63 103 3
64 65 2
64 104 4
65 66 4
65 105 1
66 67 1
66 106 1
67 68 1
67 107 2
68 69 3
68 108 5
69 70 1
69 109 1
70 71 4
70 110 5
71 72 5
71 111 2
72 73 1
72 112 5
73 74 5
73 113 2
74 75 1
74 114 5
75 76 2
75 115 4
76 77 5
76 116 5
77 78 1
77 117 5
78 79 5
78 118 5
79 80 3
79 119 1
80 120 3
81 82 2
81 121 5
82 83 5
82 122 5
83 84 2
83 123 1
84 85 2
84 124 4
85 86 4
85 125 1
86 87 3
86 126 5
87 88 5
87 127 5
88 89 4
88 128 2
89 90 4
89 129 3
90 91 5
90 130 2
91 92 2
91 131 1
92 93 2
92 132 2
93 94 4
93 133 4
94 95 2
94 134 3
95 96 3
95 135 5
96 97 3
96 136 5
97 98 4
97 137 2
98 99 2
98 138 4
99 100 2
99 139 4
100 101 3
100 140 4
101 102 2
101 141 1
102 103 2
102 142 4
103 104 3
103 143 3
104 105 3
104 144 1
105 106 2
105 145 1
106 107 3
106 146 2
107 108 4
107 147 3
108 109 5
108 148 2
109 110 1
109 149 5
110 111 4
110 150 1
111 112 5
111 151 4
112 113 1
112 152 1
113 114 5
113 153 1
114 115 3
114 154 5
115 116 1
115 155 2
116 117 4
116 156 3
117 118 1
117 157 2
118 119 4
118 158 5
119 120 1
119 159 2
120 160 4
121 122 3
121 161 5
122 123 3
122 162 1
123 124 1
123 163 2
124 125 3
124 164 2
125 126 4
125 165 1
126 127 4
126 166 2
127 128 1
127 167 5
128 129 4
128 168 1
129 130 4
129 169 1
130 131 3
130 170 2
131 132 4
131 171 1
132 133 5
132 172 5
133 134 5
133 173 3
134 135 4
134 174 1
135 136 3
135 175 1
136 137 5
136 176 3
137 138 1
137 177 5
138 139 5
138 178 2
139 140 1
139 179 5
140 141 2
140 180 1
141 142 5
141 181 1
142 143 3
142 182 4
143 144 2
143 183 3
144 145 1
144 184 3
145 146 4
145 185 3
146 147 4
146 186 2
147 148 1
147 187 3
148 149 5
148 188 4
149 150 1
149 189 4
150 151 3
150 190 4
151 152 4
151 191 5
152 153 2
152 192 1
153 154 1
153 193 1
154 155 3
154 194 1
155 156 4
155 195 4
156 157 3
156 196 5
157 158 5
157 197 2
158 159 3
158 198 4
159 160 3
159 199 1
160 200 3
161 162 3
161 201 2
162 163 2
162 202 4
163 164 3
163 203 5
164 165 3
164 204 4
165 166 3
165 205 2
166 167 1
166 206 2
167 168 2
167 207 2
168 169 4
168 208 1
169 170 4
169 209 2
170 171 2
170 210 1
171 172 2
171 211 1
172 173 5
172 212 5
173 174 1
173 213 1
174 175 4
174 214 3
175 176 5
175 215 5
176 177 2
176 216 5
177 178 1
177 217 2
178 179 2
178 218 3
179 180 4
179 219 3
180 181 1
180 220 3
181 182 5
181 221 1
182 183 4
182 222 3
183 184 4
183 223 2
184 185 4
184 224 5
185 186 3
185 225 5
186 187 3
186 226 2
187 188 2
187 227 3
188 189 2
188 228 4
189 190 4
189 229 2
190 191 4
190 230 3
191 192 2
191 231 3
192 193 4
192 232 1
193 194 5
193 233 3
194 195 3
194 234 3
195 196 2
195 235 4
196 197 3
196 236 1
197 198 5
197 237 3
198 199 5
198 238 4
199 200 5
199 239 3
200 240 4
201 202 2
201 241 3
202 203 1
202 242 5
203 204 5
203 243 5
204 205 4
204 244 5
205 206 2
205 245 2
206 207 4
206 246 3
207 208 2
207 247 4
208 209 1
208 248 5
209 210 4
209 249 3
210 211 2
210 250 3
211 212 3
211 251 1
212 213 5
212 252 3
213 214 4
213 253 2
214 215 3
214 254 5
215 216 1
215 255 3
216 217 2
216 256 3
217 218 4
217 257 4
218 219 2
218 258 1
219 220 4
219 259 5
220 221 2
220 260 4
221 222 3
221 261 4
222 223 3
222 262 1
223 224 2
223 263 1
224 225 2
224 264 5
225 226 4
225 265 5
226 227 4
226 266 2
227 228 4
227 267 5
228 229 1
228 268 5
229 230 3
229 269 3
230 231 4
230 270 1
231 232 2
231 271 4
232 233 2
232 272 1
233 234 4
233 273 4
234 235 3
234 274 3
235 236 1
235 275 4
236 237 1
236 276 2
237 238 2
237 277 4
238 239 1
238 278 5
239 240 2
239 279 2
240 280 3
241 242 1
241 281 5
242 243 4
242 282 3
243 244 4
243 283 2
244 245 2
244 284 4
245 246 5
245 285 5
246 247 2
246 286 3
247 248 5
247 287 4
248 249 3
248 288 5
249 250 1
249 289 4
250 251 2
250 290 2
251 252 4
251 291 1
252 253 3
252 292 3
253 254 1
253 293 5
254 255 3
254 294 1
255 256 5
255 295 5
256 257 5
256 296 5
257 258 1
257 297 5
258 259 2
258 298 3
259 260 4
259 299 1
260 261 1
260 300 5
261 262 4
261 301 1
262 263 1
262 302 5
263 264 3
263 303 2
264 265 4
264 304 2
265 266 3
265 305 1
266 267 2
266 306 2
267 268 5
267 307 4
268 269 1
268 308 1
269 270 3
269 309 5
270 271 4
270 310 4
271 272 4
271 311 2
272 273 1
272 312 2
273 274 3
273 313 1
274 275 2
274 314 2
275 276 1
275 315 3
276 277 3
276 316 2
277 278 5
277 317 5
278 279 1
278 318 3
279 280 5
279 319 4
280 320 5
281 282 4
281 321 2
282 283 4
282 322 5
283 284 5
283 323 4
284 285 5
284 324 1
285 286 4
285 325 2
286 287 4
286 326 1
287 288 4
287 327 1
288 289 2
288 328 4
289 290 1
289 329 3
290 291 2
290 330 1
291 292 1
291 331 1
292 293 5
292 332 2
293 294 1
293 333 3
294 295 2
294 334 2
295 296 1
295 335 5
296 297 2
296 336 4
297 298 5
297 337 1
298 299 5
298 338 4
299 300 4
299 339 2
300 301 3
300 340 5
301 302 4
301 341 2
302 303 2
302 342 2
303 304 1
303 343 3
304 305 2
304 344 4
305 306 1
305 345 2
306 307 2
306 346 5
307 308 4
307 347 2
308 309 2
308 348 4
309 310 1
309 349 3
310 311 1
310 350 1
311 312 4
311 351 1
312 313 2
312 352 4
313 314 5
313 353 3
314 315 1
314 354 4
315 316 5
315 355 5
316 317 4
316 356 5
317 318 4
317 357 5
318 319 1
318 358 5
319 320 5
319 359 5
320 360 5
321 322 1
321 361 2
322 323 5
322 362 4
323 324 3
323 363 4
324 325 2
324 364 1
325 326 4
325 365 1
326 327 3
326 366 1
327 328 4
327 367 5
328 329 2
328 368 5
329 330 2
329 369 5
330 331 4
330 370 1
331 332 3
331 371 3
332 333 4
332 372 2
333 334 5
333 373 2
334 335 4
334 374 3
335 336 4
335 375 4
336 337 2
336 376 3
337 338 3
337 377 1
338 339 4
338 378 3
339 340 1
339 379 4
340 341 1
340 380 3
341 342 5
341 381 5
342 343 3
342 382 5
343 344 5
343 383 3
344 345 2
344 384 3
345 346 4
345 385 3
346 347 1
346 386 3
347 348 4
347 387 2
348 349 3
348 388 2
349 350 3
349 389 5
350 351 5
350 390 2
351 352 3
351 391 2
352 353 5
352 392 4
353 354 2
353 393 5
354 355 5
354 394 1
355 356 1
355 395 4
356 357 3
356 396 2
357 358 5
357 397 3
358 359 4
358 398 4
359 360 3
359 399 1
360 400 4
361 362 4
361 401 3
362 363 3
362 402 4
363 364 4
363 403 5
364 365 1
364 404 2
365 366 5
365 405 3
366 367 2
366 406 4
367 368 1
367 407 3
368 369 1
368 408 2
369 370 4
369 409 4
370 371 4
370 410 1
371 372 3
371 411 5
372 373 5
372 412 3
373 374 3
373 413 1
374 375 4
374 414 1
375 376 1
375 415 1
376 377 4
376 416 4
377 378 5
377 417 5
378 379 5
378 418 2
379 380 1
379 419 5
380 381 5
380 420 1
381 382 3
381 421 3
382 383 1
382 422 5
383 384 5
383 423 4
384 385 4
384 424 1
385 386 4
385 425 4
386 387 3
386 426 4
387 388 4
387 427 2
388 389 5
388 428 4
389 390 4
389 429 3
390 391 5
390 430 3
391 392 2
391 431 4
392 393 1
392 432 5
393 394 3
393 433 5
394 395 5
394 434 3
395 396 1
395 435 1
396 397 2
396 436 2
397 398 1
397 437 1
398 399 4
398 438 1
399 400 4
399 439 4
400 440 2
401 402 1
401 441 5
402 403 4
402 442 2
403 404 2
403 443 5
404 405 4
404 444 1
405 406 4
405 445 2
406 407 4
406 446 5
407 408 4
407 447 4
408 409 1
408 448 5
409 410 5
409 449 5
410 411 3
410 450 3
411 412 4
411 451 5
412 413 1
412 452 2
413 414 2
413 453 2
414 415 3
414 454 3
415 416 1
415 455 1
416 417 1
416 456 4
417 418 5
417 457 1
418 419 1
418 458 3
419 420 4
419 459 4
420 421 5
420 460 2
421 422 5
421 461 1
422 423 2
422 462 3
423 424 1
423 463 1
424 425 5
424 464 5
425 426 1
425 465 5
426 427 2
426 466 5
427 428 3
427 467 4
428 429 2
428 468 3
429 430 3
429 469 2
430 431 3
430 470 2
431 432 2
431 471 5
432 433 2
432 472 1
433 434 5
433 473 4
434 435 3
434 474 2
435 436 5
435 475 1
436 437 2
436 476 4
437 438 1
437 477 3
438 439 4
438 478 3
439 440 5
439 479 2
440 480 2
441 442 3
441 481 4
442 443 5
442 482 4
443 444 1
443 483 1
444 445 4
444 484 2
445 446 2
445 485 5
446 447 3
446 486 1
447 448 5
447 487 4
448 449 4
448 488 4
449 450 3
449 489 5
450 451 5
450 490 1
451 452 2
451 491 5
452 453 1
452 492 2
453 454 1
453 493 5
454 455 2
454 494 5
455 456 2
455 495 4
456 457 4
456 496 5
457 458 2
457 497 4
458 459 1
458 498 3
459 460 2
459 499 2
460 461 3
460 500 1
461 462 5
461 501 4
462 463 4
462 502 1
463 464 2
463 503 5
464 465 2
464 504 5
465 466 4
465 505 2
466 467 1
466 506 2
467 468 1
467 507 1
468 469 5
468 508 5
469 470 2
469 509 5
470 471 2
470 510 1
471 472 4
471 511 5
472 473 3
472 512 3
473 474 3
473 513 3
474 475 1
474 514 1
475 476 3
475 515 5
476 477 4
476 516 5
477 478 2
477 517 4
478 479 4
478 518 2
479 480 1
479 519 2
480 520 2
481 482 3
481 521 4
482 483 4
482 522 3
483 484 3
483 523 5
484 485 1
484 524 1
485 486 1
485 525 4
486 487 5
486 526 1
487 488 2
487 527 1
488 489 3
488 528 5
489 490 5
489 529 1
490 491 4
490 530 4
491 492 2
491 531 1
492 493 1
492 532 2
493 494 4
493 533 3
494 495 4
494 534 4
495 496 4
495 535 5
496 497 1
496 536 3
497 498 5
497 537 4
498 499 1
498 538 4
499 500 5
499 539 4
500 501 4
500 540 4
501 502 4
501 541 1
502 503 3
502 542 3
503 504 1
503 543 4
504 505 4
504 544 4
505 506 2
505 545 4
506 507 3
506 546 5
507 508 5
507 547 4
508 509 2
508 548 3
509 510 2
509 549 3
510 511 4
510 550 2
511 512 2
511 551 2
512 513 2
512 552 2
513 514 3
513 553 3
514 515 5
514 554 3
515 516 5
515 555 2
516 517 1
516 556 2
517 518 5
517 557 3
518 519 5
518 558 5
519 520 3
519 559 4
520 560 1
521 522 5
521 561 2
522 523 4
522 562 4
523 524 1
523 563 3
524 525 1
524 564 5
525 526 4
525 565 4
526 527 5
526 566 1
527 528 3
527 567 1
528 529 2
528 568 5
529 530 5
529 569 5
530 531 1
530 570 1
531 532 2
531 571 4
532 533 3
532 572 4
533 534 2
533 573 5
534 535 5
534 574 5
535 536 1
535 575 2
536 537 1
536 576 1
537 538 1
537 577 4
538 539 5
538 578 2
539 540 5
539 579 1
540 541 3
540 580 5
541 542 1
541 581 2
542 543 4
542 582 1
543 544 2
543 583 5
544 545 4
544 584 1
545 546 2
545 585 4
546 547 2
546 586 4
547 548 4
547 587 2
548 549 3
548 588 4
549 550 4
549 589 3
550 551 2
550 590 4
551 552 3
551 591 4
552 553 4
552 592 3
553 554 3
553 593 4
554 555 5
554 594 3
555 556 1
555 595 5
556 557 2
556 596 1
557 558 3
557 597 4
558 559 5
558 598 4
559 560 5
559 599 4
560 600 1
561 562 2
561 601 4
562 563 5
562 602 5
563 564 5
563 603 2
564 565 4
564 604 4
565 566 2
565 605 5
566 567 5
566 606 1
567 568 4
567 607 2
568 569 2
568 608 1
569 570 1
569 609 3
570 571 4
570 610 4
571 572 2
571 611 4
572 573 4
572 612 1
573 574 5
573 613 2
574 575 5
574 614 3
575 576 3
575 615 1
576 577 1
576 616 3
577 578 4
577 617 5
578 579 1
578 618 4
579 580 5
579 619 4
580 581 2
580 620 2
581 582 2
581 621 4
582 583 1
582 622 2
583 584 5
583 623 1
584 585 1
584 624 3
585 586 1
585 625 5
586 587 4
586 626 3
587 588 2
587 627 5
588 589 2
588 628 1
589 590 4
589 629 4
590 591 2
590 630 2
591 592 5
591 631 5
592 593 2
592 632 4
593 594 4
593 633 1
594 595 2
594 634 1
595 596 5
595 635 1
596 597 3
596 636 5
597 598 4
597 637 1
598 599 3
598 638 4
599 600 4
599 639 3
600 640 4
601 602 5
601 641 4
602 603 1
602 642 4
603 604 1
603 643 2
604 605 3
604 644 3
605 606 5
605 645 2
606 607 5
606 646 4
607 608 1
607 647 5
608 609 1
608 648 2
609 610 2
609 649 1
610 611 1
610 650 2
611 612 5
611 651 1
612 613 1
612 652 4
613 614 3
613 653 5
614 615 1
614 654 4
615 616 4
615 655 3
616 617 2
616 656 4
617 618 4
617 657 4
618 619 3
618 658 3
619 620 2
619 659 1
620 621 5
620 660 4
621 622 3
621 661 4
622 623 4
622 662 1
623 624 1
623 663 4
624 625 1
624 664 5
625 626 2
625 665 4
626 627 2
626 666 4
627 628 5
627 667 4
628 629 1
628 668 3
629 630 4
629 669 4
630 631 3
630 670 3
631 632 2
631 671 2
632 633 2
632 672 5
633 634 2
633 673 3
634 635 2
634 674 1
635 636 3
635 675 4
636 637 4
636 676 3
637 638 1
637 677 3
638 639 5
638 678 3
639 640 2
639 679 4
640 680 4
641 642 2
641 681 5
642 643 1
642 682 5
643 644 1
643 683 1
644 645 5
644 684 5
645 646 3
645 685 3
646 647 1
646 686 2
647 648 5
647 687 3
648 649 5
648 688 1
649 650 5
649 689 1
650 651 5
650 690 3
651 652 5
651 691 3
652 653 3
652 692 3
653 654 3
653 693 1
654 655 2
654 694 1
655 656 2
655 695 2
656 657 3
656 696 3
657 658 5
657 697 4
658 659 3
658 698 1
659 660 2
659 699 4
660 661 2
660 700 3
661 662 3
661 701 5
662 663 1
662 702 3
663 664 1
663 703 4
664 665 3
664 704 4
665 666 2
665 705 5
666 667 2
666 706 2
667 668 4
667 707 3
668 669 2
668 708 2
669 670 3
669 709 5
670 671 4
670 710 3
671 672 3
671 711 2
672 673 2
672 712 5
673 674 2
673 713 2
674 675 4
674 714 4
675 676 2
675 715 5
676 677 3
676 716 3
677 678 1
677 717 3
678 679 5
678 718 1
679 680 1
679 719 1
680 720 2
681 682 3
681 721 4
682 683 4
682 722 1
683 684 4
683 723 5
684 685 4
684 724 5
685 686 4
685 725 2
686 687 3
686 726 3
687 688 4
687 727 5
688 689 3
688 728 4
689 690 2
689 729 1
690 691 4
690 730 2
691 692 4
691 731 5
692 693 3
692 732 5
693 694 1
693 733 1
694 695 3
694 734 5
695 696 1
695 735 2
696 697 3
696 736 2
697 698 4
697 737 4
698 699 3
698 738 5
699 700 3
699 739 2
700 701 3
700 740 1
701 702 2
701 741 3
702 703 3
702 742 4
703 704 5
703 743 2
704 705 5
704 744 3
705 706 5
705 745 2
706 707 2
706 746 1
707 708 3
707 747 3
708 709 1
708 748 2
709 710 4
709 749 5
710 711 4
710 750 3
711 712 1
711 751 1
712 713 4
712 752 3
713 714 5
713 753 2
714 715 2
714 754 5
715 716 3
715 755 2
716 717 1
716 756 4
717 718 5
717 757 5
718 719 5
718 758 2
719 720 2
719 759 2
720 760 3
721 722 2
721 761 3
722 723 1
722 762 1
723 724 2
723 763 3
724 725 3
724 764 3
725 726 3
725 765 5
726 727 4
726 766 4
727 728 3
727 767 2
728 729 1
728 768 3
729 730 1
729 769 1
730 731 3
730 770 5
731 732 5
731 771 1
732 733 2
732 772 1
733 734 3
733 773 2
734 735 4
734 774 2
735 736 3
735 775 2
736 737 2
736 776 1
737 738 1
737 777 1
738 739 4
738 778 3
739 740 3
739 779 2
740 741 1
740 780 1
741 742 4
741 781 3
742 743 5
742 782 2
743 744 3
743 783 5
744 745 5
744 784 4
745 746 5
745 785 1
746 747 3
746 786 1
747 748 5
747 787 3
748 749 2
748 788 3
749 750 2
749 789 2
750 751 4
750 790 3
751 752 2
751 791 1
752 753 5
752 792 3
753 754 2
753 793 2
754 755 4
754 794 2
755 756 5
755 795 2
756 757 1
756 796 1
757 758 2
757 797 4
758 759 2
758 798 1
759 760 1
759 799 5
760 800 1
761 762 3
761 801 3
762 763 1
762 802 2
763 764 1
763 803 1
764 765 3
764 804 2
765 766 1
765 805 2
766 767 5
766 806 2
767 768 2
767 807 4
768 769 1
768 808 3
769 770 4
769 809 1
770 771 3
770 810 4
771 772 1
771 811 1
772 773 2
772 812 4
773 774 1
773 813 3
774 775 5
774 814 3
775 776 1
775 815 1
776 777 2
776 816 3
777 778 3
777 817 1
778 779 2
778 818 3
779 780 1
779 819 3
780 781 2
780 820 4
781 782 3
781 821 3
782 783 2
782 822 3
783 784 2
783 823 3
784 785 2
784 824 4
785 786 2
785 825 2
786 787 5
786 826 3
787 788 3
787 827 3
788 789 4
788 828 5
789 790 2
789 829 3
790 791 2
790 830 3
791 792 3
791 831 2
792 793 1
792 832 2
793 794 3
793 833 1
794 795 5
794 834 2
795 796 3
795 835 4
796 797 2
796 836 4
797 798 3
797 837 5
798 799 3
798 838 2
799 800 2
799 839 2
800 840 3
801 802 4
801 841 5
802 803 3
802 842 3
803 804 1
803 843 3
804 805 4
804 844 5
805 806 2
805 845 1
806 807 1
806 846 2
807 808 5
807 847 4
808 809 2
808 848 1
809 810 4
809 849 3
810 811 1
810 850 5
811 812 4
811 851 4
812 813 4
812 852 5
813 814 2
813 853 4
814 815 3
814 854 2
815 816 4
815 855 4
816 817 3
816 856 3
817 818 3
817 857 5
818 819 2
818 858 3
819 820 2
819 859 5
820 821 4
820 860 3
821 822 3
821 861 2
822 823 1
822 862 4
823 824 3
823 863 2
824 825 3
824 864 4
825 826 4
825 865 5
826 827 2
826 866 1
827 828 4
827 867 3
828 829 4
828 868 5
829 830 2
829 869 4
830 831 1
830 870 3
831 832 5
831 871 1
832 833 3
832 872 2
833 834 4
833 873 3
834 835 1
834 874 4
835 836 2
835 875 5
836 837 2
836 876 1
837 838 5
837 877 4
838 839 1
838 878 4
839 840 4
839 879 4
840 880 1
841 842 3
841 881 1
842 843 2
842 882 4
843 844 1
843 883 2
844 845 4
844 884 1
845 846 2
845 885 1
846 847 2
846 886 3
847 848 2
847 887 3
848 849 4
848 888 5
849 850 1
849 889 3
850 851 4
850 890 1
851 852 4
851 891 4
852 853 5
852 892 5
853 854 4
853 893 1
854 855 4
854 894 3
855 856 3
855 895 1
856 857 5
856 896 2
857 858 4
857 897 4
858 859 5
858 898 1
859 860 3
859 899 3
860 861 3
860 900 5
861 862 2
861 901 3
862 863 3
862 902 4
863 864 4
863 903 5
864 865 1
864 904 4
865 866 3
865 905 4
866 867 3
866 906 5
867 868 3
867 907 4
868 869 1
868 908 4
869 870 2
869 909 4
870 871 4
870 910 5
871 872 2
871 911 2
872 873 5
872 912 3
873 874 4
873 913 2
874 875 1
874 914 1
875 876 1
875 915 2
876 877 4
876 916 2
877 878 1
877 917 5
878 879 5
878 918 3
879 880 1
879 919 3
880 920 2
881 882 3
881 921 5
882 883 3
882 922 5
883 884 3
883 923 1
884 885 3
884 924 5
885 886 1
885 925 4
886 887 5
886 926 3
887 888 2
887 927 2
888 889 5
888 928 2
889 890 2
889 929 1
890 891 1
890 930 2
891 892 5
891 931 1
892 893 4
892 932 1
893 894 2
893 933 3
894 895 3
894 934 5
895 896 2
895 935 1
896 897 3
896 936 3
897 898 4
897 937 3
898 899 4
898 938 1
899 900 3
899 939 5
900 901 5
900 940 2
901 902 2
901 941 3
902 903 3
902 942 4
903 904 5
903 943 1
904 905 1
904 944 4
905 906 3
905 945 4
906 907 3
906 946 3
907 908 3
907 947 3
908 909 4
908 948 4
909 910 5
909 949 4
910 911 1
910 950 5
911 912 5
911 951 1
912 913 5
912 952 5
913 914 4
913 953 4
914 915 3
914 954 2
915 916 4
915 955 4
916 917 5
916 956 2
917 918 3
917 957 1
918 919 5
918 958 3
919 920 4
919 959 5
920 960 1
921 922 3
921 961 4
922 923 2
922 962 1
923 924 3
923 963 2
924 925 1
924 964 2
925 926 2
925 965 5
926 927 4
926 966 4
927 928 2
927 967 1
928 929 3
928 968 1
929 930 5
929 969 5
930 931 5
930 970 5
931 932 1
931 971 5
932 933 1
932 972 1
933 934 2
933 973 2
934 935 3
934 974 2
935 936 5
935 975 5
936 937 1
936 976 3
937 938 1
937 977 1
938 939 5
938 978 5
939 940 5
939 979 2
940 941 2
940 980 1
941 942 2
941 981 2
942 943 3
942 982 2
943 944 5
943 983 4
944 945 2
944 984 2
945 946 1
945 985 4
946 947 4
946 986 4
947 948 5
947 987 4
948 949 3
948 988 2
949 950 1
949 989 1
950 951 4
950 990 3
951 952 2
951 991 1
952 953 2
952 992 2
953 954 1
953 993 2
954 955 3
954 994 5
955 956 4
955 995 2
956 957 1
956 996 1
957 958 3
957 997 1
958 959 1
958 998 2
959 960 2
959 999 1
960 1000 2
961 962 5
961 1001 4
962 963 4
962 1002 3
963 964 5
963 1003 3
964 965 5
964 1004 5
965 966 1
965 1005 3
966 967 1
966 1006 1
967 968 4
967 1007 1
968 969 1
968 1008 1
969 970 5
969 1009 2
970 971 4
970 1010 4
971 972 5
971 1011 3
972 973 3
972 1012 3
973 974 5
973 1013 1
974 975 3
974 1014 3
975 976 5
975 1015 3
976 977 2
976 1016 5
977 978 2
977 1017 2
978 979 2
978 1018 5
979 980 5
979 1019 4
980 981 1
980 1020 1
981 982 2
981 1021 3
982 983 4
982 1022 4
983 984 2
983 1023 2
984 985 1
984 1024 4
985 986 3
985 1025 5
986 987 5
986 1026 2
987 988 4
987 1027 4
988 989 5
988 1028 5
989 990 1
989 1029 4
990 991 5
990 1030 3
991 992 4
991 1031 3
992 993 1
992 1032 3
993 994 4
993 1033 2
994 995 5
994 1034 4
995 996 5
995 1035 3
996 997 4
996 1036 2
997 998 3
997 1037 5
998 999 4
998 1038 2
999 1000 4
999 1039 2
1000 1040 5
1001 1002 5
1001 1041 3
1002 1003 5
1002 1042 5
1003 1004 1
1003 1043 5
1004 1005 2
1004 1044 4
1005 1006 2
1005 1045 1
1006 1007 5
1006 1046 5
1007 1008 5
1007 1047 2
1008 1009 2
1008 1048 1
1009 1010 4
1009 1049 2
1010 1011 5
1010 1050 1
1011 1012 1
1011 1051 2
1012 1013 4
1012 1052 2
1013 1014 3
1013 1053 5
1014 1015 3
1014 1054 4
1015 1016 1
1015 1055 4
1016 1017 4
1016 1056 1
1017 1018 2
1017 1057 4
1018 1019 5
1018 1058 4
1019 1020 4
1019 1059 1
1020 1021 1
1020 1060 2
1021 1022 4
1021 1061 5
1022 1023 1
1022 1062 3
1023 1024 5
1023 1063 5
1024 1025 4
1024 1064 5
1025 1026 1
1025 1065 2
1026 1027 1
1026 1066 4
1027 1028 1
1027 1067 2
1028 1029 3
1028 1068 1
1029 1030 5
1029 1069 5
1030 1031 1
1030 1070 3
1031 1032 1
1031 1071 3
1032 1033 5
1032 1072 5
1033 1034 1
1033 1073 5
1034 1035 4
1034 1074 4
1035 1036 1
1035 1075 3
1036 1037 2
1036 1076 3
1037 1038 5
1037 1077 1
1038 1039 2
1038 1078 1
1039 1040 2
1039 1079 2
1040 1080 2
1041 1042 1
1041 1081 4
1042 1043 1
1042 1082 5
1043 1044 3
1043 1083 4
1044 1045 3
1044 1084 3
1045 1046 5
1045 1085 4
1046 1047 2
1046 1086 1
1047 1048 2
1047 1087 1
1048 1049 1
1048 1088 1
1049 1050 1
1049 1089 5
1050 1051 1
1050 1090 1
1051 1052 3
1051 1091 1
1052 1053 2
1052 1092 1
1053 1054 5
1053 1093 2
1054 1055 3
1054 1094 1
1055 1056 2
1055 1095 4
1056 1057 1
1056 1096 5
1057 1058 3
1057 1097 1
1058 1059 2
1058 1098 3
1059 1060 1
1059 1099 4
1060 1061 3
1060 1100 5
1061 1062 2
1061 1101 5
1062 1063 3
1062 1102 5
1063 1064 3
1063 1103 3
1064 1065 2
1064 1104 4
1065 1066 4
1065 1105 4
1066 1067 3
1066 1106 5
1067 1068 2
1067 1107 5
1068 1069 1
1068 1108 1
1069 1070 2
1069 1109 1
1070 1071 1
1070 1110 1
1071 1072 1
1071 1111 1
1072 1073 1
1072 1112 3
1073 1074 3
1073 1113 3
1074 1075 5
1074 1114 1
1075 1076 2
1075 1115 2
1076 1077 1
1076 1116 3
1077 1078 3
1077 1117 1
1078 1079 4
1078 1118 2
1079 1080 3
1079 1119 3
1080 1120 5
1081 1082 5
1081 1121 5
1082 1083 3
1082 1122 2
1083 1084 4
1083 1123 4
1084 1085 4
1084 1124 5
1085 1086 4
1085 1125 4
1086 1087 5
1086 1126 3
1087 1088 5
1087 1127 2
1088 1089 4
1088 1128 2
1089 1090 1
1089 1129 1
1090 1091 4
1090 1130 2
1091 1092 3
1091 1131 2
1092 1093 3
1092 1132 2
1093 1094 1
1093 1133 2
1094 1095 4
1094 1134 3
1095 1096 2
1095 1135 4
1096 1097 5
1096 1136 2
1097 1098 2
1097 1137 1
1098 1099 5
1098 1138 2
1099 1100 3
1099 1139 3
1100 1101 5
1100 1140 2
1101 1102 3
1101 1141 2
1102 1103 2
1102 1142 4
1103 1104 3
1103 1143 3
1104 1105 3
1104 1144 4
1105 1106 4
1105 1145 5
1106 1107 3
1106 1146 3
1107 1108 1
1107 1147 4
1108 1109 2
1108 1148 4
1109 1110 3
1109 1149 1
1110 1111 5
1110 1150 1
1111 1112 2
1111 1151 4
1112 1113 1
1112 1152 5
1113 1114 4
1113 1153 2
1114 1115 5
1114 1154 1
1115 1116 5
1115 1155 4
1116 1117 3
1116 1156 5
1117 1118 3
1117 1157 4
1118 1119 5
1118 1158 4
1119 1120 5
1119 1159 1
1120 1160 4
1121 1122 3
1121 1161 4
1122 1123 5
1122 1162 1
1123 1124 1
1123 1163 3
1124 1125 4
1124 1164 3
1125 1126 4
1125 1165 3
1126 1127 2
1126 1166 4
1127 1128 3
1127 1167 2
1128 1129 1
1128 1168 1
1129 1130 5
1129 1169 4
1130 1131 3
1130 1170 1
1131 1132 5
1131 1171 1
1132 1133 4
1132 1172 3
1133 1134 3
1133 1173 3
1134 1135 5
1134 1174 2
1135 1136 4
1135 1175 2
1136 1137 2
1136 1176 3
1137 1138 4
1137 1177 1
1138 1139 5
1138 1178 5
1139 1140 4
1139 1179 4
1140 1141 1
1140 1180 2
1141 1142 4
1141 1181 2
1142 1143 2
1142 1182 4
1143 1144 3
1143 1183 1
1144 1145 5
1144 1184 3
1145 1146 4
1145 1185 1
1146 1147 1
1146 1186 2
1147 1148 2
1147 1187 4
1148 1149 1
1148 1188 1
1149 1150 1
1149 1189 2
1150 1151 4
1150 1190 3
1151 1152 5
1151 1191 4
1152 1153 4
1152 1192 1
1153 1154 1
1153 1193 4
1154 1155 1
1154 1194 5
1155 1156 4
1155 1195 4
1156 1157 1
1156 1196 5
1157 1158 5
1157 1197 4
1158 1159 5
1158 1198 3
1159 1160 2
1159 1199 3
1160 1200 3
1161 1162 5
1161 1201 3
1162 1163 4
1162 1202 3
1163 1164 1
1163 1203 2
1164 1165 1
1164 1204 2
1165 1166 4
1165 1205 5
1166 1167 5
1166 1206 4
1167 1168 4
1167 1207 4
1168 1169 5
1168 1208 2
1169 1170 2
1169 1209 3
1170 1171 3
1170 1210 2
1171 1172 1
1171 1211 2
1172 1173 1
1172 1212 5
1173 1174 4
1173 1213 1
1174 1175 4
1174 1214 1
1175 1176 5
1175 1215 2
1176 1177 3
1176 1216 5
1177 1178 4
1177 1217 5
1178 1179 5
1178 1218 1
1179 1180 5
1179 1219 4
1180 1181 2
1180 1220 2
1181 1182 5
1181 1221 3
1182 1183 1
1182 1222 1
1183 1184 1
1183 1223 5
1184 1185 4
1184 1224 3
1185 1186 1
1185 1225 1
1186 1187 3
1186 1226 2
1187 1188 1
1187 1227 5
1188 1189 5
1188 1228 1
1189 1190 4
1189 1229 2
1190 1191 5
1190 1230 4
1191 1192 5
1191 1231 1
1192 1193 4
1192 1232 4
1193 1194 3
1193 1233 5
1194 1195 2
1194 1234 4
1195 1196 3
1195 1235 2
1196 1197 2
1196 1236 4
1197 1198 3
1197 1237 5
1198 1199 4
1198 1238 5
1199 1200 3
1199 1239 2
1200 1240 4
1201 1202 1
1201 1241 5
1202 1203 2
1202 1242 4
1203 1204 1
1203 1243 2
1204 1205 4
1204 1244 2
1205 1206 2
1205 1245 2
1206 1207 5
1206 1246 2
1207 1208 4
1207 1247 1
1208 1209 4
1208 1248 3
1209 1210 2
1209 1249 2
1210 1211 3
1210 1250 4
1211 1212 1
1211 1251 1
1212 1213 1
1212 1252 4
1213 1214 5
1213 1253 5
1214 1215 3
1214 1254 1
1215 1216 4
1215 1255 1
1216 1217 1
1216 1256 1
1217 1218 1
1217 1257 3
1218 1219 2
1218 1258 5
1219 1220 4
1219 1259 2
1220 1221 1
1220 1260 1
1221 1222 5
1221 1261 5
1222 1223 4
1222 1262 3
1223 1224 5
1223 1263 2
1224 1225 5
1224 1264 4
1225 1226 1
1225 1265 4
1226 1227 3
1226 1266 1
1227 1228 4
1227 1267 1
1228 1229 1
1228 1268 4
1229 1230 3
1229 1269 5
1230 1231 1
1230 1270 2
1231 1232 4
1231 1271 5
1232 1233 2
1232 1272 4
1233 1234 3
1233 1273 1
1234 1235 4
1234 1274 5
1235 1236 1
1235 1275 5
1236 1237 5
1236 1276 1
1237 1238 4
1237 1277 2
1238 1239 2
1238 1278 2
1239 1240 4
1239 1279 4
1240 1280 4
1241 1242 3
1241 1281 4
1242 1243 3
1242 1282 2
1243 1244 5
1243 1283 1
1244 1245 1
1244 1284 4
1245 1246 4
1245 1285 4
1246 1247 5
1246 1286 5
1247 1248 5
1247 1287 4
1248 1249 2
1248 1288 1
1249 1250 1
1249 1289 1
1250 1251 2
1250 1290 2
1251 1252 2
1251 1291 5
1252 1253 4
1252 1292 5
1253 1254 3
1253 1293 2
1254 1255 1
1254 1294 5
1255 1256 5
1255 1295 1
1256 1257 2
1256 1296 1
1257 1258 5
1257 1297 3
1258 1259 4
1258 1298 2
1259 1260 2
1259 1299 4
1260 1261 2
1260 1300 5
1261 1262 1
1261 1301 4
1262 1263 2
1262 1302 2
1263 1264 5
1263 1303 3
1264 1265 1
1264 1304 1
1265 1266 5
1265 1305 4
1266 1267 2
1266 1306 5
1267 1268 2
1267 1307 5
1268 1269 3
1268 1308 3
1269 1270 3
1269 1309 3
1270 1271 4
1270 1310 1
1271 1272 2
1271 1311 5
1272 1273 2
1272 1312 2
1273 1274 2
1273 1313 5
1274 1275 1
1274 1314 2
1275 1276 1
1275 1315 1
1276 1277 1
1276 1316 3
1277 1278 3
1277 1317 4
1278 1279 5
1278 1318 1
1279 1280 5
1279 1319 5
1280 1320 1
1281 1282 4
1281 1321 5
1282 1283 4
1282 1322 4
1283 1284 3
1283 1323 3
1284 1285 3
1284 1324 5
1285 1286 3
1285 1325 2
1286 1287 4
1286 1326 2
1287 1288 4
1287 1327 5
1288 1289 4
1288 1328 1
1289 1290 1
1289 1329 2
1290 1291 1
1290 1330 5
1291 1292 4
1291 1331 1
1292 1293 1
1292 1332 1
1293 1294 2
1293 1333 2
1294 1295 3
1294 1334 4
1295 1296 4
1295 1335 4
1296 1297 5
1296 1336 4
1297 1298 5
1297 1337 2
1298 1299 2
1298 1338 2
1299 1300 2
1299 1339 3
1300 1301 3
1300 1340 4
1301 1302 2
1301 1341 1
1302 1303 2
1302 1342 2
1303 1304 1
1303 1343 3
1304 1305 5
1304 1344 1
1305 1306 4
1305 1345 1
1306 1307 1
1306 1346 4
1307 1308 1
1307 1347 1
1308 1309 5
1308 1348 1
1309 1310 2
1309 1349 1
1310 1311 4
1310 1350 4
1311 1312 5
1311 1351 4
1312 1313 2
1312 1352 5
1313 1314 3
1313 1353 3
1314 1315 4
1314 1354 2
1315 1316 3
1315 1355 4
1316 1317 1
1316 1356 2
1317 1318 5
1317 1357 2
1318 1319 3
1318 1358 3
1319 1320 4
1319 1359 3
1320 1360 4
1321 1322 3
1321 1361 5
1322 1323 3
1322 1362 1
1323 1324 1
1323 1363 1
1324 1325 1
1324 1364 1
1325 1326 2
1325 1365 3
1326 1327 3
1326 1366 2
1327 1328 1
1327 1367 2
1328 1329 1
1328 1368 5
1329 1330 1
1329 1369 2
1330 1331 3
1330 1370 2
1331 1332 1
1331 1371 4
1332 1333 5
1332 1372 2
1333 1334 3
1333 1373 4
1334 1335 2
1334 1374 1
1335 1336 5
1335 1375 4
1336 1337 5
1336 1376 4
1337 1338 3
1337 1377 3
1338 1339 5
1338 1378 3
1339 1340 3
1339 1379 2
1340 1341 1
1340 1380 2
1341 1342 2
1341 1381 2
1342 1343 3
1342 1382 5
1343 1344 1
1343 1383 5
1344 1345 5
1344 1384 3
1345 1346 3
1345 1385 1
1346 1347 1
1346 1386 5
1347 1348 2
1347 1387 5
1348 1349 5
1348 1388 3
1349 1350 2
1349 1389 1
1350 1351 4
1350 1390 3
1351 1352 2
1351 1391 5
1352 1353 5
1352 1392 5
1353 1354 4
1353 1393 3
1354 1355 5
1354 1394 2
1355 1356 2
1355 1395 4
1356 1357 5
1356 1396 1
1357 1358 3
1357 1397 5
1358 1359 1
1358 1398 3
1359 1360 4
1359 1399 4
1360 1400 2
1361 1362 2
1361 1401 1
1362 1363 5
1362 1402 1
1363 1364 4
1363 1403 5
1364 1365 2
1364 1404 3
1365 1366 5
1365 1405 1
1366 1367 2
1366 1406 4
1367 1368 3
1367 1407 5
1368 1369 1
1368 1408 3
1369 1370 3
1369 1409 5
1370 1371 4
1370 1410 4
1371 1372 3
1371 1411 1
1372 1373 1
1372 1412 3
1373 1374 4
1373 1413 4
1374 1375 1
1374 1414 1
1375 1376 5
1375 1415 3
1376 1377 2
1376 1416 4
1377 1378 5
1377 1417 5
1378 1379 4
1378 1418 2
1379 1380 2
1379 1419 4
1380 1381 3
1380 1420 1
1381 1382 2
1381 1421 5
1382 1383 2
1382 1422 1
1383 1384 4
1383 1423 2
1384 1385 1
1384 1424 5
1385 1386 3
1385 1425 3
1386 1387 3
1386 1426 4
1387 1388 1
1387 1427 4
1388 1389 3
1388 1428 3
1389 1390 2
1389 1429 1
1390 1391 4
1390 1430 4
1391 1392 2
1391 1431 5
1392 1393 4
1392 1432 1
1393 1394 5
1393 1433 5
1394 1395 1
1394 1434 4
1395 1396 2
1395 1435 3
1396 1397 2
1396 1436 2
1397 1398 2
1397 1437 3
1398 1399 1
1398 1438 3
1399 1400 4
1399 1439 3
1400 1440 2
1401 1402 1
1401 1441 3
1402 1403 3
1402 1442 4
1403 1404 1
1403 1443 1
1404 1405 5
1404 1444 4
1405 1406 1
1405 1445 4
1406 1407 5
1406 1446 1
1407 1408 3
1407 1447 5
1408 1409 2
1408 1448 4
1409 1410 4
1409 1449 4
1410 1411 4
1410 1450 3
1411 1412 1
1411 1451 3
1412 1413 3
1412 1452 5
1413 1414 3
1413 1453 3
1414 1415 2
1414 1454 4
1415 1416 5
1415 1455 5
1416 1417 4
1416 1456 3
1417 1418 4
1417 1457 4
1418 1419 5
1418 1458 3
1419 1420 4
1419 1459 4
1420 1421 3
1420 1460 3
1421 1422 5
1421 1461 5
1422 1423 2
1422 1462 5
1423 1424 4
1423 1463 3
1424 1425 1
1424 1464 4
1425 1426 2
1425 1465 1
1426 1427 2
1426 1466 1
1427 1428 4
1427 1467 1
1428 1429 2
1428 1468 2
1429 1430 4
1429 1469 4
1430 1431 1
1430 1470 3
1431 1432 5
1431 1471 3
1432 1433 2
1432 1472 1
1433 1434 1
1433 1473 1
1434 1435 2
1434 1474 5
1435 1436 1
1435 1475 4
1436 1437 1
1436 1476 5
1437 1438 5
1437 1477 4
1438 1439 1
1438 1478 1
1439 1440 4
1439 1479 5
1440 1480 2
1441 1442 3
1441 1481 1
1442 1443 2
1442 1482 3
1443 1444 5
1443 1483 2
1444 1445 5
1444 1484 5
1445 1446 5
1445 1485 3
1446 1447 1
1446 1486 1
1447 1448 2
1447 1487 2
1448 1449 2
1448 1488 5
1449 1450 4
1449 1489 1
1450 1451 4
1450 1490 2
1451 1452 3
1451 1491 3
1452 1453 3
1452 1492 4
1453 1454 5
1453 1493 2
1454 1455 1
1454 1494 5
1455 1456 3
1455 1495 3
1456 1457 3
1456 1496 4
1457 1458 1
1457 1497 2
1458 1459 3
1458 1498 5
1459 1460 2
1459 1499 4
1460 1461 4
1460 1500 2
1461 1462 1
1461 1501 3
1462 1463 5
1462 1502 3
1463 1464 5
1463 1503 1
1464 1465 1
1464 1504 1
1465 1466 1
1465 1505 5
1466 1467 3
1466 1506 4
1467 1468 5
1467 1507 4
1468 1469 1
1468 1508 2
1469 1470 2
1469 1509 4
1470 1471 4
1470 1510 3
1471 1472 4
1471 1511 1
1472 1473 3
1472 1512 4
1473 1474 1
1473 1513 5
1474 1475 5
1474 1514 5
1475 1476 4
1475 1515 1
1476 1477 5
1476 1516 5
1477 1478 2
1477 1517 3
1478 1479 1
1478 1518 2
1479 1480 2
1479 1519 4
1480 1520 5
1481 1482 5
1481 1521 5
1482 1483 5
1482 1522 5
1483 1484 4
1483 1523 1
1484 1485 4
1484 1524 2
1485 1486 3
1485 1525 1
1486 1487 5
1486 1526 2
1487 1488 1
1487 1527 1
1488 1489 3
1488 1528 1
1489 1490 2
1489 1529 1
1490 1491 1
1490 1530 1
1491 1492 3
1491 1531 1
1492 1493 1
1492 1532 4
1493 1494 3
1493 1533 1
1494 1495 1
1494 1534 2
1495 1496 1
1495 1535 1
1496 1497 5
1496 1536 2
1497 1498 3
1497 1537 4
1498 1499 2
1498 1538 3
1499 1500 5
1499 1539 1
1500 1501 3
1500 1540 5
1501 1502 4
1501 1541 1
1502 1503 2
1502 1542 2
1503 1504 5
1503 1543 1
1504 1505 2
1504 1544 5
1505 1506 4
1505 1545 1
1506 1507 1
1506 1546 2
1507 1508 5
1507 1547 4
1508 1509 4
1508 1548 2
1509 1510 5
1509 1549 1
1510 1511 5
1510 1550 5
1511 1512 5
1511 1551 5
1512 1513 2
1512 1552 5
1513 1514 5
1513 1553 4
1514 1515 5
1514 1554 3
1515 1516 1
1515 1555 4
1516 1517 1
1516 1556 2
1517 1518 1
1517 1557 2
1518 1519 5
1518 1558 5
1519 1520 5
1519 1559 3
1520 1560 2
1521 1522 3
1521 1561 4
1522 1523 2
1522 1562 4
1523 1524 5
1523 1563 2
1524 1525 5
1524 1564 3
1525 1526 1
1525 1565 5
1526 1527 5
1526 1566 5
1527 1528 1
1527 1567 5
1528 1529 3
1528 1568 1
1529 1530 4
1529 1569 4
1530 1531 2
1530 1570 1
1531 1532 5
1531 1571 4
1532 1533 2
1532 1572 2
1533 1534 5
1533 1573 4
1534 1535 2
1534 1574 2
1535 1536 1
1535 1575 4
1536 1537 3
1536 1576 4
1537 1538 1
1537 1577 5
1538 1539 4
1538 1578 4
1539 1540 2
1539 1579 4
1540 1541 3
1540 1580 2
1541 1542 4
1541 1581 4
1542 1543 1
1542 1582 5
1543 1544 3
1543 1583 2
1544 1545 3
1544 1584 5
1545 1546 4
1545 1585 3
1546 1547 2
1546 1586 3
1547 1548 5
1547 1587 4
1548 1549 4
1548 1588 1
1549 1550 1
1549 1589 3
1550 1551 5
1550 1590 2
1551 1552 3
1551 1591 2
1552 1553 2
1552 1592 2
1553 1554 3
1553 1593 3
1554 1555 5
1554 1594 4
1555 1556 3
1555 1595 3
1556 1557 5
1556 1596 4
1557 1558 5
1557 1597 4
1558 1559 4
1558 1598 2
1559 1560 5
1559 1599 5
1560 1600 3
1561 1562 4
1562 1563 3
1563 1564 4
1564 1565 5
1565 1566 1
1566 1567 3
1567 1568 5
1568 1569 2
1569 1570 3
1570 1571 1
1571 1572 5
1572 1573 2
1573 1574 2
1574 1575 4
1575 1576 3
1576 1577 1
1577 1578 3
1578 1579 4
1579 1580 2
1580 1581 1
1581 1582 2
1582 1583 4
1583 1584 1
1584 1585 1
1585 1586 4
1586 1587 3
1587 1588 5
1588 1589 4
1589 1590 5
1590 1591 2
1591 1592 4
1592 1593 5
1593 1594 3
1594 1595 1
1595 1596 5
1596 1597 5
1597 1598 4
1598 1599 1
1599 1600 2
1 1561 1
2 1562 5
3 1563 4
4 1564 5
5 1565 1
6 1566 2
7 1567 3
8 1568 2
9 1569 4
10 1570 3
11 1571 3
12 1572 5
13 1573 4
14 1574 3
15 1575 4
16 1576 2
17 1577 3
18 1578 3
19 1579 2
20 1580 3
21 1581 1
22 1582 3
23 1583 3
24 1584 2
25 1585 4
26 1586 4
27 1587 1
28 1588 2
29 1589 5
30 1590 5
31 1591 3
32 1592 4
33 1593 5
34 1594 2
35 1595 1
36 1596 5
37 1597 1
38 1598 2
39 1599 5
40 1600 5
1 40 5
41 80 1
81 120 2
121 160 2
161 200 3
201 240 4
241 280 3
281 320 4
321 360 1
361 400 1
401 440 4
441 480 4
481 520 1
521 560 1
561 600 2
601 640 5
641 680 5
681 720 4
721 760 3
761 800 3
801 840 2
841 880 2
881 920 1
921 960 4
961 1000 3
1001 1040 5
1041 1080 4
1081 1120 5
1121 1160 1
1161 1200 5
1201 1240 2
1241 1280 3
1281 1320 4
1321 1360 5
1361 1400 5
1401 1440 4
1441 1480 4
1481 1520 3
1521 1560 1
1561 1600 5
