1600 3200
1 2 1
1 41 3
2 3 3
2 42 3
3 4 5
3 43 5
4 5 3
4 44 2
5 6 2
5 45 5
6 7 4
6 46 2
7 8 3
7 47 2
8 9 5
8 48 3
9 10 4
9 49 1
10 11 1
10 50 2
11 12 1
11 51 3
12 13 1
12 52 2
13 14 1
13 53 3
14 15 3
14 54 4
15 16 4
15 55 3
16 17 2
16 56 2
17 18 5
17 57 1
18 19 3
18 58 3
19 20 3
19 59 4
20 21 2
20 60 2
21 22 5
21 61 2
22 23 5
22 62 1
23 24 2
23 63 2
24 25 5
24 64 4
25 26 5
25 65 3
26 27 1
26 66 1
27 28 1
27 67 1
28 29 2
28 68 3
29 30 5
29 69 1
30 31 4
30 70 1
31 32 1
31 71 5
32 33 2
32 72 3
33 34 5
33 73 1
34 35 1
34 74 4
35 36 5
35 75 5
36 37 1
36 76 3
37 38 2
37 77 3
38 39 1
38 78 5
39 40 4
39 79 5
40 80 5
41 42 2
41 81 5
42 43 4
42 82 2
43 44 2
43 83 2
44 45 2
44 84 4
45 46 3
45 85 1
46 47 1
46 86 5
47 48 1
47 87 3
48 49 5
48 88 1
49 50 1
49 89 4
50 51 5
50 90 2
51 52 2
51 91 5
52 53 3
52 92 5
53 54 3
53 93 2
54 55 3
54 94 1
55 56 4
55 95 1
56 57 5
56 96 5
57 58 3
57 97 1
58 59 4
58 98 2
59 60 5
59 99 2
60 61 1
60 100 4
61 62 4
61 101 1
62 63 2
62 102 3
63 64 1
63 103 3
64 65 1
64 104 4
65 66 2
65 105 5
66 67 1
66 106 3
67 68 4
67 107 1
68 69 1
68 108 5
69 70 5
69 109 2
70 71 1
70 110 5
71 72 5
71 111 2
72 73 2
72 112 2
73 74 1
73 113 3
74 75 2
74 114 4
75 76 3
75 115 5
76 77 2
76 116 3
77 78 3
77 117 2
78 79 4
78 118 3
79 80 4
79 119 5
80 120 1
81 82 5
81 121 3
82 83 3
82 122 1
83 84 4
83 123 4
84 85 4
84 124 4
85 86 4
85 125 4
86 87 5
86 126 3
87 88 1
87 127 2
88 89 2
88 128 5
89 90 4
89 129 3
90 91 1
90 130 3
91 92 4
91 131 5
92 93 3
92 132 1
93 94 4
93 133 2
94 95 4
94 134 5
95 96 2
95 135 3
96 97 2
96 136 2
97 98 3
97 137 3
98 99 3
98 138 5
99 100 4
99 139 4
100 101 2
100 140 1
101 102 5
101 141 4
102 103 4
102 142 3
103 104 5
103 143 3
104 105 2
104 144 4
105 106 2
105 145 5
106 107 4
106 146 1
107 108 1
107 147 5
108 109 4
108 148 2
109 110 3
109 149 5
110 111 4
110 150 2
111 112 1
111 151 2
112 113 1
112 152 4
113 114 2
113 153 5
114 115 4
114 154 1
115 116 3
115 155 1
116 117 4
116 156 4
117 118 2
117 157 2
118 119 4
118 158 2
119 120 5
119 159 3
120 160 4
121 122 3
121 161 2
122 123 5
122 162 1
123 124 5
123 163 5
124 125 1
124 164 3
125 126 3
125 165 3
126 127 1
126 166 2
127 128 2
127 167 3
128 129 5
128 168 2
129 130 1
129 169 5
130 131 5
130 170 1
131 132 1
131 171 3
132 133 3
132 172 4
133 134 4
133 173 4
134 135 5
134 174 3
135 136 2
135 175 3
136 137 1
136 176 4
137 138 2
137 177 2
138 139 5
138 178 2
139 140 2
139 179 2
140 141 4
140 180 5
141 142 4
141 181 3
142 143 4
142 182 5
143 144 4
143 183 4
144 145 1
144 184 2
145 146 4
145 185 5
146 147 3
146 186 1
147 148 5
147 187 1
148 149 2
148 188 3
149 150 3
149 189 1
150 151 1
150 190 2
151 152 4
151 191 1
152 153 1
152 192 4
153 154 4
153 193 2
154 155 3
154 194 5
155 156 1
155 195 5
156 157 4
156 196 2
157 158 5
157 197 1
158 159 3
158 198 3
159 160 4
159 199 2
160 200 3
161 162 4
161 201 2
162 163 1
162 202 2
163 164 2
163 203 5
164 165 2
164 204 2
165 166 5
165 205 5
166 167 1
166 206 5
167 168 2
167 207 5
168 169 1
168 208 5
169 170 4
169 209 3
170 171 5
170 210 1
171 172 2
171 211 2
172 173 3
172 212 4
173 174 4
173 213 4
174 175 2
174 214 5
175 176 1
175 215 2
176 177 5
176 216 1
177 178 2
177 217 1
178 179 3
178 218 5
179 180 4
179 219 2
180 181 5
180 220 5
181 182 1
181 221 1
182 183 3
182 222 2
183 184 4
183 223 2
184 185 5
184 224 4
185 186 3
185 225 2
186 187 1
186 226 2
187 188 3
187 227 2
188 189 2
188 228 5
189 190 4
189 229 1
190 191 1
190 230 3
191 192 5
191 231 5
192 193 1
192 232 5
193 194 1
193 233 4
194 195 3
194 234 1
195 196 4
195 235 1
196 197 2
196 236 1
197 198 5
197 237 1
198 199 5
198 238 5
199 200 4
199 239 5
200 240 1
201 202 5
201 241 1
202 203 1
202 242 2
203 204 3
203 243 2
204 205 4
204 244 4
205 206 5
205 245 2
206 207 3
206 246 4
207 208 2
207 247 3
208 209 4
208 248 4
209 210 2
209 249 3
210 211 3
210 250 3
211 212 4
211 251 4
212 213 2
212 252 1
213 214 3
213 253 5
214 215 2
214 254 1
215 216 1
215 255 2
216 217 3
216 256 3
217 218 2
217 257 4
218 219 5
218 258 1
219 220 5
219 259 2
220 221 2
220 260 3
221 222 1
221 261 5
222 223 2
222 262 4
223 224 2
223 263 2
224 225 3
224 264 3
225 226 3
225 265 2
226 227 5
226 266 2
227 228 1
227 267 3
228 229 1
228 268 5
229 230 5
229 269 5
230 231 5
230 270 3
231 232 4
231 271 3
232 233 5
232 272 5
233 234 2
233 273 5
234 235 5
234 274 3
235 236 1
235 275 1
236 237 1
236 276 5
237 238 1
237 277 4
238 239 2
238 278 3
239 240 5
239 279 3
240 280 4
241 242 4
241 281 5
242 243 3
242 282 5
243 244 5
243 283 2
244 245 2
244 284 3
245 246 3
245 285 4
246 247 5
246 286 5
247 248 3
247 287 3
248 249 4
248 288 3
249 250 3
249 289 3
250 251 4
250 290 4
251 252 2
251 291 5
252 253 1
252 292 3
253 254 1
253 293 5
254 255 5
254 294 4
255 256 2
255 295 2
256 257 1
256 296 3
257 258 4
257 297 5
258 259 5
258 298 4
259 260 2
259 299 4
260 261 1
260 300 5
261 262 1
261 301 4
262 263 5
262 302 2
263 264 2
263 303 2
264 265 4
264 304 3
265 266 3
265 305 5
266 267 3
266 306 4
267 268 2
267 307 5
268 269 2
268 308 3
269 270 1
269 309 3
270 271 1
270 310 5
271 272 4
271 311 5
272 273 3
272 312 1
273 274 3
273 313 4
274 275 3
274 314 5
275 276 4
275 315 3
276 277 5
276 316 4
277 278 3
277 317 4
278 279 5
278 318 5
279 280 2
279 319 4
280 320 2
281 282 4
281 321 1
282 283 4
282 322 3
283 284 3
283 323 1
284 285 4
284 324 1
285 286 3
285 325 1
286 287 1
286 326 2
287 288 4
287 327 2
288 289 3
288 328 4
289 290 2
289 329 2
290 291 1
290 330 1
291 292 4
291 331 4
292 293 5
292 332 4
293 294 3
293 333 2
294 295 3
294 334 3
295 296 1
295 335 4
296 297 1
296 336 3
297 298 2
297 337 3
298 299 1
298 338 3
299 300 2
299 339 2
300 301 5
300 340 3
301 302 2
301 341 5
302 303 3
302 342 1
303 304 4
303 343 2
304 305 5
304 344 2
305 306 5
305 345 2
306 307 3
306 346 3
307 308 4
307 347 2
308 309 5
308 348 3
309 310 4
309 349 1
310 311 4
310 350 4
311 312 2
311 351 5
312 313 2
312 352 4
313 314 5
313 353 3
314 315 1
314 354 3
315 316 3
315 355 1
316 317 4
316 356 4
317 318 2
317 357 1
318 319 5
318 358 3
319 320 3
319 359 5
320 360 5
321 322 3
321 361 1
322 323 3
322 362 3
323 324 2
323 363 3
324 325 4
324 364 5
325 326 2
325 365 3
326 327 2
326 366 3
327 328 5
327 367 2
328 329 4
328 368 3
329 330 1
329 369 4
330 331 1
330 370 3
331 332 4
331 371 1
332 333 1
332 372 2
333 334 3
333 373 4
334 335 4
334 374 5
335 336 2
335 375 1
336 337 3
336 376 4
337 338 4
337 377 1
338 339 2
338 378 5
339 340 3
339 379 2
340 341 2
340 380 1
341 342 2
341 381 1
342 343 2
342 382 4
343 344 2
343 383 2
344 345 2
344 384 1
345 346 1
345 385 1
346 347 1
346 386 1
347 348 5
347 387 2
348 349 4
348 388 2
349 350 5
349 389 5
350 351 5
350 390 5
351 352 5
351 391 2
352 353 1
352 392 1
353 354 3
353 393 4
354 355 3
354 394 3
355 356 5
355 395 4
356 357 2
356 396 4
357 358 2
357 397 5
358 359 1
358 398 5
359 360 1
359 399 5
360 400 4
361 362 2
361 401 1
362 363 4
362 402 5
363 364 3
363 403 1
364 365 1
364 404 3
365 366 3
365 405 2
366 367 5
366 406 2
367 368 2
367 407 5
368 369 4
368 408 1
369 370 1
369 409 3
370 371 5
370 410 2
371 372 3
371 411 3
372 373 2
372 412 2
373 374 2
373 413 3
374 375 1
374 414 1
375 376 4
375 415 1
376 377 3
376 416 2
377 378 3
377 417 5
378 379 5
378 418 1
379 380 3
379 419 5
380 381 4
380 420 5
381 382 5
381 421 3
382 383 3
382 422 4
383 384 2
383 423 5
384 385 1
384 424 2
385 386 1
385 425 3
386 387 3
386 426 1
387 388 1
387 427 1
388 389 1
388 428 4
389 390 1
389 429 2
390 391 1
390 430 1
391 392 4
391 431 3
392 393 3
392 432 1
393 394 1
393 433 2
394 395 1
394 434 4
395 396 3
395 435 3
396 397 2
396 436 2
397 398 4
397 437 5
398 399 4
398 438 5
399 400 5
399 439 5
400 440 3
401 402 4
401 441 4
402 403 4
402 442 3
403 404 5
403 443 4
404 405 4
404 444 3
405 406 3
405 445 2
406 407 1
406 446 5
407 408 5
407 447 1
408 409 5
408 448 2
409 410 1
409 449 5
410 411 1
410 450 5
411 412 5
411 451 2
412 413 5
412 452 2
413 414 1
413 453 1
414 415 2
414 454 4
415 416 2
415 455 3
416 417 2
416 456 2
417 418 3
417 457 1
418 419 5
418 458 2
419 420 4
419 459 1
420 421 3
420 460 4
421 422 3
421 461 3
422 423 5
422 462 5
423 424 2
423 463 5
424 425 2
424 464 3
425 426 1
425 465 2
426 427 1
426 466 2
427 428 2
427 467 5
428 429 2
428 468 3
429 430 2
429 469 5
430 431 5
430 470 4
431 432 2
431 471 3
432 433 4
432 472 3
433 434 3
433 473 2
434 435 4
434 474 5
435 436 2
435 475 4
436 437 4
436 476 1
437 438 3
437 477 1
438 439 4
438 478 1
439 440 2
439 479 5
440 480 1
441 442 4
441 481 2
442 443 4
442 482 4
443 444 2
443 483 3
444 445 4
444 484 5
445 446 2
445 485 2
446 447 1
446 486 1
447 448 2
447 487 2
448 449 1
448 488 1
449 450 2
449 489 1
450 451 3
450 490 2
451 452 3
451 491 3
452 453 3
452 492 2
453 454 2
453 493 5
454 455 1
454 494 4
455 456 4
455 495 1
456 457 3
456 496 1
457 458 5
457 497 4
458 459 3
458 498 5
459 460 1
459 499 1
460 461 4
460 500 3
461 462 5
461 501 3
462 463 5
462 502 5
463 464 2
463 503 4
464 465 1
464 504 3
465 466 2
465 505 5
466 467 5
466 506 4
467 468 1
467 507 5
468 469 5
468 508 1
469 470 3
469 509 2
470 471 2
470 510 5
471 472 1
471 511 5
472 473 3
472 512 2
473 474 2
473 513 3
474 475 2
474 514 5
475 476 4
475 515 1
476 477 2
476 516 2
477 478 2
477 517 2
478 479 1
478 518 5
479 480 4
479 519 4
480 520 2
481 482 3
481 521 3
482 483 3
482 522 2
483 484 1
483 523 1
484 485 4
484 524 2
485 486 1
485 525 5
486 487 3
486 526 4
487 488 3
487 527 2
488 489 3
488 528 2
489 490 3
489 529 4
490 491 4
490 530 2
491 492 5
491 531 1
492 493 1
492 532 5
493 494 4
493 533 5
494 495 1
494 534 5
495 496 2
495 535 5
496 497 2
496 536 3
497 498 4
497 537 3
498 499 2
498 538 4
499 500 5
499 539 2
500 501 5
500 540 1
501 502 2
501 541 3
502 503 3
502 542 3
503 504 5
503 543 3
504 505 3
504 544 4
505 506 3
505 545 3
506 507 1
506 546 1
507 508 3
507 547 2
508 509 5
508 548 4
509 510 2
509 549 4
510 511 5
510 550 3
511 512 2
511 551 4
512 513 1
512 552 3
513 514 4
513 553 1
514 515 3
514 554 4
515 516 2
515 555 4
516 517 1
516 556 1
517 518 2
517 557 1
518 519 1
518 558 2
519 520 5
519 559 3
520 560 2
521 522 2
521 561 3
522 523 2
522 562 2
523 524 3
523 563 3
524 525 5
524 564 5
525 526 5
525 565 1
526 527 5
526 566 2
527 528 5
527 567 3
528 529 5
528 568 5
529 530 2
529 569 1
530 531 5
530 570 1
531 532 2
531 571 4
532 533 3
532 572 4
533 534 4
533 573 1
534 535 1
534 574 1
535 536 1
535 575 1
536 537 3
536 576 1
537 538 5
537 577 3
538 539 2
538 578 3
539 540 4
539 579 4
540 541 2
540 580 1
541 542 5
541 581 4
542 543 5
542 582 5
543 544 1
543 583 5
544 545 3
544 584 3
545 546 3
545 585 4
546 547 1
546 586 1
547 548 1
547 587 3
548 549 2
548 588 1
549 550 1
549 589 5
550 551 1
550 590 3
551 552 4
551 591 4
552 553 2
552 592 4
553 554 3
553 593 5
554 555 5
554 594 4
555 556 4
555 595 5
556 557 5
556 596 1
557 558 4
557 597 4
558 559 4
558 598 5
559 560 2
559 599 2
560 600 3
561 562 2
561 601 3
562 563 1
562 602 4
563 564 5
563 603 4
564 565 3
564 604 4
565 566 1
565 605 4
566 567 1
566 606 1
567 568 3
567 607 3
568 569 2
568 608 4
569 570 4
569 609 5
570 571 2
570 610 1
571 572 4
571 611 5
572 573 1
572 612 5
573 574 4
573 613 2
574 575 4
574 614 3
575 576 4
575 615 3
576 577 5
576 616 4
577 578 3
577 617 1
578 579 1
578 618 2
579 580 2
579 619 2
580 581 3
580 620 3
581 582 1
581 621 2
582 583 3
582 622 5
583 584 2
583 623 4
584 585 2
584 624 5
585 586 2
585 625 2
586 587 1
586 626 3
587 588 2
587 627 5
588 589 3
588 628 2
589 590 4
589 629 4
590 591 5
590 630 4
591 592 2
591 631 5
592 593 1
592 632 4
593 594 3
593 633 3
594 595 2
594 634 3
595 596 5
595 635 4
596 597 4
596 636 1
597 598 3
597 637 2
598 599 4
598 638 4
599 600 5
599 639 4
600 640 3
601 602 5
601 641 3
602 603 2
602 642 3
603 604 4
603 643 1
604 605 2
604 644 1
605 606 2
605 645 4
606 607 4
606 646 5
607 608 1
607 647 4
608 609 5
608 648 1
609 610 4
609 649 3
610 611 1
610 650 4
611 612 3
611 651 2
612 613 2
612 652 3
613 614 5
613 653 5
614 615 1
614 654 5
615 616 2
615 655 3
616 617 5
616 656 3
617 618 4
617 657 1
618 619 5
618 658 2
619 620 2
619 659 1
620 621 2
620 660 1
621 622 1
621 661 4
622 623 4
622 662 3
623 624 2
623 663 3
624 625 1
624 664 2
625 626 4
625 665 4
626 627 3
626 666 2
627 628 4
627 667 4
628 629 3
628 668 4
629 630 5
629 669 2
630 631 1
630 670 4
631 632 4
631 671 2
632 633 3
632 672 2
633 634 2
633 673 5
634 635 4
634 674 3
635 636 5
635 675 4
636 637 4
636 676 3
637 638 4
637 677 1
638 639 3
638 678 3
639 640 4
639 679 1
640 680 2
641 642 5
641 681 1
642 643 5
642 682 1
643 644 1
643 683 5
644 645 3
644 684 2
645 646 2
645 685 5
646 647 1
646 686 3
647 648 3
647 687 2
648 649 3
648 688 4
649 650 5
649 689 3
650 651 4
650 690 5
651 652 5
651 691 3
652 653 2
652 692 2
653 654 3
653 693 2
654 655 2
654 694 3
655 656 5
655 695 2
656 657 4
656 696 4
657 658 5
657 697 3
658 659 1
658 698 4
659 660 1
659 699 1
660 661 5
660 700 1
661 662 5
661 701 4
662 663 2
662 702 3
663 664 4
663 703 3
664 665 3
664 704 3
665 666 5
665 705 2
666 667 2
666 706 1
667 668 5
667 707 4
668 669 1
668 708 4
669 670 1
669 709 5
670 671 3
670 710 4
671 672 1
671 711 4
672 673 2
672 712 4
673 674 1
673 713 3
674 675 1
674 714 2
675 676 2
675 715 3
676 677 1
676 716 1
677 678 1
677 717 4
678 679 3
678 718 5
679 680 5
679 719 3
680 720 1
681 682 3
681 721 2
682 683 4
682 722 4
683 684 3
683 723 2
684 685 1
684 724 5
685 686 5
685 725 3
686 687 2
686 726 4
687 688 3
687 727 4
688 689 3
688 728 3
689 690 4
689 729 1
690 691 2
690 730 2
691 692 5
691 731 1
692 693 4
692 732 4
693 694 5
693 733 1
694 695 5
694 734 1
695 696 4
695 735 2
696 697 1
696 736 1
697 698 4
697 737 2
698 699 3
698 738 1
699 700 5
699 739 3
700 701 5
700 740 1
701 702 1
701 741 5
702 703 2
702 742 1
703 704 5
703 743 2
704 705 5
704 744 5
705 706 4
705 745 1
706 707 5
706 746 1
707 708 2
707 747 2
708 709 5
708 748 3
709 710 1
709 749 1
710 711 3
710 750 5
711 712 3
711 751 1
712 713 1
712 752 5
713 714 2
713 753 1
714 715 3
714 754 3
715 716 5
715 755 3
716 717 1
716 756 5
717 718 1
717 757 1
718 719 1
718 758 5
719 720 4
719 759 3
720 760 5
721 722 3
721 761 1
722 723 5
722 762 5
723 724 5
723 763 4
724 725 3
724 764 2
725 726 5
725 765 4
726 727 2
726 766 5
727 728 3
727 767 3
728 729 1
728 768 3
729 730 5
729 769 4
730 731 4
730 770 2
731 732 4
731 771 1
732 733 3
732 772 2
733 734 1
733 773 5
734 735 5
734 774 5
735 736 5
735 775 3
736 737 2
736 776 3
737 738 1
737 777 3
738 739 5
738 778 5
739 740 5
739 779 2
740 741 3
740 780 1
741 742 5
741 781 3
742 743 4
742 782 1
743 744 1
743 783 5
744 745 3
744 784 4
745 746 5
745 785 1
746 747 1
746 786 4
747 748 3
747 787 5
748 749 3
748 788 4
749 750 3
749 789 3
750 751 2
750 790 1
751 752 4
751 791 1
752 753 2
752 792 5
753 754 4
753 793 5
754 755 3
754 794 5
755 756 5
755 795 1
756 757 1
756 796 1
757 758 1
757 797 2
758 759 1
758 798 2
759 760 1
759 799 2
760 800 3
761 762 3
761 801 1
762 763 4
762 802 2
763 764 1
763 803 5
764 765 3
764 804 3
765 766 4
765 805 3
766 767 5
766 806 3
767 768 2
767 807 4
768 769 5
768 808 1
769 770 3
769 809 5
770 771 4
770 810 1
771 772 2
771 811 4
772 773 3
772 812 1
773 774 1
773 813 3
774 775 5
774 814 2
775 776 1
775 815 4
776 777 5
776 816 3
777 778 5
777 817 5
778 779 5
778 818 4
779 780 3
779 819 2
780 781 3
780 820 5
781 782 3
781 821 3
782 783 4
782 822 2
783 784 3
783 823 5
784 785 1
784 824 1
785 786 2
785 825 4
786 787 5
786 826 1
787 788 3
787 827 5
788 789 2
788 828 3
789 790 5
789 829 2
790 791 1
790 830 5
791 792 1
791 831 2
792 793 2
792 832 3
793 794 5
793 833 3
794 795 2
794 834 2
795 796 5
795 835 4
796 797 1
796 836 2
797 798 2
797 837 1
798 799 1
798 838 1
799 800 4
799 839 3
800 840 2
801 802 4
801 841 1
802 803 2
802 842 3
803 804 5
803 843 5
804 805 2
804 844 2
805 806 1
805 845 2
806 807 1
806 846 5
807 808 5
807 847 2
808 809 5
808 848 2
809 810 4
809 849 4
810 811 1
810 850 2
811 812 4
811 851 3
812 813 3
812 852 5
813 814 5
813 853 4
814 815 3
814 854 3
815 816 1
815 855 3
816 817 4
816 856 2
817 818 3
817 857 4
818 819 2
818 858 3
819 820 3
819 859 4
820 821 3
820 860 4
821 822 4
821 861 3
822 823 5
822 862 3
823 824 1
823 863 4
824 825 4
824 864 1
825 826 1
825 865 4
826 827 5
826 866 4
827 828 2
827 867 2
828 829 1
828 868 3
829 830 5
829 869 3
830 831 4
830 870 2
831 832 4
831 871 1
832 833 1
832 872 5
833 834 4
833 873 2
834 835 5
834 874 1
835 836 2
835 875 2
836 837 3
836 876 3
837 838 4
837 877 5
838 839 3
838 878 5
839 840 5
839 879 4
840 880 2
841 842 2
841 881 3
842 843 4
842 882 1
843 844 5
843 883 5
844 845 5
844 884 4
845 846 3
845 885 3
846 847 5
846 886 2
847 848 1
847 887 1
848 849 4
848 888 4
849 850 3
849 889 5
850 851 2
850 890 3
851 852 1
851 891 3
852 853 1
852 892 3
853 854 5
853 893 2
854 855 1
854 894 1
855 856 5
855 895 4
856 857 4
856 896 3
857 858 4
857 897 3
858 859 1
858 898 2
859 860 3
859 899 4
860 861 2
860 900 4
861 862 1
861 901 2
862 863 5
862 902 1
863 864 5
863 903 3
864 865 1
864 904 5
865 866 2
865 905 4
866 867 4
866 906 3
867 868 5
867 907 2
868 869 1
868 908 1
869 870 3
869 909 3
870 871 5
870 910 2
871 872 4
871 911 5
872 873 5
872 912 3
873 874 3
873 913 5
874 875 3
874 914 5
875 876 4
875 915 5
876 877 3
876 916 2
877 878 5
877 917 2
878 879 5
878 918 3
879 880 4
879 919 3
880 920 1
881 882 2
881 921 5
882 883 1
882 922 4
883 884 3
883 923 4
884 885 3
884 924 4
885 886 5
885 925 4
886 887 5
886 926 2
887 888 4
887 927 3
888 889 4
888 928 1
889 890 1
889 929 2
890 891 5
890 930 5
891 892 4
891 931 1
892 893 2
892 932 4
893 894 4
893 933 5
894 895 4
894 934 1
895 896 1
895 935 5
896 897 1
896 936 4
897 898 5
897 937 1
898 899 2
898 938 4
899 900 4
899 939 5
900 901 1
900 940 1
901 902 3
901 941 2
902 903 1
902 942 4
903 904 4
903 943 1
904 905 1
904 944 4
905 906 1
905 945 4
906 907 2
906 946 3
907 908 5
907 947 4
908 909 4
908 948 1
909 910 4
909 949 3
910 911 4
910 950 3
911 912 5
911 951 2
912 913 1
912 952 1
913 914 2
913 953 3
914 915 1
914 954 1
915 916 4
915 955 2
916 917 2
916 956 1
917 918 1
917 957 1
918 919 2
918 958 2
919 920 1
919 959 2
920 960 4
921 922 5
921 961 3
922 923 4
922 962 3
923 924 3
923 963 3
924 925 1
924 964 2
925 926 1
925 965 1
926 927 2
926 966 2
927 928 2
927 967 4
928 929 3
928 968 5
929 930 3
929 969 5
930 931 3
930 970 5
931 932 2
931 971 1
932 933 5
932 972 2
933 934 3
933 973 2
934 935 5
934 974 3
935 936 4
935 975 3
936 937 2
936 976 4
937 938 1
937 977 2
938 939 5
938 978 5
939 940 5
939 979 5
940 941 1
940 980 5
941 942 4
941 981 4
942 943 4
942 982 4
943 944 3
943 983 5
944 945 5
944 984 4
945 946 4
945 985 5
946 947 5
946 986 5
947 948 1
947 987 3
948 949 2
948 988 3
949 950 5
949 989 2
950 951 3
950 990 5
951 952 5
951 991 5
952 953 1
952 992 5
953 954 2
953 993 3
954 955 2
954 994 3
955 956 2
955 995 4
956 957 1
956 996 1
957 958 1
957 997 3
958 959 4
958 998 1
959 960 3
959 999 4
960 1000 1
961 962 4
961 1001 5
962 963 5
962 1002 5
963 964 5
963 1003 4
964 965 1
964 1004 5
965 966 3
965 1005 5
966 967 4
966 1006 5
967 968 4
967 1007 2
968 969 3
968 1008 5
969 970 5
969 1009 4
970 971 1
970 1010 2
971 972 4
971 1011 2
972 973 4
972 1012 5
973 974 5
973 1013 4
974 975 4
974 1014 2
975 976 4
975 1015 2
976 977 2
976 1016 4
977 978 4
977 1017 2
978 979 5
978 1018 4
979 980 1
979 1019 5
980 981 4
980 1020 1
981 982 2
981 1021 4
982 983 1
982 1022 2
983 984 2
983 1023 4
984 985 4
984 1024 5
985 986 4
985 1025 4
986 987 3
986 1026 2
987 988 3
987 1027 5
988 989 2
988 1028 2
989 990 1
989 1029 3
990 991 4
990 1030 1
991 992 5
991 1031 2
992 993 2
992 1032 4
993 994 4
993 1033 4
994 995 3
994 1034 1
995 996 2
995 1035 5
996 997 5
996 1036 4
997 998 4
997 1037 1
998 999 1
998 1038 5
999 1000 1
999 1039 5
1000 1040 4
1001 1002 3
1001 1041 2
1002 1003 4
1002 1042 4
1003 1004 2
1003 1043 5
1004 1005 3
1004 1044 1
1005 1006 5
1005 1045 3
1006 1007 4
1006 1046 1
1007 1008 2
1007 1047 5
1008 1009 2
1008 1048 2
1009 1010 1
1009 1049 1
1010 1011 4
1010 1050 2
1011 1012 2
1011 1051 4
1012 1013 4
1012 1052 4
1013 1014 4
1013 1053 5
1014 1015 1
1014 1054 1
1015 1016 3
1015 1055 3
1016 1017 5
1016 1056 5
1017 1018 5
1017 1057 3
1018 1019 4
1018 1058 5
1019 1020 4
1019 1059 1
1020 1021 3
1020 1060 2
1021 1022 4
1021 1061 4
1022 1023 4
1022 1062 4
1023 1024 1
1023 1063 4
1024 1025 4
1024 1064 5
1025 1026 1
1025 1065 4
1026 1027 4
1026 1066 2
1027 1028 1
1027 1067 4
1028 1029 4
1028 1068 4
1029 1030 4
1029 1069 5
1030 1031 3
1030 1070 3
1031 1032 4
1031 1071 2
1032 1033 2
1032 1072 5
1033 1034 3
1033 1073 5
1034 1035 1
1034 1074 5
1035 1036 5
1035 1075 3
1036 1037 5
1036 1076 1
1037 1038 5
1037 1077 5
1038 1039 4
1038 1078 1
1039 1040 5
1039 1079 3
1040 1080 1
1041 1042 1
1041 1081 2
1042 1043 4
1042 1082 5
1043 1044 1
1043 1083 5
1044 1045 4
1044 1084 3
1045 1046 1
1045 1085 1
1046 1047 3
1046 1086 1
1047 1048 4
1047 1087 1
1048 1049 4
1048 1088 1
1049 1050 4
1049 1089 5
1050 1051 4
1050 1090 5
1051 1052 5
1051 1091 4
1052 1053 1
1052 1092 4
1053 1054 5
1053 1093 5
1054 1055 3
1054 1094 4
1055 1056 4
1055 1095 3
1056 1057 2
1056 1096 2
1057 1058 1
1057 1097 5
1058 1059 2
1058 1098 3
1059 1060 3
1059 1099 5
1060 1061 2
1060 1100 1
1061 1062 1
1061 1101 1
1062 1063 5
1062 1102 5
1063 1064 3
1063 1103 4
1064 1065 2
1064 1104 2
1065 1066 3
1065 1105 5
1066 1067 1
1066 1106 5
1067 1068 4
1067 1107 3
1068 1069 3
1068 1108 5
1069 1070 2
1069 1109 4
1070 1071 2
1070 1110 1
1071 1072 1
1071 1111 4
1072 1073 2
1072 1112 2
1073 1074 2
1073 1113 2
1074 1075 3
1074 1114 3
1075 1076 2
1075 1115 4
1076 1077 1
1076 1116 5
1077 1078 1
1077 1117 2
1078 1079 3
1078 1118 1
1079 1080 1
1079 1119 3
1080 1120 4
1081 1082 5
1081 1121 5
1082 1083 2
1082 1122 3
1083 1084 5
1083 1123 2
1084 1085 5
1084 1124 1
1085 1086 2
1085 1125 4
1086 1087 3
1086 1126 2
1087 1088 4
1087 1127 5
1088 1089 2
1088 1128 5
1089 1090 2
1089 1129 1
1090 1091 4
1090 1130 1
1091 1092 1
1091 1131 1
1092 1093 4
1092 1132 1
1093 1094 3
1093 1133 4
1094 1095 1
1094 1134 3
1095 1096 2
1095 1135 4
1096 1097 2
1096 1136 4
1097 1098 1
1097 1137 3
1098 1099 4
1098 1138 1
1099 1100 3
1099 1139 1
1100 1101 5
1100 1140 3
1101 1102 1
1101 1141 3
1102 1103 4
1102 1142 4
1103 1104 2
1103 1143 2
1104 1105 3
1104 1144 2
1105 1106 5
1105 1145 5
1106 1107 3
1106 1146 1
1107 1108 3
1107 1147 3
1108 1109 5
1108 1148 1
1109 1110 3
1109 1149 1
1110 1111 2
1110 1150 1
1111 1112 4
1111 1151 4
1112 1113 2
1112 1152 4
1113 1114 5
1113 1153 3
1114 1115 1
1114 1154 2
1115 1116 4
1115 1155 1
1116 1117 4
1116 1156 2
1117 1118 1
1117 1157 2
1118 1119 5
1118 1158 2
1119 1120 3
1119 1159 3
1120 1160 4
1121 1122 2
1121 1161 1
1122 1123 4
1122 1162 4
1123 1124 4
1123 1163 1
1124 1125 2
1124 1164 3
1125 1126 5
1125 1165 3
1126 1127 1
1126 1166 3
1127 1128 4
1127 1167 4
1128 1129 5
1128 1168 1
1129 1130 3
1129 1169 3
1130 1131 4
1130 1170 5
1131 1132 4
1131 1171 4
1132 1133 3
1132 1172 2
1133 1134 1
1133 1173 3
1134 1135 3
1134 1174 5
1135 1136 2
1135 1175 2
1136 1137 5
1136 1176 2
1137 1138 3
1137 1177 4
1138 1139 2
1138 1178 1
1139 1140 4
1139 1179 2
1140 1141 3
1140 1180 4
1141 1142 4
1141 1181 3
1142 1143 3
1142 1182 5
1143 1144 4
1143 1183 2
1144 1145 1
1144 1184 4
1145 1146 4
1145 1185 5
1146 1147 2
1146 1186 4
1147 1148 1
1147 1187 1
1148 1149 1
1148 1188 2
1149 1150 2
1149 1189 4
1150 1151 1
1150 1190 4
1151 1152 4
1151 1191 2
1152 1153 2
1152 1192 5
1153 1154 1
1153 1193 4
1154 1155 4
1154 1194 3
1155 1156 1
1155 1195 2
1156 1157 2
1156 1196 4
1157 1158 3
1157 1197 3
1158 1159 3
1158 1198 1
1159 1160 3
1159 1199 3
1160 1200 5
1161 1162 4
1161 1201 5
1162 1163 4
1162 1202 2
1163 1164 4
1163 1203 2
1164 1165 5
1164 1204 1
1165 1166 2
1165 1205 5
1166 1167 3
1166 1206 4
1167 1168 4
1167 1207 5
1168 1169 2
1168 1208 4
1169 1170 3
1169 1209 3
1170 1171 5
1170 1210 3
1171 1172 2
1171 1211 2
1172 1173 1
1172 1212 2
1173 1174 3
1173 1213 2
1174 1175 2
1174 1214 2
1175 1176 1
1175 1215 2
1176 1177 5
1176 1216 5
1177 1178 2
1177 1217 2
1178 1179 2
1178 1218 3
1179 1180 1
1179 1219 5
1180 1181 3
1180 1220 3
1181 1182 2
1181 1221 1
1182 1183 1
1182 1222 2
1183 1184 3
1183 1223 2
1184 1185 3
1184 1224 4
1185 1186 3
1185 1225 2
1186 1187 4
1186 1226 3
1187 1188 1
1187 1227 1
1188 1189 2
1188 1228 4
1189 1190 5
1189 1229 4
1190 1191 3
1190 1230 2
1191 1192 2
1191 1231 2
1192 1193 3
1192 1232 2
1193 1194 5
1193 1233 3
1194 1195 1
1194 1234 5
1195 1196 2
1195 1235 3
1196 1197 3
1196 1236 5
1197 1198 4
1197 1237 5
1198 1199 2
1198 1238 3
1199 1200 1
1199 1239 4
1200 1240 3
1201 1202 5
1201 1241 2
1202 1203 1
1202 1242 3
1203 1204 4
1203 1243 5
1204 1205 3
1204 1244 5
1205 1206 4
1205 1245 1
1206 1207 3
1206 1246 3
1207 1208 2
1207 1247 5
1208 1209 2
1208 1248 4
1209 1210 1
1209 1249 5
1210 1211 2
1210 1250 4
1211 1212 5
1211 1251 4
1212 1213 4
1212 1252 5
1213 1214 3
1213 1253 2
1214 1215 3
1214 1254 1
1215 1216 2
1215 1255 4
1216 1217 2
1216 1256 2
1217 1218 4
1217 1257 3
1218 1219 4
1218 1258 3
1219 1220 3
1219 1259 4
1220 1221 1
1220 1260 4
1221 1222 4
1221 1261 2
1222 1223 3
1222 1262 4
1223 1224 3
1223 1263 3
1224 1225 5
1224 1264 4
1225 1226 2
1225 1265 3
1226 1227 2
1226 1266 5
1227 1228 2
1227 1267 1
1228 1229 4
1228 1268 1
1229 1230 1
1229 1269 1
1230 1231 5
1230 1270 1
1231 1232 4
1231 1271 1
1232 1233 3
1232 1272 5
1233 1234 5
1233 1273 5
1234 1235 3
1234 1274 4
1235 1236 3
1235 1275 3
1236 1237 3
1236 1276 5
1237 1238 2
1237 1277 5
1238 1239 3
1238 1278 1
1239 1240 2
1239 1279 3
1240 1280 5
1241 1242 4
1241 1281 2
1242 1243 4
1242 1282 3
1243 1244 1
1243 1283 3
1244 1245 2
1244 1284 2
1245 1246 3
1245 1285 3
1246 1247 5
1246 1286 4
1247 1248 2
1247 1287 5
1248 1249 2
1248 1288 1
1249 1250 2
1249 1289 2
1250 1251 2
1250 1290 2
1251 1252 5
1251 1291 1
1252 1253 2
1252 1292 4
1253 1254 3
1253 1293 1
1254 1255 5
1254 1294 3
1255 1256 5
1255 1295 5
1256 1257 4
1256 1296 2
1257 1258 4
1257 1297 1
1258 1259 1
1258 1298 2
1259 1260 4
1259 1299 5
1260 1261 5
1260 1300 1
1261 1262 1
1261 1301 1
1262 1263 5
1262 1302 5
1263 1264 5
1263 1303 3
1264 1265 5
1264 1304 1
1265 1266 3
1265 1305 4
1266 1267 2
1266 1306 2
1267 1268 5
1267 1307 1
1268 1269 5
1268 1308 3
1269 1270 4
1269 1309 3
1270 1271 1
1270 1310 2
1271 1272 2
1271 1311 3
1272 1273 5
1272 1312 2
1273 1274 2
1273 1313 1
1274 1275 4
1274 1314 5
1275 1276 4
1275 1315 2
1276 1277 4
1276 1316 2
1277 1278 5
1277 1317 1
1278 1279 4
1278 1318 3
1279 1280 5
1279 1319 3
1280 1320 2
1281 1282 1
1281 1321 3
1282 1283 1
1282 1322 4
1283 1284 3
1283 1323 3
1284 1285 2
1284 1324 2
1285 1286 4
1285 1325 4
1286 1287 4
1286 1326 1
1287 1288 5
1287 1327 5
1288 1289 2
1288 1328 5
1289 1290 5
1289 1329 4
1290 1291 2
1290 1330 4
1291 1292 4
1291 1331 5
1292 1293 2
1292 1332 2
1293 1294 1
1293 1333 2
1294 1295 3
1294 1334 1
1295 1296 3
1295 1335 5
1296 1297 3
1296 1336 3
1297 1298 1
1297 1337 3
1298 1299 1
1298 1338 2
1299 1300 2
1299 1339 5
1300 1301 4
1300 1340 2
1301 1302 4
1301 1341 4
1302 1303 3
1302 1342 4
1303 1304 2
1303 1343 5
1304 1305 2
1304 1344 5
1305 1306 4
1305 1345 3
1306 1307 2
1306 1346 1
1307 1308 4
1307 1347 1
1308 1309 2
1308 1348 4
1309 1310 5
1309 1349 2
1310 1311 3
1310 1350 4
1311 1312 4
1311 1351 2
1312 1313 5
1312 1352 2
1313 1314 4
1313 1353 5
1314 1315 5
1314 1354 1
1315 1316 1
1315 1355 2
1316 1317 4
1316 1356 3
1317 1318 4
1317 1357 1
1318 1319 4
1318 1358 3
1319 1320 5
1319 1359 2
1320 1360 1
1321 1322 2
1321 1361 5
1322 1323 3
1322 1362 3
1323 1324 5
1323 1363 4
1324 1325 4
1324 1364 3
1325 1326 2
1325 1365 5
1326 1327 4
1326 1366 4
1327 1328 2
1327 1367 3
1328 1329 2
1328 1368 2
1329 1330 4
1329 1369 5
1330 1331 2
1330 1370 2
1331 1332 3
1331 1371 1
1332 1333 3
1332 1372 4
1333 1334 5
1333 1373 2
1334 1335 2
1334 1374 1
1335 1336 4
1335 1375 5
1336 1337 3
1336 1376 5
1337 1338 4
1337 1377 4
1338 1339 1
1338 1378 2
1339 1340 3
1339 1379 5
1340 1341 1
1340 1380 4
1341 1342 3
1341 1381 5
1342 1343 2
1342 1382 2
1343 1344 1
1343 1383 2
1344 1345 5
1344 1384 3
1345 1346 1
1345 1385 4
1346 1347 5
1346 1386 5
1347 1348 3
1347 1387 1
1348 1349 4
1348 1388 3
1349 1350 5
1349 1389 5
1350 1351 3
1350 1390 4
1351 1352 1
1351 1391 1
1352 1353 1
1352 1392 2
1353 1354 2
1353 1393 2
1354 1355 4
1354 1394 2
1355 1356 5
1355 1395 2
1356 1357 4
1356 1396 2
1357 1358 3
1357 1397 2
1358 1359 4
1358 1398 5
1359 1360 3
1359 1399 3
1360 1400 2
1361 1362 4
1361 1401 5
1362 1363 3
1362 1402 1
1363 1364 1
1363 1403 4
1364 1365 2
1364 1404 3
1365 1366 1
1365 1405 2
1366 1367 4
1366 1406 2
1367 1368 1
1367 1407 5
1368 1369 4
1368 1408 3
1369 1370 2
1369 1409 3
1370 1371 2
1370 1410 2
1371 1372 3
1371 1411 3
1372 1373 2
1372 1412 5
1373 1374 2
1373 1413 2
1374 1375 2
1374 1414 1
1375 1376 1
1375 1415 3
1376 1377 5
1376 1416 5
1377 1378 3
1377 1417 2
1378 1379 4
1378 1418 1
1379 1380 2
1379 1419 2
1380 1381 5
1380 1420 1
1381 1382 2
1381 1421 3
1382 1383 2
1382 1422 2
1383 1384 3
1383 1423 3
1384 1385 3
1384 1424 3
1385 1386 4
1385 1425 4
1386 1387 1
1386 1426 2
1387 1388 4
1387 1427 4
1388 1389 1
1388 1428 4
1389 1390 4
1389 1429 5
1390 1391 3
1390 1430 4
1391 1392 4
1391 1431 4
1392 1393 5
1392 1432 2
1393 1394 3
1393 1433 3
1394 1395 2
1394 1434 1
1395 1396 4
1395 1435 3
1396 1397 3
1396 1436 5
1397 1398 3
1397 1437 5
1398 1399 1
1398 1438 4
1399 1400 2
1399 1439 2
1400 1440 2
1401 1402 2
1401 1441 5
1402 1403 3
1402 1442 4
1403 1404 3
1403 1443 5
1404 1405 4
1404 1444 4
1405 1406 4
1405 1445 5
1406 1407 2
1406 1446 1
1407 1408 1
1407 1447 5
1408 1409 2
1408 1448 1
1409 1410 4
1409 1449 5
1410 1411 5
1410 1450 5
1411 1412 4
1411 1451 5
1412 1413 2
1412 1452 4
1413 1414 3
1413 1453 3
1414 1415 3
1414 1454 3
1415 1416 2
1415 1455 3
1416 1417 5
1416 1456 4
1417 1418 2
1417 1457 1
1418 1419 4
1418 1458 4
1419 1420 2
1419 1459 2
1420 1421 3
1420 1460 2
1421 1422 5
1421 1461 1
1422 1423 1
1422 1462 4
1423 1424 2
1423 1463 1
1424 1425 5
1424 1464 5
1425 1426 2
1425 1465 4
1426 1427 2
1426 1466 3
1427 1428 1
1427 1467 4
1428 1429 3
1428 1468 2
1429 1430 5
1429 1469 4
1430 1431 2
1430 1470 5
1431 1432 1
1431 1471 1
1432 1433 2
1432 1472 3
1433 1434 5
1433 1473 5
1434 1435 5
1434 1474 2
1435 1436 3
1435 1475 5
1436 1437 2
1436 1476 2
1437 1438 4
1437 1477 4
1438 1439 2
1438 1478 4
1439 1440 2
1439 1479 5
1440 1480 2
1441 1442 2
1441 1481 4
1442 1443 3
1442 1482 3
1443 1444 5
1443 1483 3
1444 1445 4
1444 1484 1
1445 1446 2
1445 1485 2
1446 1447 3
1446 1486 3
1447 1448 1
1447 1487 5
1448 1449 2
1448 1488 2
1449 1450 4
1449 1489 4
1450 1451 2
1450 1490 1
1451 1452 5
1451 1491 5
1452 1453 1
1452 1492 1
1453 1454 4
1453 1493 5
1454 1455 3
1454 1494 5
1455 1456 5
1455 1495 2
1456 1457 2
1456 1496 5
1457 1458 1
1457 1497 3
1458 1459 4
1458 1498 5
1459 1460 5
1459 1499 2
1460 1461 4
1460 1500 1
1461 1462 1
1461 1501 3
1462 1463 3
1462 1502 1
1463 1464 4
1463 1503 3
1464 1465 4
1464 1504 1
1465 1466 2
1465 1505 4
1466 1467 4
1466 1506 1
1467 1468 2
1467 1507 5
1468 1469 3
1468 1508 1
1469 1470 5
1469 1509 5
1470 1471 4
1470 1510 5
1471 1472 2
1471 1511 2
1472 1473 3
1472 1512 4
1473 1474 3
1473 1513 4
1474 1475 4
1474 1514 2
1475 1476 1
1475 1515 3
1476 1477 1
1476 1516 1
1477 1478 5
1477 1517 5
1478 1479 2
1478 1518 2
1479 1480 5
1479 1519 2
1480 1520 2
1481 1482 4
1481 1521 1
1482 1483 1
1482 1522 3
1483 1484 4
1483 1523 2
1484 1485 4
1484 1524 2
1485 1486 4
1485 1525 4
1486 1487 4
1486 1526 5
1487 1488 5
1487 1527 5
1488 1489 5
1488 1528 3
1489 1490 1
1489 1529 1
1490 1491 4
1490 1530 1
1491 1492 5
1491 1531 4
1492 1493 1
1492 1532 4
1493 1494 5
1493 1533 2
1494 1495 1
1494 1534 3
1495 1496 5
1495 1535 1
1496 1497 4
1496 1536 4
1497 1498 5
1497 1537 2
1498 1499 1
1498 1538 2
1499 1500 1
1499 1539 4
1500 1501 1
1500 1540 2
1501 1502 2
1501 1541 5
1502 1503 5
1502 1542 1
1503 1504 3
1503 1543 1
1504 1505 1
1504 1544 4
1505 1506 4
1505 1545 5
1506 1507 2
1506 1546 1
1507 1508 5
1507 1547 4
1508 1509 4
1508 1548 1
1509 1510 2
1509 1549 2
1510 1511 5
1510 1550 3
1511 1512 5
1511 1551 3
1512 1513 4
1512 1552 4
1513 1514 4
1513 1553 3
1514 1515 2
1514 1554 1
1515 1516 3
1515 1555 2
1516 1517 2
1516 1556 1
1517 1518 1
1517 1557 4
1518 1519 1
1518 1558 2
1519 1520 1
1519 1559 1
1520 1560 2
1521 1522 1
1521 1561 5
1522 1523 2
1522 1562 1
1523 1524 1
1523 1563 3
1524 1525 3
1524 1564 2
1525 1526 5
1525 1565 5
1526 1527 3
1526 1566 1
1527 1528 2
1527 1567 1
1528 1529 2
1528 1568 1
1529 1530 2
1529 1569 3
1530 1531 3
1530 1570 5
1531 1532 4
1531 1571 3
1532 1533 5
1532 1572 3
1533 1534 5
1533 1573 1
1534 1535 2
1534 1574 2
1535 1536 1
1535 1575 1
1536 1537 2
1536 1576 2
1537 1538 5
1537 1577 2
1538 1539 5
1538 1578 1
1539 1540 2
1539 1579 4
1540 1541 3
1540 1580 1
1541 1542 4
1541 1581 2
1542 1543 5
1542 1582 1
1543 1544 3
1543 1583 1
1544 1545 2
1544 1584 4
1545 1546 3
1545 1585 2
1546 1547 1
1546 1586 1
1547 1548 2
1547 1587 5
1548 1549 2
1548 1588 2
1549 1550 4
1549 1589 2
1550 1551 5
1550 1590 5
1551 1552 5
1551 1591 3
1552 1553 1
1552 1592 1
1553 1554 5
1553 1593 2
1554 1555 5
1554 1594 5
1555 1556 2
1555 1595 5
1556 1557 1
1556 1596 5
1557 1558 2
1557 1597 5
1558 1559 4
1558 1598 2
1559 1560 2
1559 1599 2
1560 1600 2
1561 1562 2
1562 1563 3
1563 1564 1
1564 1565 5
1565 1566 2
1566 1567 4
1567 1568 4
1568 1569 3
1569 1570 3
1570 1571 3
1571 1572 2
1572 1573 2
1573 1574 3
1574 1575 4
1575 1576 4
1576 1577 5
1577 1578 5
1578 1579 1
1579 1580 4
1580 1581 4
1581 1582 1
1582 1583 2
1583 1584 3
1584 1585 2
1585 1586 1
1586 1587 2
1587 1588 5
1588 1589 2
1589 1590 1
1590 1591 4
1591 1592 2
1592 1593 3
1593 1594 4
1594 1595 5
1595 1596 5
1596 1597 3
1597 1598 1
1598 1599 2
1599 1600 5
1 1561 5
2 1562 2
3 1563 1
4 1564 5
5 1565 5
6 1566 1
7 1567 4
8 1568 3
9 1569 1
10 1570 4
11 1571 2
12 1572 2
13 1573 1
14 1574 2
15 1575 5
16 1576 3
17 1577 4
18 1578 3
19 1579 5
20 1580 3
21 1581 2
22 1582 4
23 1583 1
24 1584 2
25 1585 5
26 1586 3
27 1587 5
28 1588 3
29 1589 1
30 1590 3
31 1591 4
32 1592 2
33 1593 1
34 1594 2
35 1595 3
36 1596 1
37 1597 5
38 1598 3
39 1599 5
40 1600 2
1 40 1
41 80 2
81 120 4
121 160 2
161 200 2
201 240 1
241 280 2
281 320 4
321 360 3
361 400 2
401 440 3
441 480 5
481 520 2
521 560 4
561 600 2
601 640 2
641 680 5
681 720 5
721 760 3
761 800 2
801 840 4
841 880 2
881 920 4
921 960 3
961 1000 4
1001 1040 3
1041 1080 4
1081 1120 4
1121 1160 2
1161 1200 1
1201 1240 5
1241 1280 4
1281 1320 5
1321 1360 2
1361 1400 4
1401 1440 1
1441 1480 3
1481 1520 3
1521 1560 2
1561 1600 3
