1600 3200
1 2 4
1 41 4
2 3 3
2 42 1
3 4 2
3 43 5
4 5 5
4 44 3
5 6 3
5 45 5
6 7 2
6 46 5
7 8 5
7 47 2
8 9 3
8 48 2
9 10 3
9 49 3
10 11 2
10 50 2
11 12 1
11 51 4
12 13 1
12 52 4
13 14 1
13 53 3
14 15 3
14 54 1
15 16 1
15 55 3
16 17 4
16 56 3
17 18 5
17 57 1
18 19 3
18 58 2
19 20 4
19 59 5
20 21 1
20 60 5
21 22 3
21 61 3
22 23 4
22 62 5
23 24 3
23 63 3
24 25 4
24 64 4
25 26 2
25 65 1
26 27 1
26 66 3
27 28 4
27 67 3
28 29 5
28 68 1
29 30 5
29 69 3
30 31 5
30 70 1
31 32 4
31 71 4
32 33 3
32 72 5
33 34 1
33 73 3
34 35 2
34 74 5
35 36 4
35 75 1
36 37 1
36 76 5
37 38 5
37 77 3
38 39 1
38 78 1
39 40 4
39 79 1
40 80 4
41 42 4
41 81 5
42 43 5
42 82 5
43 44 4
43 83 4
44 45 2
44 84 1
45 46 2
45 85 4
46 47 4
46 86 1
47 48 1
47 87 5
48 49 3
48 88 1
49 50 1
49 89 5
50 51 1
50 90 5
51 52 3
51 91 4
52 53 4
52 92 2
53 54 1
53 93 1
54 55 3
54 94 1
55 56 5
55 95 3
56 57 4
56 96 1
57 58 4
57 97 4
58 59 4
58 98 1
59 60 1
59 99 5
60 61 1
60 100 1
61 62 4
61 101 3
62 63 3
62 102 5
63 64 1
63 103 1
64 65 5
64 104 3
65 66 5
65 105 2
66 67 2
66 106 2
67 68 4
67 107 1
68 69 2
68 108 3
69 70 2
69 109 3
70 71 4
70 110 1
71 72 5
71 111 4
72 73 3
72 112 4
73 74 2
73 113 5
74 75 5
74 114 2
75 76 5
75 115 5
76 77 5
76 116 5
77 78 5
77 117 1
78 79 2
78 118 4
79 80 1
79 119 4
80 120 2
81 82 3
81 121 3
82 83 2
82 122 4
83 84 2
83 123 2
84 85 5
84 124 4
85 86 2
85 125 5
86 87 4
86 126 5
87 88 1
87 127 5
88 89 5
88 128 4
89 90 3
89 129 2
90 91 5
90 130 2
91 92 3
91 131 1
92 93 2
92 132 4
93 94 4
93 133 1
94 95 4
94 134 1
95 96 4
95 135 4
96 97 2
96 136 2
97 98 4
97 137 2
98 99 4
98 138 2
99 100 4
99 139 1
100 101 4
100 140 2
101 102 5
101 141 1
102 103 1
102 142 4
103 104 4
103 143 3
104 105 1
104 144 4
105 106 2
105 145 1
106 107 2
106 146 1
107 108 2
107 147 1
108 109 1
108 148 5
109 110 5
109 149 4
110 111 3
110 150 5
111 112 1
111 151 5
112 113 3
112 152 2
113 114 5
113 153 3
114 115 4
114 154 2
115 116 1
115 155 1
116 117 3
116 156 5
117 118 1
117 157 4
118 119 5
118 158 5
119 120 4
119 159 4
120 160 1
121 122 3
121 161 4
122 123 5
122 162 1
123 124 2
123 163 1
124 125 3
124 164 4
125 126 2
125 165 2
126 127 4
126 166 2
127 128 4
127 167 5
128 129 2
128 168 4
129 130 1
129 169 3
130 131 1
130 170 4
131 132 1
131 171 1
132 133 3
132 172 4
133 134 1
133 173 5
134 135 1
134 174 4
135 136 3
135 175 4
136 137 4
136 176 2
137 138 1
137 177 1
138 139 4
138 178 5
139 140 5
139 179 4
140 141 4
140 180 5
141 142 1
141 181 2
142 143 5
142 182 4
143 144 4
143 183 2
144 145 1
144 184 4
145 146 4
145 185 3
146 147 2
146 186 3
147 148 5
147 187 2
148 149 1
148 188 2
149 150 4
149 189 5
150 151 2
150 190 5
151 152 4
151 191 3
152 153 4
152 192 3
153 154 5
153 193 3
154 155 3
154 194 1
155 156 2
155 195 4
156 157 2
156 196 3
157 158 2
157 197 4
158 159 1
158 198 4
159 160 5
159 199 4
160 200 1
161 162 3
161 201 1
162 163 1
162 202 4
163 164 2
163 203 5
164 165 3
164 204 5
165 166 1
165 205 1
166 167 5
166 206 4
167 168 5
167 207 4
168 169 4
168 208 3
169 170 4
169 209 1
170 171 5
170 210 2
171 172 4
171 211 3
172 173 3
172 212 3
173 174 4
173 213 3
174 175 1
174 214 1
175 176 1
175 215 5
176 177 3
176 216 2
177 178 3
177 217 3
178 179 1
178 218 1
179 180 2
179 219 2
180 181 2
180 220 3
181 182 2
181 221 3
182 183 4
182 222 2
183 184 1
183 223 4
184 185 5
184 224 1
185 186 5
185 225 1
186 187 3
186 226 4
187 188 5
187 227 5
188 189 3
188 228 3
189 190 4
189 229 2
190 191 1
190 230 2
191 192 3
191 231 5
192 193 1
192 232 1
193 194 2
193 233 2
194 195 3
194 234 1
195 196 1
195 235 2
196 197 3
196 236 2
197 198 1
197 237 1
198 199 5
198 238 3
199 200 1
199 239 3
200 240 3
201 202 3
201 241 5
202 203 3
202 242 2
203 204 4
203 243 4
204 205 5
204 244 5
205 206 1
205 245 5
206 207 4
206 246 4
207 208 4
207 247 1
208 209 5
208 248 1
209 210 2
209 249 4
210 211 2
210 250 3
211 212 2
211 251 1
212 213 5
212 252 3
213 214 1
213 253 2
214 215 5
214 254 5
215 216 5
215 255 1
216 217 5
216 256 2
217 218 2
217 257 2
218 219 5
218 258 5
219 220 3
219 259 3
220 221 1
220 260 3
221 222 3
221 261 2
222 223 3
222 262 2
223 224 4
223 263 1
224 225 5
224 264 1
225 226 3
225 265 3
226 227 3
226 266 4
227 228 1
227 267 1
228 229 5
228 268 3
229 230 1
229 269 3
230 231 4
230 270 4
231 232 4
231 271 4
232 233 5
232 272 3
233 234 3
233 273 1
234 235 2
234 274 2
235 236 4
235 275 2
236 237 4
236 276 2
237 238 3
237 277 3
238 239 5
238 278 1
239 240 2
239 279 2
240 280 2
241 242 4
241 281 4
242 243 1
242 282 3
243 244 5
243 283 4
244 245 3
244 284 5
245 246 3
245 285 5
246 247 2
246 286 5
247 248 4
247 287 5
248 249 5
248 288 3
249 250 4
249 289 2
250 251 3
250 290 5
251 252 1
251 291 1
252 253 3
252 292 5
253 254 1
253 293 5
254 255 5
254 294 1
255 256 1
255 295 4
256 257 3
256 296 3
257 258 2
257 297 3
258 259 4
258 298 2
259 260 2
259 299 5
260 261 5
260 300 4
261 262 2
261 301 4
262 263 1
262 302 4
263 264 5
263 303 1
264 265 2
264 304 1
265 266 4
265 305 3
266 267 4
266 306 3
267 268 5
267 307 3
268 269 3
268 308 4
269 270 3
269 309 2
270 271 2
270 310 3
271 272 5
271 311 3
272 273 5
272 312 3
273 274 2
273 313 5
274 275 3
274 314 4
275 276 5
275 315 4
276 277 4
276 316 1
277 278 5
277 317 1
278 279 3
278 318 4
279 280 3
279 319 5
280 320 5
281 282 5
281 321 3
282 283 5
282 322 4
283 284 3
283 323 2
284 285 1
284 324 4
285 286 4
285 325 1
286 287 2
286 326 3
287 288 4
287 327 1
288 289 5
288 328 2
289 290 1
289 329 3
290 291 1
290 330 3
291 292 4
291 331 2
292 293 1
292 332 2
293 294 1
293 333 3
294 295 5
294 334 2
295 296 3
295 335 2
296 297 3
296 336 2
297 298 4
297 337 1
298 299 4
298 338 5
299 300 5
299 339 1
300 301 5
300 340 2
301 302 2
301 341 4
302 303 4
302 342 1
303 304 3
303 343 4
304 305 3
304 344 5
305 306 5
305 345 2
306 307 4
306 346 5
307 308 3
307 347 4
308 309 1
308 348 3
309 310 3
309 349 4
310 311 5
310 350 2
311 312 2
311 351 5
312 313 5
312 352 2
313 314 1
313 353 2
314 315 4
314 354 4
315 316 1
315 355 2
316 317 4
316 356 1
317 318 3
317 357 2
318 319 4
318 358 2
319 320 4
319 359 4
320 360 5
321 322 1
321 361 2
322 323 5
322 362 5
323 324 2
323 363 4
324 325 1
324 364 5
325 326 4
325 365 3
326 327 5
326 366 5
327 328 3
327 367 1
328 329 5
328 368 3
329 330 5
329 369 3
330 331 2
330 370 5
331 332 4
331 371 2
332 333 1
332 372 2
333 334 1
333 373 1
334 335 1
334 374 2
335 336 3
335 375 3
336 337 2
336 376 1
337 338 5
337 377 3
338 339 4
338 378 5
339 340 3
339 379 2
340 341 2
340 380 1
341 342 4
341 381 5
342 343 5
342 382 3
343 344 2
343 383 1
344 345 3
344 384 5
345 346 1
345 385 5
346 347 1
346 386 4
347 348 2
347 387 2
348 349 5
348 388 5
349 350 2
349 389 4
350 351 4
350 390 5
351 352 3
351 391 1
352 353 1
352 392 2
353 354 1
353 393 5
354 355 5
354 394 1
355 356 2
355 395 2
356 357 1
356 396 2
357 358 2
357 397 2
358 359 3
358 398 5
359 360 1
359 399 3
360 400 4
361 362 5
361 401 1
362 363 2
362 402 3
363 364 2
363 403 1
364 365 4
364 404 3
365 366 3
365 405 4
366 367 4
366 406 1
367 368 1
367 407 3
368 369 5
368 408 1
369 370 3
369 409 1
370 371 5
370 410 2
371 372 1
371 411 1
372 373 1
372 412 5
373 374 3
373 413 2
374 375 5
374 414 3
375 376 5
375 415 4
376 377 2
376 416 3
377 378 4
377 417 3
378 379 3
378 418 4
379 380 5
379 419 3
380 381 2
380 420 1
381 382 5
381 421 4
382 383 2
382 422 3
383 384 2
383 423 5
384 385 2
384 424 4
385 386 3
385 425 2
386 387 3
386 426 2
387 388 2
387 427 1
388 389 4
388 428 1
389 390 3
389 429 2
390 391 2
390 430 4
391 392 3
391 431 5
392 393 1
392 432 3
393 394 5
393 433 4
394 395 5
394 434 2
395 396 3
395 435 1
396 397 3
396 436 4
397 398 2
397 437 5
398 399 4
398 438 1
399 400 2
399 439 2
400 440 5
401 402 3
401 441 3
402 403 2
402 442 5
403 404 2
403 443 2
404 405 3
404 444 3
405 406 3
405 445 4
406 407 4
406 446 3
407 408 2
407 447 3
408 409 5
408 448 3
409 410 5
409 449 1
410 411 1
410 450 5
411 412 2
411 451 1
412 413 2
412 452 5
413 414 1
413 453 2
414 415 4
414 454 4
415 416 1
415 455 2
416 417 1
416 456 3
417 418 1
417 457 1
418 419 5
418 458 5
419 420 3
419 459 3
420 421 3
420 460 1
421 422 5
421 461 1
422 423 4
422 462 5
423 424 4
423 463 1
424 425 2
424 464 3
425 426 1
425 465 1
426 427 2
426 466 5
427 428 4
427 467 5
428 429 2
428 468 2
429 430 5
429 469 4
430 431 5
430 470 2
431 432 5
431 471 5
432 433 1
432 472 1
433 434 2
433 473 3
434 435 5
434 474 3
435 436 2
435 475 5
436 437 4
436 476 4
437 438 4
437 477 2
438 439 2
438 478 2
439 440 5
439 479 5
440 480 5
441 442 4
441 481 2
442 443 4
442 482 4
443 444 5
443 483 1
444 445 4
444 484 1
445 446 2
445 485 5
446 447 2
446 486 1
447 448 1
447 487 4
448 449 1
448 488 5
449 450 2
449 489 5
450 451 4
450 490 2
451 452 2
451 491 1
452 453 5
452 492 4
453 454 3
453 493 1
454 455 3
454 494 2
455 456 5
455 495 2
456 457 1
456 496 3
457 458 4
457 497 2
458 459 5
458 498 2
459 460 4
459 499 1
460 461 1
460 500 4
461 462 4
461 501 2
462 463 2
462 502 5
463 464 4
463 503 5
464 465 3
464 504 4
465 466 4
465 505 4
466 467 4
466 506 2
467 468 5
467 507 1
468 469 5
468 508 4
469 470 4
469 509 3
470 471 2
470 510 1
471 472 3
471 511 3
472 473 4
472 512 1
473 474 2
473 513 5
474 475 2
474 514 4
475 476 2
475 515 5
476 477 3
476 516 3
477 478 1
477 517 2
478 479 3
478 518 1
479 480 2
479 519 4
480 520 5
481 482 2
481 521 1
482 483 4
482 522 4
483 484 2
483 523 4
484 485 2
484 524 3
485 486 3
485 525 3
486 487 2
486 526 4
487 488 4
487 527 2
488 489 3
488 528 3
489 490 3
489 529 1
490 491 5
490 530 1
491 492 3
491 531 4
492 493 5
492 532 1
493 494 3
493 533 3
494 495 2
494 534 4
495 496 5
495 535 2
496 497 5
496 536 5
497 498 1
497 537 5
498 499 5
498 538 2
499 500 5
499 539 5
500 501 2
500 540 1
501 502 4
501 541 2
502 503 2
502 542 1
503 504 2
503 543 4
504 505 4
504 544 5
505 506 5
505 545 2
506 507 4
506 546 4
507 508 5
507 547 5
508 509 1
508 548 4
509 510 4
509 549 4
510 511 5
510 550 1
511 512 1
511 551 2
512 513 2
512 552 1
513 514 4
513 553 4
514 515 2
514 554 1
515 516 4
515 555 4
516 517 4
516 556 5
517 518 2
517 557 3
518 519 5
518 558 3
519 520 2
519 559 2
520 560 3
521 522 4
521 561 2
522 523 1
522 562 2
523 524 2
523 563 4
524 525 1
524 564 3
525 526 1
525 565 4
526 527 5
526 566 4
527 528 4
527 567 4
528 529 3
528 568 4
529 530 4
529 569 2
530 531 5
530 570 2
531 532 1
531 571 3
532 533 3
532 572 4
533 534 4
533 573 2
534 535 2
534 574 2
535 536 2
535 575 1
536 537 4
536 576 1
537 538 2
537 577 5
538 539 1
538 578 3
539 540 3
539 579 3
540 541 4
540 580 2
541 542 1
541 581 1
542 543 5
542 582 4
543 544 5
543 583 4
544 545 4
544 584 2
545 546 1
545 585 2
546 547 4
546 586 2
547 548 4
547 587 2
548 549 4
548 588 1
549 550 4
549 589 4
550 551 5
550 590 1
551 552 5
551 591 2
552 553 1
552 592 1
553 554 1
553 593 5
554 555 1
554 594 4
555 556 3
555 595 2
556 557 2
556 596 3
557 558 4
557 597 4
558 559 5
558 598 5
559 560 2
559 599 2
560 600 1
561 562 5
561 601 4
562 563 1
562 602 4
563 564 1
563 603 1
564 565 3
564 604 2
565 566 1
565 605 3
566 567 4
566 606 4
567 568 4
567 607 1
568 569 2
568 608 4
569 570 3
569 609 5
570 571 1
570 610 5
571 572 4
571 611 1
572 573 2
572 612 2
573 574 3
573 613 2
574 575 3
574 614 5
575 576 5
575 615 5
576 577 3
576 616 3
577 578 2
577 617 1
578 579 3
578 618 1
579 580 3
579 619 2
580 581 4
580 620 1
581 582 4
581 621 3
582 583 3
582 622 3
583 584 4
583 623 1
584 585 4
584 624 2
585 586 3
585 625 5
586 587 2
586 626 5
587 588 2
587 627 4
588 589 2
588 628 2
589 590 3
589 629 1
590 591 3
590 630 4
591 592 5
591 631 4
592 593 5
592 632 5
593 594 5
593 633 1
594 595 1
594 634 2
595 596 1
595 635 4
596 597 4
596 636 3
597 598 5
597 637 4
598 599 2
598 638 4
599 600 2
599 639 1
600 640 2
601 602 4
601 641 5
602 603 1
602 642 4
603 604 2
603 643 2
604 605 1
604 644 2
605 606 5
605 645 2
606 607 3
606 646 3
607 608 2
607 647 5
608 609 5
608 648 5
609 610 2
609 649 3
610 611 3
610 650 3
611 612 4
611 651 5
612 613 1
612 652 3
613 614 3
613 653 5
614 615 5
614 654 4
615 616 1
615 655 4
616 617 1
616 656 4
617 618 2
617 657 2
618 619 2
618 658 5
619 620 4
619 659 1
620 621 2
620 660 2
621 622 3
621 661 5
622 623 3
622 662 1
623 624 2
623 663 3
624 625 4
624 664 5
625 626 5
625 665 4
626 627 2
626 666 1
627 628 1
627 667 3
628 629 4
628 668 1
629 630 5
629 669 4
630 631 5
630 670 4
631 632 5
631 671 1
632 633 5
632 672 4
633 634 5
633 673 5
634 635 4
634 674 4
635 636 3
635 675 3
636 637 3
636 676 2
637 638 5
637 677 1
638 639 5
638 678 1
639 640 1
639 679 4
640 680 3
641 642 5
641 681 4
642 643 2
642 682 4
643 644 3
643 683 4
644 645 1
644 684 2
645 646 2
645 685 3
646 647 2
646 686 2
647 648 2
647 687 3
648 649 2
648 688 4
649 650 1
649 689 2
650 651 3
650 690 2
651 652 4
651 691 1
652 653 5
652 692 3
653 654 3
653 693 4
654 655 5
654 694 3
655 656 1
655 695 4
656 657 3
656 696 4
657 658 3
657 697 4
658 659 4
658 698 4
659 660 2
659 699 5
660 661 1
660 700 3
661 662 3
661 701 3
662 663 1
662 702 5
663 664 5
663 703 1
664 665 3
664 704 4
665 666 1
665 705 5
666 667 2
666 706 1
667 668 2
667 707 2
668 669 1
668 708 2
669 670 4
669 709 2
670 671 2
670 710 3
671 672 3
671 711 2
672 673 2
672 712 4
673 674 1
673 713 4
674 675 2
674 714 3
675 676 3
675 715 2
676 677 4
676 716 3
677 678 2
677 717 2
678 679 5
678 718 2
679 680 4
679 719 3
680 720 1
681 682 2
681 721 5
682 683 5
682 722 2
683 684 3
683 723 4
684 685 5
684 724 2
685 686 3
685 725 5
686 687 1
686 726 5
687 688 5
687 727 2
688 689 4
688 728 1
689 690 2
689 729 4
690 691 2
690 730 1
691 692 3
691 731 4
692 693 5
692 732 2
693 694 2
693 733 2
694 695 4
694 734 5
695 696 4
695 735 2
696 697 5
696 736 5
697 698 3
697 737 5
698 699 1
698 738 4
699 700 2
699 739 4
700 701 1
700 740 4
701 702 2
701 741 2
702 703 2
702 742 1
703 704 3
703 743 4
704 705 5
704 744 3
705 706 4
705 745 3
706 707 2
706 746 3
707 708 3
707 747 2
708 709 2
708 748 4
709 710 4
709 749 4
710 711 1
710 750 3
711 712 4
711 751 5
712 713 4
712 752 3
713 714 1
713 753 4
714 715 5
714 754 2
715 716 5
715 755 4
716 717 2
716 756 3
717 718 3
717 757 5
718 719 5
718 758 4
719 720 3
719 759 1
720 760 3
721 722 3
721 761 5
722 723 5
722 762 5
723 724 5
723 763 3
724 725 1
724 764 5
725 726 4
725 765 1
726 727 1
726 766 3
727 728 1
727 767 3
728 729 2
728 768 4
729 730 4
729 769 4
730 731 3
730 770 1
731 732 4
731 771 3
732 733 2
732 772 5
733 734 3
733 773 5
734 735 2
734 774 2
735 736 5
735 775 1
736 737 5
736 776 4
737 738 1
737 777 5
738 739 3
738 778 3
739 740 1
739 779 2
740 741 1
740 780 4
741 742 1
741 781 4
742 743 1
742 782 3
743 744 3
743 783 2
744 745 1
744 784 5
745 746 2
745 785 2
746 747 4
746 786 2
747 748 5
747 787 4
748 749 4
748 788 2
749 750 5
749 789 4
750 751 5
750 790 3
751 752 5
751 791 2
752 753 2
752 792 2
753 754 1
753 793 5
754 755 2
754 794 2
755 756 3
755 795 4
756 757 1
756 796 1
757 758 1
757 797 2
758 759 3
758 798 1
759 760 4
759 799 3
760 800 2
761 762 5
761 801 4
762 763 5
762 802 2
763 764 3
763 803 4
764 765 4
764 804 4
765 766 5
765 805 5
766 767 5
766 806 4
767 768 1
767 807 5
768 769 3
768 808 3
769 770 4
769 809 3
770 771 4
770 810 5
771 772 5
771 811 5
772 773 3
772 812 1
773 774 5
773 813 5
774 775 5
774 814 1
775 776 3
775 815 3
776 777 1
776 816 5
777 778 4
777 817 3
778 779 5
778 818 1
779 780 3
779 819 3
780 781 5
780 820 1
781 782 4
781 821 2
782 783 2
782 822 4
783 784 5
783 823 4
784 785 3
784 824 4
785 786 1
785 825 3
786 787 1
786 826 3
787 788 2
787 827 2
788 789 3
788 828 1
789 790 1
789 829 5
790 791 5
790 830 3
791 792 1
791 831 1
792 793 1
792 832 5
793 794 1
793 833 4
794 795 5
794 834 2
795 796 2
795 835 1
796 797 1
796 836 2
797 798 5
797 837 3
798 799 4
798 838 5
799 800 1
799 839 3
800 840 4
801 802 4
801 841 5
802 803 1
802 842 3
803 804 3
803 843 1
804 805 5
804 844 1
805 806 1
805 845 4
806 807 5
806 846 4
807 808 4
807 847 1
808 809 5
808 848 1
809 810 5
809 849 3
810 811 2
810 850 1
811 812 5
811 851 2
812 813 4
812 852 2
813 814 4
813 853 4
814 815 2
814 854 3
815 816 3
815 855 3
816 817 3
816 856 4
817 818 5
817 857 5
818 819 5
818 858 4
819 820 4
819 859 2
820 821 4
820 860 1
821 822 3
821 861 4
822 823 4
822 862 1
823 824 3
823 863 2
824 825 5
824 864 2
825 826 5
825 865 5
826 827 3
826 866 5
827 828 5
827 867 4
828 829 5
828 868 3
829 830 5
829 869 5
830 831 3
830 870 4
831 832 1
831 871 3
832 833 2
832 872 2
833 834 3
833 873 3
834 835 3
834 874 2
835 836 4
835 875 3
836 837 1
836 876 3
837 838 3
837 877 1
838 839 4
838 878 4
839 840 4
839 879 1
840 880 1
841 842 2
841 881 1
842 843 1
842 882 3
843 844 3
843 883 5
844 845 4
844 884 3
845 846 2
845 885 5
846 847 2
846 886 5
847 848 2
847 887 4
848 849 4
848 888 4
849 850 4
849 889 4
850 851 1
850 890 5
851 852 4
851 891 5
852 853 5
852 892 1
853 854 5
853 893 5
854 855 3
854 894 2
855 856 4
855 895 5
856 857 2
856 896 2
857 858 5
857 897 5
858 859 1
858 898 4
859 860 4
859 899 4
860 861 1
860 900 2
861 862 5
861 901 1
862 863 2
862 902 4
863 864 1
863 903 2
864 865 2
864 904 5
865 866 5
865 905 5
866 867 1
866 906 2
867 868 5
867 907 2
868 869 3
868 908 2
869 870 3
869 909 1
870 871 5
870 910 2
871 872 3
871 911 5
872 873 1
872 912 2
873 874 1
873 913 3
874 875 2
874 914 1
875 876 3
875 915 5
876 877 4
876 916 1
877 878 4
877 917 2
878 879 4
878 918 4
879 880 2
879 919 2
880 920 1
881 882 3
881 921 1
882 883 2
882 922 2
883 884 2
883 923 3
884 885 5
884 924 2
885 886 5
885 925 2
886 887 4
886 926 2
887 888 2
887 927 3
888 889 4
888 928 3
889 890 2
889 929 4
890 891 5
890 930 5
891 892 3
891 931 3
892 893 5
892 932 2
893 894 3
893 933 4
894 895 1
894 934 4
895 896 4
895 935 2
896 897 1
896 936 3
897 898 3
897 937 2
898 899 2
898 938 4
899 900 4
899 939 4
900 901 2
900 940 2
901 902 1
901 941 3
902 903 3
902 942 1
903 904 1
903 943 2
904 905 2
904 944 1
905 906 1
905 945 1
906 907 2
906 946 4
907 908 2
907 947 4
908 909 5
908 948 5
909 910 5
909 949 2
910 911 4
910 950 1
911 912 5
911 951 3
912 913 2
912 952 1
913 914 2
913 953 3
914 915 5
914 954 1
915 916 4
915 955 5
916 917 2
916 956 3
917 918 4
917 957 3
918 919 1
918 958 4
919 920 4
919 959 5
920 960 2
921 922 3
921 961 2
922 923 1
922 962 3
923 924 4
923 963 2
924 925 1
924 964 4
925 926 3
925 965 1
926 927 1
926 966 1
927 928 3
927 967 2
928 929 5
928 968 3
929 930 3
929 969 4
930 931 4
930 970 2
931 932 2
931 971 5
932 933 5
932 972 4
933 934 2
933 973 4
934 935 3
934 974 1
935 936 4
935 975 3
936 937 3
936 976 1
937 938 4
937 977 4
938 939 2
938 978 3
939 940 5
939 979 3
940 941 4
940 980 1
941 942 2
941 981 3
942 943 2
942 982 4
943 944 3
943 983 3
944 945 1
944 984 5
945 946 5
945 985 2
946 947 1
946 986 5
947 948 2
947 987 1
948 949 2
948 988 4
949 950 4
949 989 2
950 951 3
950 990 5
951 952 4
951 991 4
952 953 1
952 992 4
953 954 5
953 993 3
954 955 2
954 994 5
955 956 3
955 995 1
956 957 3
956 996 1
957 958 5
957 997 4
958 959 1
958 998 3
959 960 3
959 999 2
960 1000 4
961 962 1
961 1001 5
962 963 3
962 1002 2
963 964 1
963 1003 3
964 965 4
964 1004 2
965 966 2
965 1005 2
966 967 3
966 1006 5
967 968 2
967 1007 5
968 969 2
968 1008 3
969 970 1
969 1009 3
970 971 5
970 1010 3
971 972 1
971 1011 1
972 973 4
972 1012 3
973 974 5
973 1013 1
974 975 3
974 1014 3
975 976 5
975 1015 2
976 977 2
976 1016 3
977 978 4
977 1017 5
978 979 5
978 1018 3
979 980 2
979 1019 2
980 981 5
980 1020 4
981 982 5
981 1021 4
982 983 2
982 1022 2
983 984 5
983 1023 3
984 985 3
984 1024 2
985 986 5
985 1025 3
986 987 2
986 1026 4
987 988 1
987 1027 5
988 989 2
988 1028 4
989 990 2
989 1029 5
990 991 3
990 1030 2
991 992 4
991 1031 2
992 993 3
992 1032 1
993 994 5
993 1033 4
994 995 5
994 1034 4
995 996 4
995 1035 1
996 997 4
996 1036 5
997 998 1
997 1037 5
998 999 1
998 1038 3
999 1000 5
999 1039 3
1000 1040 2
1001 1002 1
1001 1041 4
1002 1003 3
1002 1042 2
1003 1004 3
1003 1043 2
1004 1005 3
1004 1044 3
1005 1006 2
1005 1045 2
1006 1007 4
1006 1046 4
1007 1008 5
1007 1047 3
1008 1009 2
1008 1048 3
1009 1010 5
1009 1049 2
1010 1011 2
1010 1050 3
1011 1012 1
1011 1051 4
1012 1013 4
1012 1052 3
1013 1014 3
1013 1053 4
1014 1015 2
1014 1054 5
1015 1016 4
1015 1055 2
1016 1017 1
1016 1056 4
1017 1018 3
1017 1057 3
1018 1019 3
1018 1058 4
1019 1020 1
1019 1059 4
1020 1021 4
1020 1060 2
1021 1022 1
1021 1061 5
1022 1023 5
1022 1062 5
1023 1024 5
1023 1063 2
1024 1025 3
1024 1064 5
1025 1026 2
1025 1065 1
1026 1027 1
1026 1066 3
1027 1028 5
1027 1067 3
1028 1029 5
1028 1068 1
1029 1030 5
1029 1069 1
1030 1031 4
1030 1070 1
1031 1032 1
1031 1071 1
1032 1033 2
1032 1072 2
1033 1034 2
1033 1073 2
1034 1035 2
1034 1074 4
1035 1036 2
1035 1075 3
1036 1037 5
1036 1076 3
1037 1038 5
1037 1077 2
1038 1039 4
1038 1078 2
1039 1040 4
1039 1079 2
1040 1080 2
1041 1042 5
1041 1081 5
1042 1043 2
1042 1082 3
1043 1044 4
1043 1083 4
1044 1045 4
1044 1084 4
1045 1046 3
1045 1085 4
1046 1047 3
1046 1086 3
1047 1048 3
1047 1087 5
1048 1049 4
1048 1088 2
1049 1050 2
1049 1089 4
1050 1051 4
1050 1090 3
1051 1052 2
1051 1091 5
1052 1053 4
1052 1092 1
1053 1054 2
1053 1093 1
1054 1055 2
1054 1094 2
1055 1056 3
1055 1095 3
1056 1057 5
1056 1096 3
1057 1058 5
1057 1097 5
1058 1059 5
1058 1098 1
1059 1060 2
1059 1099 4
1060 1061 4
1060 1100 4
1061 1062 2
1061 1101 4
1062 1063 4
1062 1102 2
1063 1064 3
1063 1103 4
1064 1065 4
1064 1104 4
1065 1066 4
1065 1105 1
1066 1067 5
1066 1106 3
1067 1068 2
1067 1107 2
1068 1069 3
1068 1108 5
1069 1070 3
1069 1109 3
1070 1071 5
1070 1110 3
1071 1072 4
1071 1111 5
1072 1073 3
1072 1112 1
1073 1074 1
1073 1113 1
1074 1075 1
1074 1114 3
1075 1076 2
1075 1115 1
1076 1077 1
1076 1116 4
1077 1078 2
1077 1117 5
1078 1079 1
1078 1118 2
1079 1080 2
1079 1119 2
1080 1120 4
1081 1082 3
1081 1121 1
1082 1083 2
1082 1122 2
1083 1084 3
1083 1123 1
1084 1085 1
1084 1124 2
1085 1086 4
1085 1125 3
1086 1087 1
1086 1126 3
1087 1088 1
1087 1127 5
1088 1089 5
1088 1128 4
1089 1090 5
1089 1129 2
1090 1091 1
1090 1130 5
1091 1092 2
1091 1131 1
1092 1093 1
1092 1132 4
1093 1094 2
1093 1133 5
1094 1095 4
1094 1134 4
1095 1096 1
1095 1135 1
1096 1097 2
1096 1136 2
1097 1098 1
1097 1137 5
1098 1099 3
1098 1138 2
1099 1100 2
1099 1139 1
1100 1101 1
1100 1140 1
1101 1102 5
1101 1141 4
1102 1103 5
1102 1142 3
1103 1104 3
1103 1143 1
1104 1105 4
1104 1144 5
1105 1106 5
1105 1145 5
1106 1107 1
1106 1146 4
1107 1108 4
1107 1147 2
1108 1109 4
1108 1148 5
1109 1110 4
1109 1149 3
1110 1111 1
1110 1150 1
1111 1112 5
1111 1151 3
1112 1113 4
1112 1152 5
1113 1114 2
1113 1153 5
1114 1115 5
1114 1154 2
1115 1116 1
1115 1155 1
1116 1117 4
1116 1156 2
1117 1118 5
1117 1157 3
1118 1119 5
1118 1158 2
1119 1120 3
1119 1159 1
1120 1160 3
1121 1122 1
1121 1161 3
1122 1123 3
1122 1162 5
1123 1124 5
1123 1163 5
1124 1125 3
1124 1164 1
1125 1126 5
1125 1165 4
1126 1127 4
1126 1166 4
1127 1128 1
1127 1167 5
1128 1129 3
1128 1168 4
1129 1130 4
1129 1169 2
1130 1131 4
1130 1170 4
1131 1132 5
1131 1171 4
1132 1133 1
1132 1172 3
1133 1134 5
1133 1173 5
1134 1135 1
1134 1174 4
1135 1136 1
1135 1175 2
1136 1137 4
1136 1176 1
1137 1138 2
1137 1177 2
1138 1139 4
1138 1178 4
1139 1140 3
1139 1179 4
1140 1141 5
1140 1180 2
1141 1142 1
1141 1181 2
1142 1143 1
1142 1182 3
1143 1144 3
1143 1183 1
1144 1145 3
1144 1184 4
1145 1146 1
1145 1185 1
1146 1147 2
1146 1186 4
1147 1148 5
1147 1187 4
1148 1149 2
1148 1188 3
1149 1150 2
1149 1189 5
1150 1151 4
1150 1190 1
1151 1152 1
1151 1191 3
1152 1153 1
1152 1192 3
1153 1154 1
1153 1193 1
1154 1155 3
1154 1194 3
1155 1156 2
1155 1195 4
1156 1157 3
1156 1196 2
1157 1158 3
1157 1197 4
1158 1159 3
1158 1198 4
1159 1160 3
1159 1199 3
1160 1200 3
1161 1162 3
1161 1201 5
1162 1163 5
1162 1202 1
1163 1164 4
1163 1203 2
1164 1165 2
1164 1204 2
1165 1166 2
1165 1205 1
1166 1167 2
1166 1206 1
1167 1168 5
1167 1207 3
1168 1169 3
1168 1208 4
1169 1170 3
1169 1209 4
1170 1171 3
1170 1210 3
1171 1172 4
1171 1211 2
1172 1173 2
1172 1212 2
1173 1174 5
1173 1213 5
1174 1175 3
1174 1214 3
1175 1176 4
1175 1215 5
1176 1177 2
1176 1216 3
1177 1178 2
1177 1217 2
1178 1179 5
1178 1218 2
1179 1180 2
1179 1219 2
1180 1181 2
1180 1220 5
1181 1182 3
1181 1221 4
1182 1183 5
1182 1222 3
1183 1184 4
1183 1223 5
1184 1185 5
1184 1224 2
1185 1186 5
1185 1225 3
1186 1187 3
1186 1226 2
1187 1188 3
1187 1227 5
1188 1189 2
1188 1228 1
1189 1190 1
1189 1229 3
1190 1191 1
1190 1230 4
1191 1192 1
1191 1231 1
1192 1193 4
1192 1232 2
1193 1194 5
1193 1233 3
1194 1195 2
1194 1234 5
1195 1196 1
1195 1235 3
1196 1197 2
1196 1236 1
1197 1198 1
1197 1237 2
1198 1199 1
1198 1238 5
1199 1200 5
1199 1239 1
1200 1240 5
1201 1202 1
1201 1241 3
1202 1203 2
1202 1242 2
1203 1204 2
1203 1243 3
1204 1205 2
1204 1244 5
1205 1206 2
1205 1245 4
1206 1207 2
1206 1246 3
1207 1208 5
1207 1247 1
1208 1209 5
1208 1248 1
1209 1210 3
1209 1249 4
1210 1211 5
1210 1250 3
1211 1212 3
1211 1251 5
1212 1213 4
1212 1252 1
1213 1214 1
1213 1253 2
1214 1215 3
1214 1254 2
1215 1216 1
1215 1255 4
1216 1217 3
1216 1256 4
1217 1218 5
1217 1257 3
1218 1219 1
1218 1258 2
1219 1220 4
1219 1259 3
1220 1221 5
1220 1260 2
1221 1222 2
1221 1261 1
1222 1223 4
1222 1262 1
1223 1224 3
1223 1263 2
1224 1225 2
1224 1264 3
1225 1226 1
1225 1265 4
1226 1227 2
1226 1266 1
1227 1228 2
1227 1267 5
1228 1229 5
1228 1268 5
1229 1230 4
1229 1269 5
1230 1231 1
1230 1270 3
1231 1232 1
1231 1271 4
1232 1233 3
1232 1272 3
1233 1234 2
1233 1273 1
1234 1235 4
1234 1274 4
1235 1236 3
1235 1275 5
1236 1237 2
1236 1276 4
1237 1238 1
1237 1277 2
1238 1239 3
1238 1278 3
1239 1240 4
1239 1279 4
1240 1280 2
1241 1242 5
1241 1281 1
1242 1243 4
1242 1282 3
1243 1244 4
1243 1283 2
1244 1245 3
1244 1284 2
1245 1246 2
1245 1285 1
1246 1247 4
1246 1286 1
1247 1248 3
1247 1287 4
1248 1249 2
1248 1288 2
1249 1250 5
1249 1289 1
1250 1251 1
1250 1290 5
1251 1252 1
1251 1291 4
1252 1253 1
1252 1292 5
1253 1254 1
1253 1293 5
1254 1255 4
1254 1294 2
1255 1256 1
1255 1295 2
1256 1257 5
1256 1296 3
1257 1258 2
1257 1297 3
1258 1259 5
1258 1298 3
1259 1260 1
1259 1299 1
1260 1261 3
1260 1300 2
1261 1262 1
1261 1301 5
1262 1263 5
1262 1302 5
1263 1264 3
1263 1303 2
1264 1265 3
1264 1304 3
1265 1266 1
1265 1305 1
1266 1267 2
1266 1306 5
1267 1268 3
1267 1307 5
1268 1269 5
1268 1308 4
1269 1270 5
1269 1309 5
1270 1271 4
1270 1310 5
1271 1272 3
1271 1311 3
1272 1273 3
1272 1312 3
1273 1274 3
1273 1313 3
1274 1275 3
1274 1314 4
1275 1276 3
1275 1315 5
1276 1277 2
1276 1316 2
1277 1278 3
1277 1317 4
1278 1279 2
1278 1318 5
1279 1280 5
1279 1319 5
1280 1320 5
1281 1282 1
1281 1321 1
1282 1283 5
1282 1322 4
1283 1284 4
1283 1323 5
1284 1285 5
1284 1324 2
1285 1286 2
1285 1325 2
1286 1287 2
1286 1326 5
1287 1288 4
1287 1327 1
1288 1289 4
1288 1328 4
1289 1290 4
1289 1329 4
1290 1291 2
1290 1330 3
1291 1292 1
1291 1331 2
1292 1293 4
1292 1332 2
1293 1294 3
1293 1333 1
1294 1295 5
1294 1334 5
1295 1296 1
1295 1335 1
1296 1297 3
1296 1336 2
1297 1298 2
1297 1337 2
1298 1299 1
1298 1338 4
1299 1300 3
1299 1339 1
1300 1301 3
1300 1340 5
1301 1302 2
1301 1341 1
1302 1303 5
1302 1342 3
1303 1304 1
1303 1343 1
1304 1305 5
1304 1344 3
1305 1306 1
1305 1345 3
1306 1307 2
1306 1346 3
1307 1308 1
1307 1347 4
1308 1309 1
1308 1348 4
1309 1310 4
1309 1349 5
1310 1311 2
1310 1350 1
1311 1312 3
1311 1351 2
1312 1313 5
1312 1352 5
1313 1314 2
1313 1353 5
1314 1315 4
1314 1354 3
1315 1316 1
1315 1355 3
1316 1317 5
1316 1356 1
1317 1318 4
1317 1357 3
1318 1319 1
1318 1358 1
1319 1320 3
1319 1359 5
1320 1360 4
1321 1322 2
1321 1361 1
1322 1323 3
1322 1362 5
1323 1324 4
1323 1363 2
1324 1325 2
1324 1364 4
1325 1326 5
1325 1365 1
1326 1327 5
1326 1366 5
1327 1328 1
1327 1367 1
1328 1329 4
1328 1368 5
1329 1330 4
1329 1369 3
1330 1331 3
1330 1370 4
1331 1332 4
1331 1371 2
1332 1333 3
1332 1372 5
1333 1334 2
1333 1373 3
1334 1335 1
1334 1374 3
1335 1336 5
1335 1375 3
1336 1337 2
1336 1376 2
1337 1338 3
1337 1377 3
1338 1339 4
1338 1378 4
1339 1340 2
1339 1379 3
1340 1341 4
1340 1380 1
1341 1342 4
1341 1381 3
1342 1343 5
1342 1382 1
1343 1344 4
1343 1383 1
1344 1345 2
1344 1384 1
1345 1346 5
1345 1385 3
1346 1347 4
1346 1386 1
1347 1348 5
1347 1387 4
1348 1349 2
1348 1388 4
1349 1350 1
1349 1389 3
1350 1351 2
1350 1390 5
1351 1352 2
1351 1391 5
1352 1353 1
1352 1392 3
1353 1354 3
1353 1393 3
1354 1355 4
1354 1394 1
1355 1356 3
1355 1395 1
1356 1357 1
1356 1396 2
1357 1358 1
1357 1397 2
1358 1359 3
1358 1398 1
1359 1360 1
1359 1399 4
1360 1400 2
1361 1362 2
1361 1401 5
1362 1363 2
1362 1402 5
1363 1364 2
1363 1403 5
1364 1365 5
1364 1404 1
1365 1366 5
1365 1405 4
1366 1367 1
1366 1406 1
1367 1368 4
1367 1407 4
1368 1369 2
1368 1408 4
1369 1370 4
1369 1409 4
1370 1371 1
1370 1410 1
1371 1372 2
1371 1411 4
1372 1373 1
1372 1412 5
1373 1374 1
1373 1413 1
1374 1375 2
1374 1414 5
1375 1376 3
1375 1415 1
1376 1377 5
1376 1416 3
1377 1378 1
1377 1417 4
1378 1379 4
1378 1418 2
1379 1380 5
1379 1419 2
1380 1381 1
1380 1420 5
1381 1382 4
1381 1421 4
1382 1383 4
1382 1422 3
1383 1384 4
1383 1423 5
1384 1385 3
1384 1424 5
1385 1386 4
1385 1425 2
1386 1387 2
1386 1426 1
1387 1388 5
1387 1427 4
1388 1389 5
1388 1428 2
1389 1390 1
1389 1429 1
1390 1391 1
1390 1430 3
1391 1392 3
1391 1431 1
1392 1393 4
1392 1432 4
1393 1394 5
1393 1433 4
1394 1395 4
1394 1434 4
1395 1396 5
1395 1435 5
1396 1397 1
1396 1436 1
1397 1398 1
1397 1437 1
1398 1399 3
1398 1438 4
1399 1400 2
1399 1439 1
1400 1440 4
1401 1402 1
1401 1441 2
1402 1403 1
1402 1442 5
1403 1404 3
1403 1443 4
1404 1405 3
1404 1444 3
1405 1406 2
1405 1445 1
1406 1407 3
1406 1446 2
1407 1408 5
1407 1447 3
1408 1409 4
1408 1448 2
1409 1410 1
1409 1449 2
1410 1411 1
1410 1450 4
1411 1412 3
1411 1451 1
1412 1413 1
1412 1452 5
1413 1414 5
1413 1453 3
1414 1415 1
1414 1454 3
1415 1416 5
1415 1455 4
1416 1417 3
1416 1456 3
1417 1418 5
1417 1457 3
1418 1419 2
1418 1458 1
1419 1420 1
1419 1459 3
1420 1421 1
1420 1460 4
1421 1422 3
1421 1461 4
1422 1423 2
1422 1462 1
1423 1424 3
1423 1463 3
1424 1425 5
1424 1464 5
1425 1426 3
1425 1465 2
1426 1427 4
1426 1466 4
1427 1428 1
1427 1467 3
1428 1429 2
1428 1468 2
1429 1430 5
1429 1469 4
1430 1431 2
1430 1470 2
1431 1432 4
1431 1471 4
1432 1433 3
1432 1472 5
1433 1434 4
1433 1473 1
1434 1435 4
1434 1474 1
1435 1436 2
1435 1475 2
1436 1437 1
1436 1476 3
1437 1438 4
1437 1477 5
1438 1439 4
1438 1478 1
1439 1440 5
1439 1479 3
1440 1480 5
1441 1442 4
1441 1481 3
1442 1443 3
1442 1482 4
1443 1444 4
1443 1483 1
1444 1445 4
1444 1484 2
1445 1446 3
1445 1485 1
1446 1447 2
1446 1486 5
1447 1448 1
1447 1487 4
1448 1449 1
1448 1488 4
1449 1450 5
1449 1489 3
1450 1451 4
1450 1490 4
1451 1452 2
1451 1491 5
1452 1453 4
1452 1492 5
1453 1454 4
1453 1493 5
1454 1455 3
1454 1494 2
1455 1456 5
1455 1495 2
1456 1457 4
1456 1496 1
1457 1458 1
1457 1497 1
1458 1459 2
1458 1498 2
1459 1460 5
1459 1499 2
1460 1461 5
1460 1500 5
1461 1462 3
1461 1501 4
1462 1463 3
1462 1502 5
1463 1464 3
1463 1503 2
1464 1465 5
1464 1504 4
1465 1466 2
1465 1505 2
1466 1467 5
1466 1506 3
1467 1468 4
1467 1507 1
1468 1469 2
1468 1508 5
1469 1470 1
1469 1509 2
1470 1471 4
1470 1510 1
1471 1472 3
1471 1511 5
1472 1473 3
1472 1512 2
1473 1474 2
1473 1513 2
1474 1475 5
1474 1514 3
1475 1476 5
1475 1515 3
1476 1477 3
1476 1516 2
1477 1478 2
1477 1517 3
1478 1479 4
1478 1518 1
1479 1480 4
1479 1519 1
1480 1520 2
1481 1482 2
1481 1521 2
1482 1483 3
1482 1522 2
1483 1484 3
1483 1523 4
1484 1485 1
1484 1524 1
1485 1486 5
1485 1525 4
1486 1487 5
1486 1526 3
1487 1488 3
1487 1527 1
1488 1489 1
1488 1528 5
1489 1490 4
1489 1529 1
1490 1491 4
1490 1530 1
1491 1492 1
1491 1531 5
1492 1493 1
1492 1532 1
1493 1494 5
1493 1533 3
1494 1495 2
1494 1534 2
1495 1496 1
1495 1535 1
1496 1497 4
1496 1536 2
1497 1498 3
1497 1537 5
1498 1499 3
1498 1538 3
1499 1500 5
1499 1539 2
1500 1501 3
1500 1540 3
1501 1502 1
1501 1541 3
1502 1503 4
1502 1542 3
1503 1504 1
1503 1543 2
1504 1505 3
1504 1544 2
1505 1506 4
1505 1545 4
1506 1507 5
1506 1546 5
1507 1508 1
1507 1547 1
1508 1509 2
1508 1548 2
1509 1510 2
1509 1549 5
1510 1511 4
1510 1550 5
1511 1512 5
1511 1551 4
1512 1513 1
1512 1552 2
1513 1514 2
1513 1553 3
1514 1515 4
1514 1554 3
1515 1516 5
1515 1555 3
1516 1517 1
1516 1556 5
1517 1518 4
1517 1557 3
1518 1519 3
1518 1558 4
1519 1520 5
1519 1559 2
1520 1560 2
1521 1522 3
1521 1561 4
1522 1523 3
1522 1562 2
1523 1524 3
1523 1563 5
1524 1525 3
1524 1564 4
1525 1526 3
1525 1565 3
1526 1527 5
1526 1566 2
1527 1528 1
1527 1567 1
1528 1529 3
1528 1568 4
1529 1530 4
1529 1569 3
1530 1531 3
1530 1570 4
1531 1532 3
1531 1571 1
1532 1533 5
1532 1572 5
1533 1534 5
1533 1573 2
1534 1535 2
1534 1574 5
1535 1536 1
1535 1575 3
1536 1537 4
1536 1576 5
1537 1538 4
1537 1577 3
1538 1539 3
1538 1578 2
1539 1540 2
1539 1579 1
1540 1541 5
1540 1580 1
1541 1542 3
1541 1581 2
1542 1543 2
1542 1582 5
1543 1544 2
1543 1583 4
1544 1545 2
1544 1584 3
1545 1546 1
1545 1585 5
1546 1547 4
1546 1586 5
1547 1548 2
1547 1587 4
1548 1549 1
1548 1588 5
1549 1550 2
1549 1589 1
1550 1551 2
1550 1590 5
1551 1552 2
1551 1591 2
1552 1553 1
1552 1592 1
1553 1554 1
1553 1593 3
1554 1555 5
1554 1594 4
1555 1556 5
1555 1595 3
1556 1557 1
1556 1596 5
1557 1558 4
1557 1597 1
1558 1559 5
1558 1598 4
1559 1560 5
1559 1599 1
1560 1600 1
1561 1562 4
1562 1563 3
1563 1564 4
1564 1565 5
1565 1566 2
1566 1567 2
1567 1568 5
1568 1569 4
1569 1570 4
1570 1571 1
1571 1572 5
1572 1573 1
1573 1574 2
1574 1575 3
1575 1576 2
1576 1577 4
1577 1578 3
1578 1579 4
1579 1580 5
1580 1581 1
1581 1582 1
1582 1583 1
1583 1584 1
1584 1585 5
1585 1586 4
1586 1587 4
1587 1588 1
1588 1589 4
1589 1590 5
1590 1591 3
1591 1592 1
1592 1593 5
1593 1594 5
1594 1595 5
1595 1596 1
1596 1597 5
1597 1598 2
1598 1599 1
1599 1600 1
1 1561 2
2 1562 2
3 1563 1
4 1564 4
5 1565 3
6 1566 4
7 1567 4
8 1568 4
9 1569 2
10 1570 1
11 1571 4
12 1572 2
13 1573 5
14 1574 4
15 1575 1
16 1576 2
17 1577 2
18 1578 2
19 1579 4
20 1580 1
21 1581 5
22 1582 3
23 1583 4
24 1584 4
25 1585 1
26 1586 3
27 1587 4
28 1588 4
29 1589 4
30 1590 3
31 1591 3
32 1592 3
33 1593 4
34 1594 3
35 1595 1
36 1596 5
37 1597 4
38 1598 5
39 1599 3
40 1600 3
1 40 4
41 80 2
81 120 3
121 160 1
161 200 5
201 240 5
241 280 3
281 320 2
321 360 1
361 400 5
401 440 3
441 480 5
481 520 4
521 560 1
561 600 1
601 640 1
641 680 4
681 720 1
721 760 3
761 800 3
801 840 4
841 880 4
881 920 5
921 960 1
961 1000 2
1001 1040 1
1041 1080 2
1081 1120 1
1121 1160 4
1161 1200 2
1201 1240 3
1241 1280 3
1281 1320 4
1321 1360 2
1361 1400 5
1401 1440 5
1441 1480 3
1481 1520 4
1521 1560 4
1561 1600 2
