784 1568
1 2 3
1 29 2
2 3 3
2 30 2
3 4 1
3 31 4
4 5 4
4 32 5
5 6 1
5 33 4
6 7 2
6 34 5
7 8 1
7 35 2
8 9 1
8 36 3
9 10 2
9 37 3
10 11 2
10 38 5
11 12 3
11 39 2
12 13 4
12 40 5
13 14 3
13 41 5
14 15 3
14 42 2
15 16 5
15 43 5
16 17 4
16 44 3
17 18 5
17 45 3
18 19 4
18 46 4
19 20 2
19 47 2
20 21 2
20 48 2
21 22 1
21 49 4
22 23 3
22 50 4
23 24 4
23 51 1
24 25 5
24 52 1
25 26 2
25 53 4
26 27 5
26 54 5
27 28 2
27 55 1
28 56 1
29 30 5
29 57 2
30 31 5
30 58 4
31 32 3
31 59 4
32 33 1
32 60 4
33 34 3
33 61 4
34 35 2
34 62 1
35 36 1
35 63 4
36 37 3
36 64 1
37 38 5
37 65 5
38 39 5
38 66 2
39 40 5
39 67 4
40 41 5
40 68 2
41 42 4
41 69 1
42 43 5
42 70 2
43 44 3
43 71 5
44 45 3
44 72 4
45 46 3
45 73 4
46 47 3
46 74 4
47 48 3
47 75 5
48 49 2
48 76 2
49 50 2
49 77 2
50 51 5
50 78 5
51 52 1
51 79 1
52 53 2
52 80 4
53 54 1
53 81 3
54 55 1
54 82 3
55 56 5
55 83 5
56 84 5
57 58 2
57 85 2
58 59 1
58 86 3
59 60 3
59 87 1
60 61 2
60 88 3
61 62 1
61 89 1
62 63 4
62 90 4
63 64 3
63 91 3
64 65 1
64 92 5
65 66 4
65 93 2
66 67 1
66 94 4
67 68 4
67 95 3
68 69 3
68 96 2
69 70 2
69 97 3
70 71 2
70 98 3
71 72 1
71 99 4
72 73 3
72 100 3
73 74 4
73 101 2
74 75 3
74 102 3
75 76 2
75 103 5
76 77 3
76 104 5
77 78 2
77 105 2
78 79 2
78 106 4
79 80 1
79 107 5
80 81 2
80 108 3
81 82 4
81 109 1
82 83 4
82 110 1
83 84 2
83 111 4
84 112 5
85 86 2
85 113 5
86 87 4
86 114 4
87 88 2
87 115 1
88 89 1
88 116 1
89 90 3
89 117 1
90 91 1
90 118 3
91 92 5
91 119 1
92 93 1
92 120 3
93 94 1
93 121 5
94 95 2
94 122 3
95 96 1
95 123 1
96 97 1
96 124 4
97 98 5
97 125 3
98 99 5
98 126 5
99 100 2
99 127 4
100 101 5
100 128 5
101 102 1
101 129 5
102 103 5
102 130 1
103 104 1
103 131 3
104 105 2
104 132 5
105 106 2
105 133 3
106 107 2
106 134 2
107 108 3
107 135 5
108 109 2
108 136 2
109 110 3
109 137 5
110 111 4
110 138 3
111 112 2
111 139 1
112 140 3
113 114 2
113 141 1
114 115 3
114 142 4
115 116 4
115 143 2
116 117 3
116 144 5
117 118 5
117 145 5
118 119 5
118 146 5
119 120 1
119 147 2
120 121 4
120 148 4
121 122 4
121 149 4
122 123 5
122 150 4
123 124 2
123 151 5
124 125 3
124 152 5
125 126 2
125 153 1
126 127 1
126 154 5
127 128 1
127 155 1
128 129 3
128 156 2
129 130 4
129 157 3
130 131 4
130 158 4
131 132 3
131 159 3
132 133 4
132 160 1
133 134 5
133 161 5
134 135 3
134 162 4
135 136 1
135 163 3
136 137 5
136 164 3
137 138 1
137 165 5
138 139 1
138 166 3
139 140 2
139 167 2
140 168 5
141 142 5
141 169 3
142 143 1
142 170 2
143 144 5
143 171 3
144 145 1
144 172 1
145 146 2
145 173 4
146 147 2
146 174 1
147 148 1
147 175 1
148 149 4
148 176 1
149 150 3
149 177 2
150 151 5
150 178 4
151 152 4
151 179 3
152 153 2
152 180 1
153 154 2
153 181 5
154 155 3
154 182 5
155 156 5
155 183 2
156 157 2
156 184 2
157 158 4
157 185 5
158 159 4
158 186 2
159 160 1
159 187 1
160 161 4
160 188 1
161 162 5
161 189 3
162 163 1
162 190 1
163 164 1
163 191 3
164 165 2
164 192 3
165 166 4
165 193 3
166 167 3
166 194 4
167 168 1
167 195 1
168 196 1
169 170 5
169 197 2
170 171 1
170 198 2
171 172 1
171 199 5
172 173 1
172 200 2
173 174 4
173 201 4
174 175 4
174 202 1
175 176 2
175 203 3
176 177 1
176 204 1
177 178 3
177 205 1
178 179 5
178 206 4
179 180 2
179 207 3
180 181 4
180 208 3
181 182 5
181 209 2
182 183 1
182 210 5
183 184 1
183 211 5
184 185 4
184 212 3
185 186 1
185 213 4
186 187 1
186 214 2
187 188 3
187 215 1
188 189 5
188 216 3
189 190 5
189 217 2
190 191 3
190 218 4
191 192 2
191 219 5
192 193 1
192 220 1
193 194 5
193 221 1
194 195 1
194 222 3
195 196 1
195 223 2
196 224 1
197 198 1
197 225 5
198 199 2
198 226 2
199 200 4
199 227 3
200 201 4
200 228 1
201 202 4
201 229 4
202 203 3
202 230 1
203 204 1
203 231 4
204 205 5
204 232 5
205 206 5
205 233 1
206 207 2
206 234 2
207 208 2
207 235 3
208 209 5
208 236 1
209 210 4
209 237 3
210 211 5
210 238 3
211 212 2
211 239 3
212 213 5
212 240 2
213 214 2
213 241 3
214 215 1
214 242 3
215 216 4
215 243 3
216 217 5
216 244 1
217 218 2
217 245 1
218 219 5
218 246 4
219 220 1
219 247 4
220 221 4
220 248 4
221 222 2
221 249 4
222 223 1
222 250 4
223 224 3
223 251 5
224 252 5
225 226 4
225 253 2
226 227 3
226 254 4
227 228 1
227 255 4
228 229 3
228 256 1
229 230 3
229 257 2
230 231 4
230 258 4
231 232 1
231 259 3
232 233 2
232 260 5
233 234 5
233 261 4
234 235 3
234 262 2
235 236 4
235 263 5
236 237 2
236 264 3
237 238 2
237 265 3
238 239 2
238 266 5
239 240 1
239 267 3
240 241 5
240 268 5
241 242 4
241 269 1
242 243 4
242 270 5
243 244 3
243 271 1
244 245 5
244 272 4
245 246 4
245 273 4
246 247 2
246 274 1
247 248 3
247 275 1
248 249 5
248 276 5
249 250 2
249 277 1
250 251 1
250 278 5
251 252 5
251 279 5
252 280 1
253 254 1
253 281 2
254 255 3
254 282 1
255 256 4
255 283 1
256 257 3
256 284 2
257 258 4
257 285 5
258 259 1
258 286 3
259 260 1
259 287 3
260 261 2
260 288 5
261 262 5
261 289 2
262 263 3
262 290 5
263 264 1
263 291 3
264 265 3
264 292 4
265 266 1
265 293 3
266 267 2
266 294 5
267 268 4
267 295 1
268 269 2
268 296 2
269 270 5
269 297 5
270 271 5
270 298 3
271 272 3
271 299 3
272 273 1
272 300 2
273 274 5
273 301 3
274 275 5
274 302 1
275 276 3
275 303 1
276 277 3
276 304 3
277 278 3
277 305 1
278 279 3
278 306 3
279 280 3
279 307 1
280 308 1
281 282 5
281 309 2
282 283 1
282 310 3
283 284 3
283 311 1
284 285 3
284 312 1
285 286 1
285 313 1
286 287 5
286 314 2
287 288 3
287 315 2
288 289 2
288 316 3
289 290 5
289 317 1
290 291 1
290 318 1
291 292 5
291 319 1
292 293 3
292 320 4
293 294 3
293 321 5
294 295 1
294 322 2
295 296 2
295 323 3
296 297 1
296 324 4
297 298 2
297 325 2
298 299 3
298 326 4
299 300 1
299 327 5
300 301 1
300 328 5
301 302 5
301 329 1
302 303 5
302 330 1
303 304 1
303 331 2
304 305 4
304 332 1
305 306 1
305 333 1
306 307 2
306 334 5
307 308 4
307 335 5
308 336 4
309 310 2
309 337 2
310 311 4
310 338 1
311 312 4
311 339 2
312 313 3
312 340 1
313 314 1
313 341 5
314 315 4
314 342 2
315 316 2
315 343 4
316 317 2
316 344 4
317 318 5
317 345 3
318 319 5
318 346 3
319 320 2
319 347 2
320 321 4
320 348 2
321 322 3
321 349 1
322 323 1
322 350 2
323 324 4
323 351 5
324 325 3
324 352 2
325 326 5
325 353 1
326 327 4
326 354 1
327 328 3
327 355 3
328 329 4
328 356 3
329 330 1
329 357 5
330 331 2
330 358 2
331 332 2
331 359 2
332 333 5
332 360 3
333 334 1
333 361 2
334 335 4
334 362 2
335 336 5
335 363 2
336 364 5
337 338 1
337 365 5
338 339 1
338 366 1
339 340 3
339 367 4
340 341 3
340 368 4
341 342 1
341 369 4
342 343 3
342 370 5
343 344 3
343 371 5
344 345 4
344 372 1
345 346 2
345 373 4
346 347 4
346 374 1
347 348 1
347 375 5
348 349 3
348 376 3
349 350 4
349 377 2
350 351 4
350 378 3
351 352 3
351 379 2
352 353 2
352 380 4
353 354 4
353 381 5
354 355 3
354 382 3
355 356 5
355 383 2
356 357 5
356 384 3
357 358 5
357 385 5
358 359 1
358 386 4
359 360 3
359 387 4
360 361 1
360 388 4
361 362 2
361 389 4
362 363 5
362 390 2
363 364 1
363 391 4
364 392 5
365 366 2
365 393 4
366 367 2
366 394 4
367 368 2
367 395 5
368 369 1
368 396 3
369 370 5
369 397 2
370 371 2
370 398 3
371 372 3
371 399 1
372 373 2
372 400 5
373 374 4
373 401 2
374 375 1
374 402 4
375 376 3
375 403 1
376 377 1
376 404 3
377 378 5
377 405 5
378 379 4
378 406 1
379 380 2
379 407 2
380 381 3
380 408 5
381 382 5
381 409 2
382 383 4
382 410 5
383 384 4
383 411 3
384 385 5
384 412 5
385 386 4
385 413 2
386 387 3
386 414 2
387 388 2
387 415 5
388 389 4
388 416 3
389 390 3
389 417 1
390 391 5
390 418 5
391 392 5
391 419 1
392 420 5
393 394 1
393 421 3
394 395 3
394 422 1
395 396 2
395 423 2
396 397 2
396 424 4
397 398 5
397 425 5
398 399 5
398 426 3
399 400 5
399 427 5
400 401 2
400 428 5
401 402 3
401 429 5
402 403 3
402 430 2
403 404 1
403 431 1
404 405 2
404 432 4
405 406 4
405 433 1
406 407 3
406 434 1
407 408 1
407 435 4
408 409 3
408 436 5
409 410 1
409 437 1
410 411 1
410 438 1
411 412 4
411 439 3
412 413 1
412 440 3
413 414 1
413 441 4
414 415 1
414 442 3
415 416 3
415 443 2
416 417 4
416 444 3
417 418 1
417 445 1
418 419 3
418 446 1
419 420 2
419 447 3
420 448 4
421 422 4
421 449 3
422 423 5
422 450 4
423 424 2
423 451 2
424 425 1
424 452 1
425 426 5
425 453 5
426 427 2
426 454 1
427 428 1
427 455 3
428 429 3
428 456 3
429 430 3
429 457 4
430 431 3
430 458 5
431 432 4
431 459 5
432 433 1
432 460 3
433 434 2
433 461 2
434 435 2
434 462 4
435 436 5
435 463 2
436 437 5
436 464 3
437 438 1
437 465 1
438 439 2
438 466 2
439 440 2
439 467 4
440 441 4
440 468 4
441 442 5
441 469 2
442 443 3
442 470 4
443 444 2
443 471 1
444 445 5
444 472 1
445 446 3
445 473 2
446 447 1
446 474 2
447 448 5
447 475 2
448 476 2
449 450 1
449 477 5
450 451 1
450 478 2
451 452 2
451 479 1
452 453 1
452 480 2
453 454 5
453 481 4
454 455 5
454 482 4
455 456 5
455 483 3
456 457 5
456 484 2
457 458 2
457 485 4
458 459 3
458 486 2
459 460 3
459 487 2
460 461 4
460 488 2
461 462 4
461 489 2
462 463 2
462 490 5
463 464 5
463 491 3
464 465 4
464 492 5
465 466 3
465 493 4
466 467 4
466 494 4
467 468 3
467 495 3
468 469 1
468 496 4
469 470 3
469 497 3
470 471 1
470 498 4
471 472 4
471 499 4
472 473 2
472 500 5
473 474 1
473 501 1
474 475 1
474 502 5
475 476 5
475 503 5
476 504 4
477 478 5
477 505 2
478 479 5
478 506 3
479 480 4
479 507 1
480 481 4
480 508 4
481 482 3
481 509 4
482 483 5
482 510 2
483 484 5
483 511 2
484 485 3
484 512 2
485 486 4
485 513 3
486 487 2
486 514 1
487 488 4
487 515 2
488 489 2
488 516 2
489 490 1
489 517 4
490 491 5
490 518 3
491 492 2
491 519 3
492 493 1
492 520 4
493 494 5
493 521 2
494 495 2
494 522 4
495 496 3
495 523 1
496 497 3
496 524 5
497 498 1
497 525 3
498 499 3
498 526 4
499 500 3
499 527 2
500 501 3
500 528 1
501 502 4
501 529 4
502 503 4
502 530 2
503 504 4
503 531 4
504 532 4
505 506 1
505 533 1
506 507 1
506 534 2
507 508 2
507 535 5
508 509 2
508 536 5
509 510 2
509 537 3
510 511 5
510 538 4
511 512 4
511 539 1
512 513 4
512 540 1
513 514 5
513 541 4
514 515 5
514 542 5
515 516 1
515 543 2
516 517 2
516 544 2
517 518 2
517 545 2
518 519 3
518 546 5
519 520 3
519 547 5
520 521 2
520 548 1
521 522 1
521 549 3
522 523 3
522 550 5
523 524 5
523 551 1
524 525 5
524 552 4
525 526 4
525 553 3
526 527 4
526 554 2
527 528 1
527 555 2
528 529 3
528 556 1
529 530 5
529 557 5
530 531 2
530 558 4
531 532 1
531 559 1
532 560 5
533 534 1
533 561 4
534 535 3
534 562 3
535 536 2
535 563 4
536 537 3
536 564 5
537 538 4
537 565 1
538 539 5
538 566 2
539 540 4
539 567 4
540 541 3
540 568 2
541 542 2
541 569 2
542 543 3
542 570 5
543 544 4
543 571 5
544 545 3
544 572 1
545 546 5
545 573 1
546 547 2
546 574 1
547 548 2
547 575 4
548 549 3
548 576 5
549 550 2
549 577 2
550 551 2
550 578 5
551 552 3
551 579 4
552 553 3
552 580 2
553 554 5
553 581 1
554 555 1
554 582 5
555 556 2
555 583 3
556 557 4
556 584 3
557 558 2
557 585 1
558 559 2
558 586 5
559 560 3
559 587 4
560 588 3
561 562 4
561 589 2
562 563 2
562 590 4
563 564 3
563 591 3
564 565 5
564 592 2
565 566 3
565 593 2
566 567 2
566 594 1
567 568 5
567 595 4
568 569 5
568 596 1
569 570 4
569 597 4
570 571 2
570 598 3
571 572 2
571 599 1
572 573 1
572 600 5
573 574 2
573 601 1
574 575 3
574 602 5
575 576 5
575 603 3
576 577 2
576 604 1
577 578 1
577 605 3
578 579 5
578 606 3
579 580 3
579 607 3
580 581 1
580 608 4
581 582 1
581 609 1
582 583 1
582 610 2
583 584 4
583 611 5
584 585 2
584 612 2
585 586 5
585 613 5
586 587 4
586 614 5
587 588 4
587 615 2
588 616 3
589 590 2
589 617 2
590 591 5
590 618 2
591 592 5
591 619 2
592 593 4
592 620 1
593 594 5
593 621 2
594 595 1
594 622 3
595 596 4
595 623 5
596 597 4
596 624 5
597 598 5
597 625 1
598 599 4
598 626 4
599 600 1
599 627 1
600 601 3
600 628 5
601 602 5
601 629 4
602 603 2
602 630 1
603 604 1
603 631 4
604 605 1
604 632 3
605 606 1
605 633 1
606 607 2
606 634 4
607 608 2
607 635 3
608 609 1
608 636 2
609 610 3
609 637 5
610 611 2
610 638 3
611 612 3
611 639 4
612 613 4
612 640 4
613 614 4
613 641 2
614 615 1
614 642 3
615 616 4
615 643 3
616 644 4
617 618 2
617 645 3
618 619 4
618 646 3
619 620 5
619 647 3
620 621 3
620 648 1
621 622 5
621 649 3
622 623 3
622 650 4
623 624 2
623 651 4
624 625 1
624 652 5
625 626 5
625 653 2
626 627 5
626 654 2
627 628 5
627 655 5
628 629 2
628 656 5
629 630 4
629 657 4
630 631 4
630 658 2
631 632 5
631 659 2
632 633 4
632 660 3
633 634 5
633 661 4
634 635 5
634 662 5
635 636 3
635 663 2
636 637 5
636 664 4
637 638 5
637 665 2
638 639 5
638 666 5
639 640 4
639 667 3
640 641 3
640 668 2
641 642 1
641 669 5
642 643 3
642 670 2
643 644 1
643 671 3
644 672 5
645 646 5
645 673 5
646 647 4
646 674 5
647 648 5
647 675 3
648 649 4
648 676 2
649 650 3
649 677 4
650 651 4
650 678 3
651 652 2
651 679 5
652 653 1
652 680 3
653 654 2
653 681 4
654 655 4
654 682 2
655 656 4
655 683 5
656 657 2
656 684 2
657 658 2
657 685 5
658 659 4
658 686 1
659 660 2
659 687 3
660 661 1
660 688 3
661 662 3
661 689 1
662 663 5
662 690 1
663 664 4
663 691 2
664 665 2
664 692 1
665 666 1
665 693 5
666 667 2
666 694 3
667 668 3
667 695 4
668 669 1
668 696 2
669 670 1
669 697 5
670 671 2
670 698 5
671 672 2
671 699 5
672 700 5
673 674 2
673 701 1
674 675 2
674 702 4
675 676 4
675 703 2
676 677 5
676 704 2
677 678 1
677 705 4
678 679 2
678 706 4
679 680 1
679 707 3
680 681 2
680 708 5
681 682 4
681 709 4
682 683 4
682 710 1
683 684 4
683 711 4
684 685 2
684 712 3
685 686 5
685 713 4
686 687 2
686 714 2
687 688 5
687 715 1
688 689 2
688 716 3
689 690 5
689 717 5
690 691 2
690 718 5
691 692 4
691 719 5
692 693 3
692 720 5
693 694 1
693 721 5
694 695 1
694 722 2
695 696 5
695 723 5
696 697 5
696 724 4
697 698 4
697 725 5
698 699 4
698 726 1
699 700 3
699 727 1
700 728 1
701 702 1
701 729 2
702 703 5
702 730 3
703 704 3
703 731 4
704 705 4
704 732 4
705 706 3
705 733 4
706 707 5
706 734 5
707 708 3
707 735 2
708 709 1
708 736 2
709 710 3
709 737 2
710 711 4
710 738 2
711 712 3
711 739 3
712 713 5
712 740 5
713 714 4
713 741 5
714 715 4
714 742 5
715 716 5
715 743 4
716 717 2
716 744 3
717 718 3
717 745 1
718 719 5
718 746 3
719 720 3
719 747 4
720 721 3
720 748 4
721 722 3
721 749 2
722 723 2
722 750 2
723 724 4
723 751 2
724 725 5
724 752 4
725 726 2
725 753 3
726 727 5
726 754 4
727 728 4
727 755 2
728 756 4
729 730 2
729 757 5
730 731 2
730 758 3
731 732 2
731 759 1
732 733 5
732 760 4
733 734 3
733 761 5
734 735 2
734 762 4
735 736 4
735 763 5
736 737 5
736 764 5
737 738 1
737 765 4
738 739 5
738 766 3
739 740 4
739 767 1
740 741 5
740 768 5
741 742 4
741 769 3
742 743 1
742 770 1
743 744 5
743 771 3
744 745 5
744 772 3
745 746 1
745 773 2
746 747 5
746 774 1
747 748 1
747 775 4
748 749 1
748 776 4
749 750 2
749 777 5
750 751 4
750 778 4
751 752 3
751 779 4
752 753 2
752 780 4
753 754 2
753 781 2
754 755 4
754 782 5
755 756 4
755 783 1
756 784 2
757 758 1
758 759 2
759 760 2
760 761 1
761 762 2
762 763 5
763 764 5
764 765 4
765 766 3
766 767 3
767 768 4
768 769 4
769 770 3
770 771 3
771 772 2
772 773 5
773 774 3
774 775 4
775 776 2
776 777 2
777 778 3
778 779 3
779 780 1
780 781 3
781 782 1
782 783 5
783 784 5
1 757 1
2 758 5
3 759 5
4 760 1
5 761 2
6 762 4
7 763 2
8 764 4
9 765 5
10 766 1
11 767 5
12 768 4
13 769 3
14 770 5
15 771 1
16 772 5
17 773 3
18 774 4
19 775 4
20 776 1
21 777 2
22 778 1
23 779 4
24 780 3
25 781 3
26 782 4
27 783 5
28 784 2
1 28 1
29 56 3
57 84 3
85 112 5
113 140 3
141 168 2
169 196 4
197 224 5
225 252 3
253 280 3
281 308 1
309 336 4
337 364 1
365 392 1
393 420 2
421 448 5
449 476 5
477 504 4
505 532 5
533 560 4
561 588 3
589 616 3
617 644 1
645 672 1
673 700 2
701 728 1
729 756 5
757 784 4
