1600 3200
1 2 4
1 41 1
2 3 3
2 42 4
3 4 3
3 43 1
4 5 5
4 44 5
5 6 3
5 45 4
6 7 4
6 46 3
7 8 2
7 47 5
8 9 1
8 48 5
9 10 4
9 49 2
10 11 2
10 50 1
11 12 3
11 51 1
12 13 1
12 52 1
13 14 1
13 53 1
14 15 4
14 54 5
15 16 4
15 55 5
16 17 5
16 56 5
17 18 4
17 57 3
18 19 4
18 58 2
19 20 5
19 59 5
20 21 4
20 60 2
21 22 4
21 61 3
22 23 2
22 62 4
23 24 1
23 63 1
24 25 1
24 64 4
25 26 5
25 65 5
26 27 1
26 66 4
27 28 3
27 67 1
28 29 4
28 68 5
29 30 4
29 69 1
30 31 5
30 70 2
31 32 2
31 71 3
32 33 3
32 72 3
33 34 3
33 73 4
34 35 1
34 74 4
35 36 5
35 75 4
36 37 3
36 76 2
37 38 5
37 77 2
38 39 2
38 78 1
39 40 2
39 79 3
40 80 3
41 42 5
41 81 3
42 43 1
42 82 3
43 44 1
43 83 5
44 45 4
44 84 1
45 46 4
45 85 4
46 47 5
46 86 4
47 48 4
47 87 4
48 49 1
48 88 3
49 50 1
49 89 3
50 51 4
50 90 2
51 52 1
51 91 1
52 53 1
52 92 4
53 54 3
53 93 2
54 55 2
54 94 1
55 56 4
55 95 4
56 57 2
56 96 4
57 58 1
57 97 3
58 59 1
58 98 2
59 60 1
59 99 3
60 61 3
60 100 1
61 62 2
61 101 3
62 63 2
62 102 1
63 64 1
63 103 5
64 65 5
64 104 4
65 66 3
65 105 4
66 67 3
66 106 1
67 68 5
67 107 4
68 69 2
68 108 5
69 70 5
69 109 4
70 71 2
70 110 5
71 72 1
71 111 4
72 73 4
72 112 1
73 74 1
73 113 3
74 75 5
74 114 1
75 76 4
75 115 2
76 77 1
76 116 2
77 78 4
77 117 5
78 79 3
78 118 5
79 80 2
79 119 3
80 120 5
81 82 1
81 121 2
82 83 3
82 122 5
83 84 4
83 123 5
84 85 1
84 124 5
85 86 5
85 125 2
86 87 2
86 126 4
87 88 5
87 127 1
88 89 3
88 128 2
89 90 3
89 129 3
90 91 2
90 130 4
91 92 3
91 131 1
92 93 4
92 132 5
93 94 5
93 133 2
94 95 1
94 134 3
95 96 1
95 135 5
96 97 2
96 136 4
97 98 4
97 137 5
98 99 4
98 138 1
99 100 4
99 139 2
100 101 4
100 140 3
101 102 4
101 141 2
102 103 3
102 142 1
103 104 1
103 143 3
104 105 2
104 144 1
105 106 5
105 145 3
106 107 3
106 146 2
107 108 1
107 147 5
108 109 1
108 148 4
109 110 4
109 149 4
110 111 5
110 150 2
111 112 4
111 151 1
112 113 3
112 152 1
113 114 3
113 153 3
114 115 4
114 154 2
115 116 4
115 155 5
116 117 1
116 156 4
117 118 1
117 157 5
118 119 4
118 158 5
119 120 2
119 159 2
120 160 3
121 122 5
121 161 5
122 123 5
122 162 1
123 124 5
123 163 2
124 125 4
124 164 2
125 126 1
125 165 3
126 127 1
126 166 1
127 128 4
127 167 5
128 129 5
128 168 3
129 130 2
129 169 4
130 131 2
130 170 3
131 132 2
131 171 5
132 133 3
132 172 1
133 134 1
133 173 5
134 135 5
134 174 4
135 136 1
135 175 5
136 137 1
136 176 2
137 138 3
137 177 2
138 139 2
138 178 1
139 140 2
139 179 5
140 141 1
140 180 2
141 142 1
141 181 4
142 143 1
142 182 1
143 144 2
143 183 1
144 145 1
144 184 1
145 146 1
145 185 2
146 147 2
146 186 5
147 148 4
147 187 1
148 149 1
148 188 3
149 150 4
149 189 5
150 151 3
150 190 1
151 152 1
151 191 3
152 153 3
152 192 4
153 154 5
153 193 2
154 155 5
154 194 4
155 156 4
155 195 1
156 157 2
156 196 1
157 158 4
157 197 5
158 159 2
158 198 2
159 160 2
159 199 3
160 200 4
161 162 4
161 201 3
162 163 4
162 202 2
163 164 4
163 203 2
164 165 5
164 204 2
165 166 3
165 205 3
166 167 2
166 206 4
167 168 5
167 207 1
168 169 1
168 208 3
169 170 1
169 209 5
170 171 4
170 210 5
171 172 1
171 211 1
172 173 2
172 212 1
173 174 1
173 213 5
174 175 3
174 214 2
175 176 2
175 215 5
176 177 2
176 216 4
177 178 4
177 217 4
178 179 1
178 218 2
179 180 3
179 219 4
180 181 3
180 220 5
181 182 1
181 221 5
182 183 5
182 222 4
183 184 1
183 223 5
184 185 3
184 224 3
185 186 2
185 225 5
186 187 2
186 226 3
187 188 3
187 227 3
188 189 1
188 228 5
189 190 4
189 229 3
190 191 3
190 230 4
191 192 2
191 231 3
192 193 2
192 232 4
193 194 5
193 233 5
194 195 4
194 234 4
195 196 1
195 235 5
196 197 1
196 236 1
197 198 5
197 237 3
198 199 4
198 238 2
199 200 4
199 239 1
200 240 5
201 202 1
201 241 3
202 203 1
202 242 1
203 204 2
203 243 2
204 205 3
204 244 3
205 206 5
205 245 2
206 207 2
206 246 1
207 208 3
207 247 2
208 209 3
208 248 4
209 210 2
209 249 1
210 211 1
210 250 5
211 212 3
211 251 2
212 213 4
212 252 4
213 214 3
213 253 5
214 215 2
214 254 3
215 216 5
215 255 1
216 217 2
216 256 4
217 218 1
217 257 1
218 219 1
218 258 1
219 220 5
219 259 1
220 221 3
220 260 3
221 222 4
221 261 1
222 223 4
222 262 2
223 224 4
223 263 4
224 225 4
224 264 4
225 226 1
225 265 3
226 227 3
226 266 4
227 228 1
227 267 1
228 229 2
228 268 2
229 230 5
229 269 4
230 231 3
230 270 4
231 232 5
231 271 1
232 233 2
232 272 1
233 234 1
233 273 3
234 235 2
234 274 3
235 236 3
235 275 1
236 237 1
236 276 1
237 238 3
237 277 5
238 239 4
238 278 1
239 240 4
239 279 4
240 280 1
241 242 3
241 281 1
242 243 5
242 282 5
243 244 4
243 283 2
244 245 3
244 284 1
245 246 1
245 285 4
246 247 2
246 286 1
247 248 1
247 287 2
248 249 4
248 288 2
249 250 4
249 289 4
250 251 1
250 290 4
251 252 5
251 291 2
252 253 1
252 292 4
253 254 3
253 293 4
254 255 4
254 294 2
255 256 1
255 295 3
256 257 3
256 296 3
257 258 5
257 297 3
258 259 3
258 298 3
259 260 2
259 299 4
260 261 4
260 300 4
261 262 1
261 301 3
262 263 5
262 302 2
263 264 1
263 303 2
264 265 5
264 304 1
265 266 3
265 305 3
266 267 2
266 306 4
267 268 1
267 307 4
268 269 4
268 308 3
269 270 3
269 309 2
270 271 4
270 310 1
271 272 5
271 311 1
272 273 5
272 312 1
273 274 2
273 313 2
274 275 4
274 314 2
275 276 5
275 315 1
276 277 2
276 316 3
277 278 3
277 317 1
278 279 1
278 318 3
279 280 3
279 319 2
280 320 3
281 282 5
281 321 2
282 283 4
282 322 1
283 284 3
283 323 3
284 285 4
284 324 3
285 286 2
285 325 4
286 287 3
286 326 1
287 288 3
287 327 1
288 289 1
288 328 2
289 290 3
289 329 1
290 291 4
290 330 2
291 292 5
291 331 2
292 293 4
292 332 2
293 294 3
293 333 5
294 295 5
294 334 2
295 296 3
295 335 1
296 297 5
296 336 4
297 298 1
297 337 3
298 299 1
298 338 5
299 300 5
299 339 3
300 301 3
300 340 2
301 302 3
301 341 4
302 303 4
302 342 1
303 304 4
303 343 5
304 305 5
304 344 2
305 306 3
305 345 5
306 307 4
306 346 1
307 308 2
307 347 1
308 309 5
308 348 1
309 310 2
309 349 3
310 311 3
310 350 3
311 312 3
311 351 1
312 313 4
312 352 1
313 314 2
313 353 2
314 315 3
314 354 3
315 316 1
315 355 2
316 317 4
316 356 1
317 318 1
317 357 1
318 319 4
318 358 1
319 320 3
319 359 1
320 360 4
321 322 3
321 361 5
322 323 4
322 362 1
323 324 2
323 363 2
324 325 1
324 364 2
325 326 4
325 365 5
326 327 2
326 366 4
327 328 1
327 367 2
328 329 2
328 368 4
329 330 4
329 369 5
330 331 1
330 370 3
331 332 5
331 371 3
332 333 1
332 372 1
333 334 5
333 373 3
334 335 2
334 374 2
335 336 1
335 375 1
336 337 1
336 376 3
337 338 1
337 377 2
338 339 4
338 378 2
339 340 5
339 379 1
340 341 1
340 380 3
341 342 2
341 381 5
342 343 1
342 382 2
343 344 5
343 383 4
344 345 5
344 384 1
345 346 1
345 385 4
346 347 5
346 386 1
347 348 1
347 387 3
348 349 4
348 388 4
349 350 3
349 389 3
350 351 2
350 390 3
351 352 5
351 391 2
352 353 1
352 392 4
353 354 1
353 393 4
354 355 1
354 394 4
355 356 5
355 395 1
356 357 3
356 396 3
357 358 5
357 397 4
358 359 5
358 398 4
359 360 2
359 399 2
360 400 4
361 362 1
361 401 4
362 363 3
362 402 1
363 364 4
363 403 1
364 365 1
364 404 5
365 366 5
365 405 1
366 367 4
366 406 1
367 368 4
367 407 2
368 369 4
368 408 2
369 370 1
369 409 2
370 371 5
370 410 2
371 372 4
371 411 5
372 373 5
372 412 1
373 374 1
373 413 3
374 375 2
374 414 2
375 376 1
375 415 3
376 377 4
376 416 1
377 378 1
377 417 1
378 379 3
378 418 1
379 380 3
379 419 1
380 381 4
380 420 4
381 382 4
381 421 2
382 383 3
382 422 3
383 384 5
383 423 4
384 385 3
384 424 4
385 386 2
385 425 3
386 387 5
386 426 4
387 388 3
387 427 3
388 389 4
388 428 3
389 390 1
389 429 5
390 391 3
390 430 5
391 392 1
391 431 5
392 393 1
392 432 5
393 394 2
393 433 4
394 395 2
394 434 2
395 396 2
395 435 5
396 397 3
396 436 2
397 398 1
397 437 3
398 399 1
398 438 1
399 400 2
399 439 4
400 440 3
401 402 5
401 441 2
402 403 5
402 442 2
403 404 2
403 443 3
404 405 5
404 444 4
405 406 2
405 445 5
406 407 2
406 446 3
407 408 2
407 447 3
408 409 4
408 448 1
409 410 3
409 449 3
410 411 1
410 450 2
411 412 5
411 451 3
412 413 2
412 452 1
413 414 2
413 453 1
414 415 1
414 454 3
415 416 4
415 455 5
416 417 3
416 456 2
417 418 3
417 457 5
418 419 1
418 458 1
419 420 2
419 459 3
420 421 4
420 460 2
421 422 5
421 461 4
422 423 2
422 462 2
423 424 1
423 463 4
424 425 4
424 464 2
425 426 2
425 465 3
426 427 4
426 466 1
427 428 5
427 467 5
428 429 2
428 468 5
429 430 1
429 469 3
430 431 4
430 470 1
431 432 4
431 471 4
432 433 5
432 472 5
433 434 2
433 473 4
434 435 4
434 474 5
435 436 2
435 475 3
436 437 1
436 476 5
437 438 5
437 477 4
438 439 3
438 478 4
439 440 4
439 479 2
440 480 4
441 442 3
441 481 3
442 443 1
442 482 1
443 444 2
443 483 4
444 445 2
444 484 5
445 446 1
445 485 1
446 447 3
446 486 5
447 448 1
447 487 2
448 449 5
448 488 3
449 450 1
449 489 4
450 451 5
450 490 5
451 452 2
451 491 4
452 453 5
452 492 4
453 454 5
453 493 5
454 455 5
454 494 3
455 456 5
455 495 4
456 457 4
456 496 4
457 458 2
457 497 3
458 459 1
458 498 4
459 460 1
459 499 1
460 461 4
460 500 3
461 462 2
461 501 4
462 463 5
462 502 4
463 464 4
463 503 4
464 465 5
464 504 5
465 466 1
465 505 1
466 467 4
466 506 4
467 468 3
467 507 1
468 469 2
468 508 1
469 470 3
469 509 4
470 471 2
470 510 1
471 472 3
471 511 2
472 473 1
472 512 1
473 474 4
473 513 3
474 475 4
474 514 1
475 476 5
475 515 4
476 477 3
476 516 5
477 478 2
477 517 5
478 479 4
478 518 1
479 480 5
479 519 2
480 520 5
481 482 1
481 521 3
482 483 1
482 522 2
483 484 3
483 523 2
484 485 4
484 524 4
485 486 5
485 525 3
486 487 5
486 526 5
487 488 1
487 527 1
488 489 1
488 528 4
489 490 2
489 529 2
490 491 5
490 530 5
491 492 2
491 531 4
492 493 5
492 532 5
493 494 5
493 533 4
494 495 5
494 534 4
495 496 2
495 535 1
496 497 5
496 536 2
497 498 3
497 537 4
498 499 3
498 538 5
499 500 4
499 539 5
500 501 3
500 540 1
501 502 1
501 541 2
502 503 5
502 542 5
503 504 1
503 543 2
504 505 3
504 544 2
505 506 2
505 545 4
506 507 5
506 546 5
507 508 5
507 547 3
508 509 1
508 548 4
509 510 1
509 549 3
510 511 2
510 550 3
511 512 3
511 551 5
512 513 1
512 552 1
513 514 5
513 553 2
514 515 3
514 554 1
515 516 1
515 555 4
516 517 2
516 556 5
517 518 3
517 557 4
518 519 1
518 558 2
519 520 2
519 559 5
520 560 1
521 522 2
521 561 1
522 523 5
522 562 5
523 524 4
523 563 5
524 525 1
524 564 4
525 526 2
525 565 1
526 527 4
526 566 2
527 528 5
527 567 5
528 529 1
528 568 1
529 530 2
529 569 2
530 531 3
530 570 3
531 532 3
531 571 5
532 533 5
532 572 5
533 534 1
533 573 1
534 535 2
534 574 2
535 536 1
535 575 1
536 537 2
536 576 1
537 538 5
537 577 4
538 539 5
538 578 4
539 540 5
539 579 5
540 541 2
540 580 2
541 542 2
541 581 2
542 543 2
542 582 5
543 544 1
543 583 3
544 545 4
544 584 5
545 546 1
545 585 3
546 547 3
546 586 3
547 548 2
547 587 2
548 549 3
548 588 2
549 550 2
549 589 1
550 551 2
550 590 1
551 552 4
551 591 3
552 553 4
552 592 4
553 554 3
553 593 5
554 555 3
554 594 3
555 556 3
555 595 5
556 557 1
556 596 4
557 558 4
557 597 1
558 559 4
558 598 2
559 560 4
559 599 2
560 600 5
561 562 5
561 601 3
562 563 1
562 602 4
563 564 2
563 603 5
564 565 2
564 604 2
565 566 3
565 605 1
566 567 1
566 606 1
567 568 1
567 607 5
568 569 1
568 608 5
569 570 4
569 609 2
570 571 3
570 610 5
571 572 1
571 611 4
572 573 2
572 612 4
573 574 3
573 613 5
574 575 3
574 614 3
575 576 2
575 615 2
576 577 2
576 616 4
577 578 5
577 617 5
578 579 1
578 618 4
579 580 2
579 619 4
580 581 2
580 620 5
581 582 1
581 621 3
582 583 4
582 622 5
583 584 4
583 623 3
584 585 2
584 624 3
585 586 5
585 625 2
586 587 2
586 626 5
587 588 2
587 627 4
588 589 2
588 628 2
589 590 2
589 629 4
590 591 3
590 630 4
591 592 3
591 631 5
592 593 2
592 632 3
593 594 5
593 633 4
594 595 1
594 634 4
595 596 5
595 635 1
596 597 1
596 636 5
597 598 4
597 637 3
598 599 5
598 638 2
599 600 5
599 639 5
600 640 5
601 602 1
601 641 2
602 603 5
602 642 3
603 604 2
603 643 3
604 605 5
604 644 2
605 606 5
605 645 5
606 607 2
606 646 5
607 608 2
607 647 3
608 609 3
608 648 3
609 610 5
609 649 2
610 611 5
610 650 4
611 612 1
611 651 1
612 613 3
612 652 3
613 614 3
613 653 3
614 615 2
614 654 5
615 616 3
615 655 3
616 617 4
616 656 3
617 618 5
617 657 1
618 619 5
618 658 1
619 620 2
619 659 4
620 621 1
620 660 3
621 622 4
621 661 1
622 623 4
622 662 2
623 624 1
623 663 1
624 625 1
624 664 4
625 626 3
625 665 4
626 627 5
626 666 3
627 628 2
627 667 5
628 629 1
628 668 5
629 630 2
629 669 3
630 631 5
630 670 5
631 632 2
631 671 5
632 633 1
632 672 4
633 634 3
633 673 5
634 635 1
634 674 1
635 636 2
635 675 1
636 637 1
636 676 5
637 638 5
637 677 4
638 639 4
638 678 1
639 640 3
639 679 3
640 680 5
641 642 1
641 681 4
642 643 4
642 682 5
643 644 4
643 683 2
644 645 2
644 684 4
645 646 4
645 685 2
646 647 1
646 686 1
647 648 1
647 687 2
648 649 5
648 688 4
649 650 4
649 689 3
650 651 4
650 690 4
651 652 4
651 691 4
652 653 2
652 692 2
653 654 1
653 693 5
654 655 3
654 694 1
655 656 2
655 695 3
656 657 2
656 696 3
657 658 4
657 697 5
658 659 3
658 698 2
659 660 3
659 699 3
660 661 4
660 700 3
661 662 3
661 701 1
662 663 5
662 702 4
663 664 5
663 703 5
664 665 5
664 704 3
665 666 1
665 705 3
666 667 3
666 706 4
667 668 4
667 707 1
668 669 1
668 708 1
669 670 5
669 709 1
670 671 2
670 710 5
671 672 4
671 711 3
672 673 1
672 712 2
673 674 4
673 713 2
674 675 5
674 714 2
675 676 1
675 715 5
676 677 3
676 716 4
677 678 2
677 717 1
678 679 3
678 718 5
679 680 3
679 719 4
680 720 2
681 682 5
681 721 3
682 683 4
682 722 1
683 684 5
683 723 5
684 685 5
684 724 2
685 686 2
685 725 4
686 687 2
686 726 1
687 688 2
687 727 1
688 689 2
688 728 2
689 690 1
689 729 5
690 691 1
690 730 5
691 692 3
691 731 4
692 693 3
692 732 5
693 694 4
693 733 2
694 695 4
694 734 5
695 696 4
695 735 2
696 697 5
696 736 1
697 698 4
697 737 3
698 699 2
698 738 4
699 700 1
699 739 2
700 701 3
700 740 3
701 702 1
701 741 3
702 703 5
702 742 3
703 704 5
703 743 1
704 705 4
704 744 5
705 706 2
705 745 3
706 707 4
706 746 1
707 708 4
707 747 4
708 709 2
708 748 2
709 710 2
709 749 4
710 711 2
710 750 3
711 712 4
711 751 3
712 713 3
712 752 5
713 714 3
713 753 5
714 715 4
714 754 5
715 716 2
715 755 2
716 717 5
716 756 3
717 718 3
717 757 3
718 719 5
718 758 2
719 720 3
719 759 4
720 760 1
721 722 3
721 761 5
722 723 3
722 762 1
723 724 4
723 763 5
724 725 1
724 764 3
725 726 2
725 765 1
726 727 4
726 766 4
727 728 3
727 767 5
728 729 2
728 768 2
729 730 1
729 769 4
730 731 2
730 770 2
731 732 2
731 771 3
732 733 3
732 772 2
733 734 4
733 773 4
734 735 3
734 774 3
735 736 1
735 775 5
736 737 2
736 776 4
737 738 5
737 777 1
738 739 5
738 778 5
739 740 4
739 779 4
740 741 3
740 780 4
741 742 3
741 781 2
742 743 2
742 782 1
743 744 2
743 783 5
744 745 4
744 784 1
745 746 2
745 785 3
746 747 3
746 786 2
747 748 2
747 787 4
748 749 1
748 788 1
749 750 2
749 789 5
750 751 2
750 790 2
751 752 5
751 791 3
752 753 4
752 792 4
753 754 3
753 793 4
754 755 2
754 794 3
755 756 5
755 795 4
756 757 1
756 796 1
757 758 1
757 797 2
758 759 1
758 798 5
759 760 3
759 799 5
760 800 1
761 762 3
761 801 5
762 763 1
762 802 4
763 764 4
763 803 1
764 765 4
764 804 4
765 766 5
765 805 2
766 767 2
766 806 5
767 768 4
767 807 1
768 769 4
768 808 5
769 770 5
769 809 5
770 771 5
770 810 1
771 772 2
771 811 3
772 773 4
772 812 5
773 774 2
773 813 1
774 775 3
774 814 4
775 776 2
775 815 1
776 777 1
776 816 1
777 778 3
777 817 5
778 779 1
778 818 5
779 780 3
779 819 2
780 781 2
780 820 5
781 782 2
781 821 1
782 783 1
782 822 2
783 784 1
783 823 2
784 785 1
784 824 1
785 786 5
785 825 4
786 787 4
786 826 3
787 788 5
787 827 5
788 789 1
788 828 5
789 790 4
789 829 3
790 791 2
790 830 3
791 792 3
791 831 5
792 793 5
792 832 1
793 794 3
793 833 3
794 795 5
794 834 2
795 796 2
795 835 3
796 797 3
796 836 3
797 798 1
797 837 3
798 799 1
798 838 1
799 800 3
799 839 1
800 840 2
801 802 3
801 841 4
802 803 1
802 842 2
803 804 3
803 843 3
804 805 3
804 844 5
805 806 4
805 845 2
806 807 4
806 846 5
807 808 1
807 847 3
808 809 2
808 848 1
809 810 5
809 849 4
810 811 3
810 850 3
811 812 4
811 851 5
812 813 4
812 852 5
813 814 2
813 853 3
814 815 2
814 854 1
815 816 2
815 855 2
816 817 4
816 856 4
817 818 4
817 857 1
818 819 5
818 858 1
819 820 4
819 859 2
820 821 5
820 860 2
821 822 4
821 861 3
822 823 1
822 862 1
823 824 2
823 863 1
824 825 2
824 864 2
825 826 5
825 865 5
826 827 5
826 866 5
827 828 5
827 867 3
828 829 2
828 868 5
829 830 4
829 869 2
830 831 5
830 870 2
831 832 2
831 871 1
832 833 4
832 872 4
833 834 2
833 873 5
834 835 1
834 874 4
835 836 2
835 875 4
836 837 5
836 876 2
837 838 5
837 877 5
838 839 4
838 878 1
839 840 2
839 879 3
840 880 3
841 842 3
841 881 5
842 843 4
842 882 5
843 844 2
843 883 5
844 845 3
844 884 4
845 846 5
845 885 2
846 847 3
846 886 5
847 848 3
847 887 5
848 849 4
848 888 2
849 850 3
849 889 2
850 851 3
850 890 2
851 852 5
851 891 3
852 853 4
852 892 4
853 854 2
853 893 3
854 855 5
854 894 1
855 856 5
855 895 5
856 857 5
856 896 1
857 858 1
857 897 1
858 859 5
858 898 4
859 860 2
859 899 5
860 861 5
860 900 5
861 862 1
861 901 2
862 863 1
862 902 1
863 864 5
863 903 5
864 865 1
864 904 5
865 866 2
865 905 4
866 867 4
866 906 5
867 868 3
867 907 3
868 869 5
868 908 1
869 870 2
869 909 2
870 871 1
870 910 5
871 872 5
871 911 3
872 873 1
872 912 5
873 874 4
873 913 1
874 875 5
874 914 3
875 876 1
875 915 3
876 877 5
876 916 5
877 878 5
877 917 5
878 879 2
878 918 3
879 880 4
879 919 5
880 920 3
881 882 4
881 921 4
882 883 1
882 922 2
883 884 2
883 923 3
884 885 4
884 924 2
885 886 1
885 925 2
886 887 4
886 926 3
887 888 1
887 927 1
888 889 4
888 928 1
889 890 5
889 929 3
890 891 4
890 930 3
891 892 1
891 931 5
892 893 3
892 932 4
893 894 2
893 933 1
894 895 2
894 934 1
895 896 2
895 935 1
896 897 1
896 936 4
897 898 1
897 937 5
898 899 3
898 938 3
899 900 3
899 939 1
900 901 2
900 940 2
901 902 3
901 941 2
902 903 2
902 942 4
903 904 4
903 943 5
904 905 5
904 944 1
905 906 2
905 945 1
906 907 3
906 946 5
907 908 1
907 947 1
908 909 2
908 948 1
909 910 4
909 949 3
910 911 5
910 950 3
911 912 1
911 951 4
912 913 2
912 952 5
913 914 2
913 953 3
914 915 1
914 954 4
915 916 3
915 955 2
916 917 1
916 956 3
917 918 5
917 957 1
918 919 4
918 958 4
919 920 5
919 959 2
920 960 1
921 922 3
921 961 5
922 923 1
922 962 1
923 924 5
923 963 5
924 925 3
924 964 2
925 926 2
925 965 3
926 927 1
926 966 5
927 928 5
927 967 3
928 929 3
928 968 3
929 930 3
929 969 1
930 931 4
930 970 5
931 932 2
931 971 1
932 933 5
932 972 5
933 934 1
933 973 1
934 935 4
934 974 2
935 936 5
935 975 2
936 937 5
936 976 5
937 938 2
937 977 5
938 939 5
938 978 2
939 940 4
939 979 2
940 941 3
940 980 2
941 942 4
941 981 5
942 943 2
942 982 5
943 944 2
943 983 5
944 945 1
944 984 4
945 946 3
945 985 1
946 947 1
946 986 1
947 948 3
947 987 3
948 949 1
948 988 1
949 950 4
949 989 4
950 951 2
950 990 1
951 952 3
951 991 2
952 953 5
952 992 4
953 954 2
953 993 5
954 955 4
954 994 3
955 956 4
955 995 1
956 957 3
956 996 3
957 958 5
957 997 2
958 959 1
958 998 3
959 960 4
959 999 5
960 1000 1
961 962 5
961 1001 1
962 963 2
962 1002 2
963 964 3
963 1003 3
964 965 1
964 1004 5
965 966 3
965 1005 2
966 967 3
966 1006 3
967 968 2
967 1007 4
968 969 5
968 1008 2
969 970 4
969 1009 3
970 971 2
970 1010 5
971 972 3
971 1011 1
972 973 3
972 1012 1
973 974 2
973 1013 1
974 975 2
974 1014 4
975 976 4
975 1015 5
976 977 5
976 1016 2
977 978 2
977 1017 2
978 979 2
978 1018 5
979 980 3
979 1019 4
980 981 4
980 1020 5
981 982 4
981 1021 3
982 983 3
982 1022 3
983 984 5
983 1023 2
984 985 2
984 1024 1
985 986 5
985 1025 4
986 987 2
986 1026 4
987 988 2
987 1027 4
988 989 2
988 1028 1
989 990 4
989 1029 5
990 991 1
990 1030 4
991 992 3
991 1031 2
992 993 1
992 1032 2
993 994 3
993 1033 1
994 995 1
994 1034 5
995 996 5
995 1035 4
996 997 1
996 1036 5
997 998 3
997 1037 4
998 999 3
998 1038 1
999 1000 1
999 1039 3
1000 1040 5
1001 1002 4
1001 1041 3
1002 1003 3
1002 1042 3
1003 1004 3
1003 1043 3
1004 1005 2
1004 1044 4
1005 1006 2
1005 1045 1
1006 1007 3
1006 1046 3
1007 1008 4
1007 1047 1
1008 1009 1
1008 1048 1
1009 1010 4
1009 1049 3
1010 1011 5
1010 1050 4
1011 1012 1
1011 1051 3
1012 1013 2
1012 1052 3
1013 1014 1
1013 1053 3
1014 1015 1
1014 1054 4
1015 1016 3
1015 1055 2
1016 1017 5
1016 1056 5
1017 1018 5
1017 1057 5
1018 1019 4
1018 1058 1
1019 1020 2
1019 1059 2
1020 1021 4
1020 1060 5
1021 1022 2
1021 1061 4
1022 1023 5
1022 1062 2
1023 1024 1
1023 1063 5
1024 1025 5
1024 1064 2
1025 1026 4
1025 1065 4
1026 1027 3
1026 1066 2
1027 1028 5
1027 1067 4
1028 1029 2
1028 1068 4
1029 1030 4
1029 1069 2
1030 1031 4
1030 1070 5
1031 1032 2
1031 1071 4
1032 1033 5
1032 1072 3
1033 1034 3
1033 1073 2
1034 1035 1
1034 1074 3
1035 1036 5
1035 1075 2
1036 1037 5
1036 1076 3
1037 1038 4
1037 1077 3
1038 1039 3
1038 1078 1
1039 1040 5
1039 1079 3
1040 1080 1
1041 1042 2
1041 1081 4
1042 1043 4
1042 1082 2
1043 1044 5
1043 1083 3
1044 1045 5
1044 1084 4
1045 1046 4
1045 1085 2
1046 1047 4
1046 1086 2
1047 1048 4
1047 1087 3
1048 1049 3
1048 1088 4
1049 1050 5
1049 1089 5
1050 1051 2
1050 1090 5
1051 1052 4
1051 1091 5
1052 1053 4
1052 1092 1
1053 1054 5
1053 1093 4
1054 1055 1
1054 1094 5
1055 1056 4
1055 1095 1
1056 1057 2
1056 1096 2
1057 1058 1
1057 1097 1
1058 1059 1
1058 1098 1
1059 1060 3
1059 1099 5
1060 1061 3
1060 1100 1
1061 1062 3
1061 1101 5
1062 1063 5
1062 1102 1
1063 1064 5
1063 1103 2
1064 1065 2
1064 1104 1
1065 1066 4
1065 1105 2
1066 1067 1
1066 1106 2
1067 1068 4
1067 1107 5
1068 1069 4
1068 1108 4
1069 1070 2
1069 1109 1
1070 1071 2
1070 1110 4
1071 1072 4
1071 1111 3
1072 1073 1
1072 1112 5
1073 1074 3
1073 1113 5
1074 1075 3
1074 1114 1
1075 1076 3
1075 1115 5
1076 1077 5
1076 1116 4
1077 1078 3
1077 1117 2
1078 1079 3
1078 1118 5
1079 1080 2
1079 1119 2
1080 1120 1
1081 1082 2
1081 1121 3
1082 1083 5
1082 1122 1
1083 1084 4
1083 1123 5
1084 1085 2
1084 1124 2
1085 1086 5
1085 1125 3
1086 1087 2
1086 1126 5
1087 1088 3
1087 1127 3
1088 1089 4
1088 1128 4
1089 1090 3
1089 1129 5
1090 1091 1
1090 1130 4
1091 1092 1
1091 1131 1
1092 1093 5
1092 1132 1
1093 1094 3
1093 1133 2
1094 1095 4
1094 1134 2
1095 1096 3
1095 1135 1
1096 1097 1
1096 1136 1
1097 1098 3
1097 1137 2
1098 1099 5
1098 1138 3
1099 1100 2
1099 1139 2
1100 1101 2
1100 1140 5
1101 1102 4
1101 1141 2
1102 1103 2
1102 1142 5
1103 1104 5
1103 1143 2
1104 1105 3
1104 1144 5
1105 1106 5
1105 1145 5
1106 1107 3
1106 1146 3
1107 1108 5
1107 1147 4
1108 1109 5
1108 1148 1
1109 1110 5
1109 1149 1
1110 1111 2
1110 1150 5
1111 1112 2
1111 1151 3
1112 1113 1
1112 1152 5
1113 1114 5
1113 1153 5
1114 1115 2
1114 1154 1
1115 1116 1
1115 1155 4
1116 1117 5
1116 1156 4
1117 1118 4
1117 1157 4
1118 1119 1
1118 1158 2
1119 1120 5
1119 1159 4
1120 1160 1
1121 1122 5
1121 1161 3
1122 1123 2
1122 1162 2
1123 1124 1
1123 1163 2
1124 1125 1
1124 1164 1
1125 1126 4
1125 1165 2
1126 1127 2
1126 1166 2
1127 1128 5
1127 1167 1
1128 1129 5
1128 1168 4
1129 1130 2
1129 1169 5
1130 1131 4
1130 1170 4
1131 1132 1
1131 1171 1
1132 1133 1
1132 1172 4
1133 1134 1
1133 1173 2
1134 1135 4
1134 1174 3
1135 1136 4
1135 1175 2
1136 1137 4
1136 1176 4
1137 1138 3
1137 1177 4
1138 1139 2
1138 1178 1
1139 1140 5
1139 1179 2
1140 1141 1
1140 1180 3
1141 1142 2
1141 1181 4
1142 1143 4
1142 1182 2
1143 1144 3
1143 1183 2
1144 1145 2
1144 1184 4
1145 1146 3
1145 1185 3
1146 1147 4
1146 1186 2
1147 1148 2
1147 1187 1
1148 1149 4
1148 1188 3
1149 1150 4
1149 1189 3
1150 1151 1
1150 1190 4
1151 1152 5
1151 1191 1
1152 1153 1
1152 1192 4
1153 1154 2
1153 1193 5
1154 1155 2
1154 1194 4
1155 1156 3
1155 1195 1
1156 1157 4
1156 1196 1
1157 1158 4
1157 1197 4
1158 1159 1
1158 1198 2
1159 1160 3
1159 1199 4
1160 1200 5
1161 1162 1
1161 1201 2
1162 1163 4
1162 1202 3
1163 1164 5
1163 1203 2
1164 1165 3
1164 1204 1
1165 1166 1
1165 1205 1
1166 1167 4
1166 1206 5
1167 1168 2
1167 1207 1
1168 1169 2
1168 1208 1
1169 1170 1
1169 1209 1
1170 1171 5
1170 1210 4
1171 1172 5
1171 1211 1
1172 1173 1
1172 1212 3
1173 1174 5
1173 1213 5
1174 1175 5
1174 1214 1
1175 1176 2
1175 1215 3
1176 1177 2
1176 1216 4
1177 1178 3
1177 1217 4
1178 1179 3
1178 1218 4
1179 1180 4
1179 1219 5
1180 1181 1
1180 1220 2
1181 1182 5
1181 1221 5
1182 1183 2
1182 1222 2
1183 1184 2
1183 1223 1
1184 1185 2
1184 1224 3
1185 1186 1
1185 1225 3
1186 1187 3
1186 1226 2
1187 1188 1
1187 1227 3
1188 1189 1
1188 1228 1
1189 1190 5
1189 1229 1
1190 1191 4
1190 1230 5
1191 1192 1
1191 1231 1
1192 1193 1
1192 1232 1
1193 1194 2
1193 1233 5
1194 1195 3
1194 1234 4
1195 1196 4
1195 1235 2
1196 1197 2
1196 1236 1
1197 1198 4
1197 1237 3
1198 1199 5
1198 1238 3
1199 1200 5
1199 1239 4
1200 1240 1
1201 1202 2
1201 1241 1
1202 1203 4
1202 1242 5
1203 1204 3
1203 1243 2
1204 1205 2
1204 1244 3
1205 1206 5
1205 1245 3
1206 1207 4
1206 1246 3
1207 1208 3
1207 1247 2
1208 1209 1
1208 1248 5
1209 1210 3
1209 1249 2
1210 1211 5
1210 1250 4
1211 1212 3
1211 1251 1
1212 1213 4
1212 1252 1
1213 1214 1
1213 1253 2
1214 1215 3
1214 1254 1
1215 1216 1
1215 1255 1
1216 1217 2
1216 1256 4
1217 1218 5
1217 1257 5
1218 1219 5
1218 1258 3
1219 1220 5
1219 1259 4
1220 1221 4
1220 1260 1
1221 1222 3
1221 1261 2
1222 1223 5
1222 1262 5
1223 1224 4
1223 1263 4
1224 1225 5
1224 1264 3
1225 1226 5
1225 1265 1
1226 1227 2
1226 1266 2
1227 1228 1
1227 1267 1
1228 1229 1
1228 1268 4
1229 1230 3
1229 1269 4
1230 1231 5
1230 1270 4
1231 1232 2
1231 1271 4
1232 1233 2
1232 1272 5
1233 1234 4
1233 1273 1
1234 1235 1
1234 1274 4
1235 1236 2
1235 1275 4
1236 1237 4
1236 1276 5
1237 1238 3
1237 1277 4
1238 1239 4
1238 1278 2
1239 1240 1
1239 1279 1
1240 1280 5
1241 1242 3
1241 1281 4
1242 1243 1
1242 1282 4
1243 1244 2
1243 1283 4
1244 1245 5
1244 1284 5
1245 1246 2
1245 1285 3
1246 1247 3
1246 1286 1
1247 1248 2
1247 1287 5
1248 1249 2
1248 1288 4
1249 1250 3
1249 1289 2
1250 1251 3
1250 1290 2
1251 1252 1
1251 1291 2
1252 1253 5
1252 1292 3
1253 1254 2
1253 1293 5
1254 1255 4
1254 1294 4
1255 1256 4
1255 1295 5
1256 1257 3
1256 1296 3
1257 1258 2
1257 1297 2
1258 1259 5
1258 1298 1
1259 1260 5
1259 1299 2
1260 1261 2
1260 1300 3
1261 1262 1
1261 1301 5
1262 1263 2
1262 1302 1
1263 1264 5
1263 1303 1
1264 1265 3
1264 1304 5
1265 1266 2
1265 1305 4
1266 1267 5
1266 1306 4
1267 1268 2
1267 1307 1
1268 1269 3
1268 1308 5
1269 1270 4
1269 1309 3
1270 1271 4
1270 1310 1
1271 1272 2
1271 1311 1
1272 1273 1
1272 1312 1
1273 1274 2
1273 1313 3
1274 1275 1
1274 1314 1
1275 1276 3
1275 1315 5
1276 1277 2
1276 1316 3
1277 1278 4
1277 1317 2
1278 1279 2
1278 1318 1
1279 1280 2
1279 1319 3
1280 1320 3
1281 1282 5
1281 1321 1
1282 1283 1
1282 1322 4
1283 1284 3
1283 1323 1
1284 1285 5
1284 1324 4
1285 1286 3
1285 1325 1
1286 1287 1
1286 1326 3
1287 1288 4
1287 1327 4
1288 1289 4
1288 1328 5
1289 1290 3
1289 1329 5
1290 1291 4
1290 1330 1
1291 1292 4
1291 1331 5
1292 1293 5
1292 1332 2
1293 1294 3
1293 1333 2
1294 1295 1
1294 1334 3
1295 1296 4
1295 1335 4
1296 1297 1
1296 1336 2
1297 1298 1
1297 1337 4
1298 1299 3
1298 1338 3
1299 1300 3
1299 1339 5
1300 1301 5
1300 1340 4
1301 1302 4
1301 1341 4
1302 1303 4
1302 1342 4
1303 1304 3
1303 1343 5
1304 1305 1
1304 1344 4
1305 1306 3
1305 1345 5
1306 1307 4
1306 1346 1
1307 1308 5
1307 1347 1
1308 1309 3
1308 1348 3
1309 1310 4
1309 1349 3
1310 1311 5
1310 1350 1
1311 1312 1
1311 1351 4
1312 1313 2
1312 1352 3
1313 1314 4
1313 1353 1
1314 1315 1
1314 1354 2
1315 1316 2
1315 1355 3
1316 1317 4
1316 1356 1
1317 1318 3
1317 1357 5
1318 1319 5
1318 1358 5
1319 1320 3
1319 1359 1
1320 1360 4
1321 1322 4
1321 1361 3
1322 1323 3
1322 1362 4
1323 1324 3
1323 1363 3
1324 1325 3
1324 1364 5
1325 1326 4
1325 1365 2
1326 1327 4
1326 1366 5
1327 1328 2
1327 1367 2
1328 1329 2
1328 1368 3
1329 1330 2
1329 1369 1
1330 1331 5
1330 1370 5
1331 1332 5
1331 1371 4
1332 1333 3
1332 1372 2
1333 1334 2
1333 1373 2
1334 1335 2
1334 1374 5
1335 1336 4
1335 1375 2
1336 1337 3
1336 1376 3
1337 1338 3
1337 1377 5
1338 1339 4
1338 1378 2
1339 1340 5
1339 1379 2
1340 1341 1
1340 1380 2
1341 1342 1
1341 1381 3
1342 1343 2
1342 1382 3
1343 1344 1
1343 1383 5
1344 1345 2
1344 1384 1
1345 1346 3
1345 1385 5
1346 1347 4
1346 1386 4
1347 1348 5
1347 1387 1
1348 1349 4
1348 1388 4
1349 1350 2
1349 1389 1
1350 1351 2
1350 1390 1
1351 1352 5
1351 1391 3
1352 1353 3
1352 1392 1
1353 1354 1
1353 1393 1
1354 1355 1
1354 1394 5
1355 1356 2
1355 1395 4
1356 1357 5
1356 1396 4
1357 1358 1
1357 1397 4
1358 1359 5
1358 1398 1
1359 1360 2
1359 1399 5
1360 1400 3
1361 1362 1
1361 1401 2
1362 1363 2
1362 1402 2
1363 1364 5
1363 1403 4
1364 1365 3
1364 1404 2
1365 1366 2
1365 1405 1
1366 1367 2
1366 1406 1
1367 1368 1
1367 1407 5
1368 1369 2
1368 1408 2
1369 1370 3
1369 1409 4
1370 1371 2
1370 1410 3
1371 1372 1
1371 1411 1
1372 1373 3
1372 1412 3
1373 1374 2
1373 1413 5
1374 1375 4
1374 1414 3
1375 1376 2
1375 1415 1
1376 1377 5
1376 1416 4
1377 1378 5
1377 1417 1
1378 1379 5
1378 1418 4
1379 1380 2
1379 1419 3
1380 1381 2
1380 1420 4
1381 1382 2
1381 1421 3
1382 1383 2
1382 1422 3
1383 1384 5
1383 1423 5
1384 1385 5
1384 1424 4
1385 1386 2
1385 1425 5
1386 1387 2
1386 1426 4
1387 1388 5
1387 1427 3
1388 1389 4
1388 1428 2
1389 1390 5
1389 1429 1
1390 1391 3
1390 1430 4
1391 1392 2
1391 1431 5
1392 1393 4
1392 1432 1
1393 1394 4
1393 1433 4
1394 1395 2
1394 1434 3
1395 1396 5
1395 1435 2
1396 1397 1
1396 1436 3
1397 1398 4
1397 1437 4
1398 1399 2
1398 1438 2
1399 1400 1
1399 1439 5
1400 1440 4
1401 1402 3
1401 1441 4
1402 1403 5
1402 1442 2
1403 1404 4
1403 1443 3
1404 1405 3
1404 1444 3
1405 1406 2
1405 1445 2
1406 1407 2
1406 1446 3
1407 1408 3
1407 1447 1
1408 1409 2
1408 1448 1
1409 1410 3
1409 1449 1
1410 1411 1
1410 1450 2
1411 1412 3
1411 1451 5
1412 1413 1
1412 1452 4
1413 1414 2
1413 1453 3
1414 1415 4
1414 1454 1
1415 1416 3
1415 1455 3
1416 1417 5
1416 1456 5
1417 1418 5
1417 1457 3
1418 1419 1
1418 1458 2
1419 1420 2
1419 1459 1
1420 1421 4
1420 1460 2
1421 1422 1
1421 1461 4
1422 1423 1
1422 1462 2
1423 1424 2
1423 1463 1
1424 1425 5
1424 1464 3
1425 1426 2
1425 1465 2
1426 1427 5
1426 1466 5
1427 1428 4
1427 1467 1
1428 1429 1
1428 1468 5
1429 1430 5
1429 1469 4
1430 1431 5
1430 1470 3
1431 1432 5
1431 1471 5
1432 1433 4
1432 1472 2
1433 1434 5
1433 1473 1
1434 1435 3
1434 1474 1
1435 1436 2
1435 1475 5
1436 1437 4
1436 1476 2
1437 1438 5
1437 1477 4
1438 1439 1
1438 1478 4
1439 1440 5
1439 1479 2
1440 1480 5
1441 1442 2
1441 1481 1
1442 1443 1
1442 1482 4
1443 1444 2
1443 1483 5
1444 1445 5
1444 1484 1
1445 1446 2
1445 1485 5
1446 1447 1
1446 1486 5
1447 1448 5
1447 1487 3
1448 1449 3
1448 1488 3
1449 1450 4
1449 1489 4
1450 1451 3
1450 1490 1
1451 1452 5
1451 1491 4
1452 1453 3
1452 1492 4
1453 1454 3
1453 1493 3
1454 1455 2
1454 1494 4
1455 1456 2
1455 1495 5
1456 1457 3
1456 1496 2
1457 1458 2
1457 1497 3
1458 1459 3
1458 1498 4
1459 1460 2
1459 1499 2
1460 1461 3
1460 1500 4
1461 1462 4
1461 1501 1
1462 1463 5
1462 1502 5
1463 1464 3
1463 1503 4
1464 1465 1
1464 1504 5
1465 1466 4
1465 1505 1
1466 1467 2
1466 1506 2
1467 1468 5
1467 1507 1
1468 1469 3
1468 1508 1
1469 1470 3
1469 1509 4
1470 1471 4
1470 1510 3
1471 1472 2
1471 1511 1
1472 1473 5
1472 1512 2
1473 1474 3
1473 1513 5
1474 1475 4
1474 1514 3
1475 1476 2
1475 1515 1
1476 1477 4
1476 1516 1
1477 1478 1
1477 1517 5
1478 1479 3
1478 1518 2
1479 1480 2
1479 1519 4
1480 1520 3
1481 1482 2
1481 1521 1
1482 1483 5
1482 1522 5
1483 1484 3
1483 1523 1
1484 1485 2
1484 1524 1
1485 1486 3
1485 1525 3
1486 1487 1
1486 1526 5
1487 1488 5
1487 1527 4
1488 1489 2
1488 1528 3
1489 1490 3
1489 1529 1
1490 1491 5
1490 1530 5
1491 1492 4
1491 1531 2
1492 1493 5
1492 1532 4
1493 1494 2
1493 1533 1
1494 1495 1
1494 1534 2
1495 1496 5
1495 1535 5
1496 1497 2
1496 1536 3
1497 1498 3
1497 1537 4
1498 1499 5
1498 1538 5
1499 1500 1
1499 1539 2
1500 1501 1
1500 1540 4
1501 1502 5
1501 1541 5
1502 1503 5
1502 1542 3
1503 1504 3
1503 1543 3
1504 1505 2
1504 1544 5
1505 1506 1
1505 1545 4
1506 1507 5
1506 1546 2
1507 1508 2
1507 1547 2
1508 1509 4
1508 1548 5
1509 1510 3
1509 1549 3
1510 1511 3
1510 1550 3
1511 1512 4
1511 1551 4
1512 1513 3
1512 1552 5
1513 1514 4
1513 1553 4
1514 1515 1
1514 1554 3
1515 1516 2
1515 1555 5
1516 1517 1
1516 1556 1
1517 1518 4
1517 1557 4
1518 1519 2
1518 1558 1
1519 1520 1
1519 1559 4
1520 1560 4
1521 1522 5
1521 1561 2
1522 1523 5
1522 1562 4
1523 1524 1
1523 1563 5
1524 1525 5
1524 1564 2
1525 1526 1
1525 1565 5
1526 1527 2
1526 1566 1
1527 1528 2
1527 1567 5
1528 1529 2
1528 1568 2
1529 1530 1
1529 1569 4
1530 1531 1
1530 1570 4
1531 1532 3
1531 1571 4
1532 1533 3
1532 1572 5
1533 1534 2
1533 1573 1
1534 1535 1
1534 1574 3
1535 1536 4
1535 1575 5
1536 1537 4
1536 1576 4
1537 1538 5
1537 1577 5
1538 1539 4
1538 1578 4
1539 1540 1
1539 1579 4
1540 1541 2
1540 1580 2
1541 1542 5
1541 1581 3
1542 1543 5
1542 1582 5
1543 1544 3
1543 1583 3
1544 1545 4
1544 1584 5
1545 1546 4
1545 1585 2
1546 1547 4
1546 1586 2
1547 1548 1
1547 1587 4
1548 1549 4
1548 1588 3
1549 1550 3
1549 1589 2
1550 1551 5
1550 1590 3
1551 1552 5
1551 1591 4
1552 1553 5
1552 1592 4
1553 1554 5
1553 1593 4
1554 1555 1
1554 1594 4
1555 1556 5
1555 1595 1
1556 1557 2
1556 1596 3
1557 1558 4
1557 1597 5
1558 1559 3
1558 1598 1
1559 1560 2
1559 1599 1
1560 1600 4
1561 1562 1
1562 1563 5
1563 1564 5
1564 1565 3
1565 1566 4
1566 1567 1
1567 1568 3
1568 1569 5
1569 1570 2
1570 1571 4
1571 1572 2
1572 1573 5
1573 1574 4
1574 1575 5
1575 1576 3
1576 1577 1
1577 1578 1
1578 1579 2
1579 1580 1
1580 1581 1
1581 1582 2
1582 1583 4
1583 1584 1
1584 1585 3
1585 1586 4
1586 1587 1
1587 1588 2
1588 1589 3
1589 1590 5
1590 1591 2
1591 1592 2
1592 1593 2
1593 1594 2
1594 1595 4
1595 1596 1
1596 1597 3
1597 1598 4
1598 1599 1
1599 1600 2
1 1561 2
2 1562 4
3 1563 1
4 1564 3
5 1565 5
6 1566 2
7 1567 5
8 1568 3
9 1569 5
10 1570 2
11 1571 5
12 1572 1
13 1573 5
14 1574 4
15 1575 2
16 1576 3
17 1577 5
18 1578 2
19 1579 1
20 1580 5
21 1581 3
22 1582 5
23 1583 4
24 1584 5
25 1585 4
26 1586 3
27 1587 2
28 1588 1
29 1589 3
30 1590 1
31 1591 4
32 1592 5
33 1593 5
34 1594 4
35 1595 1
36 1596 5
37 1597 5
38 1598 5
39 1599 1
40 1600 3
1 40 2
41 80 5
81 120 4
121 160 5
161 200 1
201 240 3
241 280 4
281 320 3
321 360 2
361 400 4
401 440 4
441 480 4
481 520 2
521 560 3
561 600 1
601 640 1
641 680 2
681 720 4
721 760 1
761 800 1
801 840 5
841 880 2
881 920 1
921 960 5
961 1000 3
1001 1040 1
1041 1080 3
1081 1120 4
1121 1160 3
1161 1200 3
1201 1240 2
1241 1280 2
1281 1320 4
1321 1360 2
1361 1400 4
1401 1440 1
1441 1480 4
1481 1520 4
1521 1560 4
1561 1600 4
