1600 3200
1 2 2
1 41 5
2 3 1
2 42 3
3 4 3
3 43 1
4 5 3
4 44 5
5 6 1
5 45 5
6 7 4
6 46 4
7 8 2
7 47 5
8 9 4
8 48 2
9 10 1
9 49 5
10 11 4
10 50 4
11 12 2
11 51 2
12 13 3
12 52 5
13 14 5
13 53 1
14 15 4
14 54 2
15 16 3
15 55 3
16 17 3
16 56 5
17 18 4
17 57 2
18 19 2
18 58 3
19 20 4
19 59 3
20 21 3
20 60 2
21 22 2
21 61 3
22 23 3
22 62 5
23 24 1
23 63 3
24 25 5
24 64 1
25 26 3
25 65 4
26 27 4
26 66 3
27 28 5
27 67 3
28 29 2
28 68 2
29 30 5
29 69 2
30 31 3
30 70 5
31 32 1
31 71 4
32 33 5
32 72 3
33 34 2
33 73 2
34 35 5
34 74 3
35 36 1
35 75 4
36 37 2
36 76 4
37 38 3
37 77 2
38 39 3
38 78 2
39 40 1
39 79 5
40 80 3
41 42 2
41 81 4
42 43 2
42 82 3
43 44 5
43 83 4
44 45 5
44 84 2
45 46 3
45 85 5
46 47 4
46 86 4
47 48 5
47 87 4
48 49 1
48 88 2
49 50 1
49 89 2
50 51 1
50 90 2
51 52 3
51 91 4
52 53 5
52 92 5
53 54 5
53 93 1
54 55 2
54 94 1
55 56 4
55 95 4
56 57 4
56 96 3
57 58 1
57 97 1
58 59 5
58 98 4
59 60 3
59 99 1
60 61 1
60 100 1
61 62 2
61 101 2
62 63 3
62 102 2
63 64 3
63 103 1
64 65 2
64 104 4
65 66 2
65 105 2
66 67 5
66 106 5
67 68 4
67 107 1
68 69 3
68 108 4
69 70 5
69 109 5
70 71 4
70 110 1
71 72 3
71 111 4
72 73 3
72 112 5
73 74 4
73 113 4
74 75 5
74 114 5
75 76 3
75 115 1
76 77 4
76 116 3
77 78 1
77 117 3
78 79 3
78 118 2
79 80 4
79 119 5
80 120 1
81 82 4
81 121 2
82 83 4
82 122 3
83 84 3
83 123 2
84 85 4
84 124 1
85 86 4
85 125 3
86 87 1
86 126 3
87 88 2
87 127 3
88 89 5
88 128 4
89 90 1
89 129 4
90 91 2
90 130 2
91 92 3
91 131 5
92 93 1
92 132 5
93 94 5
93 133 5
94 95 1
94 134 3
95 96 2
95 135 3
96 97 5
96 136 2
97 98 5
97 137 3
98 99 5
98 138 2
99 100 1
99 139 2
100 101 1
100 140 4
101 102 2
101 141 4
102 103 4
102 142 1
103 104 4
103 143 2
104 105 3
104 144 2
105 106 5
105 145 5
106 107 4
106 146 1
107 108 3
107 147 3
108 109 1
108 148 4
109 110 1
109 149 1
110 111 3
110 150 5
111 112 2
111 151 3
112 113 1
112 152 3
113 114 4
113 153 5
114 115 3
114 154 5
115 116 3
115 155 3
116 117 2
116 156 3
117 118 5
117 157 5
118 119 2
118 158 4
119 120 4
119 159 4
120 160 4
121 122 2
121 161 4
122 123 2
122 162 2
123 124 2
123 163 1
124 125 3
124 164 3
125 126 2
125 165 3
126 127 4
126 166 5
127 128 5
127 167 3
128 129 2
128 168 5
129 130 3
129 169 1
130 131 4
130 170 4
131 132 1
131 171 4
132 133 3
132 172 2
133 134 5
133 173 5
134 135 4
134 174 1
135 136 3
135 175 2
136 137 2
136 176 1
137 138 1
137 177 1
138 139 1
138 178 1
139 140 1
139 179 5
140 141 2
140 180 4
141 142 1
141 181 5
142 143 4
142 182 5
143 144 1
143 183 5
144 145 5
144 184 2
145 146 3
145 185 1
146 147 3
146 186 5
147 148 5
147 187 3
148 149 2
148 188 2
149 150 3
149 189 1
150 151 4
150 190 2
151 152 2
151 191 1
152 153 2
152 192 2
153 154 5
153 193 5
154 155 5
154 194 2
155 156 3
155 195 2
156 157 2
156 196 3
157 158 1
157 197 4
158 159 2
158 198 5
159 160 5
159 199 2
160 200 5
161 162 4
161 201 2
162 163 4
162 202 4
163 164 2
163 203 3
164 165 3
164 204 4
165 166 2
165 205 3
166 167 2
166 206 2
167 168 1
167 207 1
168 169 3
168 208 4
169 170 2
169 209 3
170 171 4
170 210 3
171 172 2
171 211 4
172 173 5
172 212 1
173 174 3
173 213 4
174 175 4
174 214 2
175 176 5
175 215 2
176 177 4
176 216 4
177 178 5
177 217 3
178 179 4
178 218 3
179 180 3
179 219 3
180 181 2
180 220 1
181 182 1
181 221 5
182 183 1
182 222 3
183 184 3
183 223 2
184 185 4
184 224 5
185 186 1
185 225 4
186 187 1
186 226 1
187 188 1
187 227 2
188 189 1
188 228 5
189 190 2
189 229 1
190 191 5
190 230 3
191 192 1
191 231 1
192 193 3
192 232 3
193 194 5
193 233 5
194 195 2
194 234 4
195 196 3
195 235 1
196 197 4
196 236 3
197 198 4
197 237 2
198 199 1
198 238 1
199 200 4
199 239 1
200 240 5
201 202 1
201 241 3
202 203 5
202 242 4
203 204 2
203 243 3
204 205 2
204 244 1
205 206 3
205 245 3
206 207 5
206 246 1
207 208 1
207 247 2
208 209 3
208 248 3
209 210 3
209 249 4
210 211 4
210 250 5
211 212 3
211 251 2
212 213 2
212 252 5
213 214 3
213 253 4
214 215 1
214 254 4
215 216 2
215 255 4
216 217 1
216 256 5
217 218 5
217 257 5
218 219 1
218 258 5
219 220 2
219 259 5
220 221 4
220 260 1
221 222 5
221 261 5
222 223 4
222 262 1
223 224 3
223 263 3
224 225 1
224 264 1
225 226 3
225 265 5
226 227 3
226 266 5
227 228 5
227 267 2
228 229 5
228 268 3
229 230 1
229 269 1
230 231 5
230 270 5
231 232 3
231 271 4
232 233 4
232 272 2
233 234 3
233 273 2
234 235 3
234 274 2
235 236 1
235 275 3
236 237 4
236 276 4
237 238 2
237 277 3
238 239 2
238 278 5
239 240 3
239 279 4
240 280 2
241 242 4
241 281 1
242 243 2
242 282 2
243 244 4
243 283 1
244 245 4
244 284 1
245 246 4
245 285 5
246 247 4
246 286 2
247 248 2
247 287 5
248 249 4
248 288 5
249 250 5
249 289 2
250 251 2
250 290 1
251 252 3
251 291 2
252 253 2
252 292 2
253 254 5
253 293 5
254 255 2
254 294 2
255 256 4
255 295 3
256 257 3
256 296 3
257 258 3
257 297 3
258 259 2
258 298 4
259 260 3
259 299 2
260 261 2
260 300 5
261 262 4
261 301 3
262 263 3
262 302 4
263 264 2
263 303 4
264 265 4
264 304 1
265 266 2
265 305 2
266 267 1
266 306 2
267 268 3
267 307 1
268 269 3
268 308 4
269 270 5
269 309 4
270 271 1
270 310 5
271 272 4
271 311 4
272 273 3
272 312 5
273 274 1
273 313 2
274 275 2
274 314 4
275 276 1
275 315 1
276 277 1
276 316 3
277 278 2
277 317 4
278 279 2
278 318 5
279 280 2
279 319 3
280 320 2
281 282 2
281 321 4
282 283 2
282 322 3
283 284 4
283 323 5
284 285 5
284 324 4
285 286 5
285 325 5
286 287 4
286 326 4
287 288 4
287 327 1
288 289 1
288 328 3
289 290 3
289 329 3
290 291 1
290 330 5
291 292 5
291 331 3
292 293 4
292 332 1
293 294 5
293 333 1
294 295 1
294 334 5
295 296 1
295 335 3
296 297 2
296 336 5
297 298 4
297 337 4
298 299 3
298 338 5
299 300 1
299 339 5
300 301 5
300 340 2
301 302 5
301 341 3
302 303 5
302 342 2
303 304 1
303 343 3
304 305 4
304 344 5
305 306 3
305 345 5
306 307 3
306 346 2
307 308 3
307 347 2
308 309 1
308 348 3
309 310 4
309 349 4
310 311 2
310 350 4
311 312 5
311 351 2
312 313 4
312 352 5
313 314 3
313 353 3
314 315 3
314 354 2
315 316 4
315 355 3
316 317 5
316 356 2
317 318 5
317 357 2
318 319 3
318 358 2
319 320 3
319 359 3
320 360 3
321 322 4
321 361 3
322 323 5
322 362 3
323 324 5
323 363 2
324 325 2
324 364 3
325 326 4
325 365 4
326 327 5
326 366 4
327 328 1
327 367 3
328 329 4
328 368 3
329 330 3
329 369 3
330 331 4
330 370 2
331 332 2
331 371 1
332 333 5
332 372 4
333 334 3
333 373 3
334 335 3
334 374 3
335 336 2
335 375 2
336 337 4
336 376 3
337 338 2
337 377 5
338 339 5
338 378 3
339 340 5
339 379 4
340 341 1
340 380 3
341 342 4
341 381 2
342 343 1
342 382 2
343 344 2
343 383 2
344 345 1
344 384 5
345 346 5
345 385 1
346 347 1
346 386 2
347 348 3
347 387 4
348 349 5
348 388 1
349 350 4
349 389 1
350 351 5
350 390 5
351 352 3
351 391 2
352 353 2
352 392 3
353 354 2
353 393 3
354 355 3
354 394 2
355 356 1
355 395 3
356 357 1
356 396 2
357 358 2
357 397 1
358 359 5
358 398 5
359 360 3
359 399 4
360 400 2
361 362 1
361 401 3
362 363 3
362 402 5
363 364 5
363 403 4
364 365 4
364 404 2
365 366 1
365 405 4
366 367 5
366 406 1
367 368 2
367 407 1
368 369 5
368 408 5
369 370 4
369 409 4
370 371 4
370 410 1
371 372 3
371 411 3
372 373 4
372 412 1
373 374 4
373 413 4
374 375 2
374 414 5
375 376 5
375 415 3
376 377 2
376 416 3
377 378 3
377 417 5
378 379 5
378 418 1
379 380 4
379 419 3
380 381 3
380 420 4
381 382 2
381 421 1
382 383 1
382 422 3
383 384 5
383 423 4
384 385 2
384 424 4
385 386 1
385 425 2
386 387 3
386 426 5
387 388 4
387 427 2
388 389 3
388 428 2
389 390 3
389 429 3
390 391 1
390 430 4
391 392 2
391 431 1
392 393 2
392 432 3
393 394 4
393 433 5
394 395 5
394 434 5
395 396 2
395 435 3
396 397 2
396 436 5
397 398 2
397 437 4
398 399 2
398 438 5
399 400 3
399 439 4
400 440 5
401 402 3
401 441 4
402 403 1
402 442 5
403 404 2
403 443 4
404 405 2
404 444 5
405 406 5
405 445 1
406 407 4
406 446 4
407 408 2
407 447 1
408 409 3
408 448 2
409 410 3
409 449 4
410 411 1
410 450 1
411 412 5
411 451 3
412 413 3
412 452 3
413 414 5
413 453 3
414 415 2
414 454 2
415 416 4
415 455 2
416 417 2
416 456 2
417 418 5
417 457 3
418 419 4
418 458 1
419 420 4
419 459 4
420 421 3
420 460 1
421 422 5
421 461 5
422 423 2
422 462 1
423 424 2
423 463 3
424 425 3
424 464 1
425 426 4
425 465 3
426 427 1
426 466 2
427 428 3
427 467 2
428 429 1
428 468 2
429 430 4
429 469 1
430 431 5
430 470 2
431 432 4
431 471 2
432 433 2
432 472 5
433 434 5
433 473 1
434 435 4
434 474 2
435 436 4
435 475 1
436 437 3
436 476 4
437 438 5
437 477 1
438 439 3
438 478 5
439 440 4
439 479 4
440 480 3
441 442 2
441 481 2
442 443 5
442 482 2
443 444 3
443 483 4
444 445 1
444 484 5
445 446 2
445 485 3
446 447 3
446 486 2
447 448 5
447 487 3
448 449 1
448 488 1
449 450 2
449 489 2
450 451 4
450 490 3
451 452 1
451 491 4
452 453 4
452 492 3
453 454 5
453 493 2
454 455 3
454 494 2
455 456 2
455 495 1
456 457 3
456 496 3
457 458 2
457 497 2
458 459 2
458 498 1
459 460 5
459 499 5
460 461 2
460 500 2
461 462 3
461 501 4
462 463 5
462 502 4
463 464 1
463 503 5
464 465 4
464 504 4
465 466 1
465 505 5
466 467 2
466 506 3
467 468 2
467 507 2
468 469 4
468 508 5
469 470 5
469 509 5
470 471 1
470 510 5
471 472 3
471 511 3
472 473 4
472 512 4
473 474 1
473 513 5
474 475 1
474 514 2
475 476 5
475 515 5
476 477 1
476 516 2
477 478 1
477 517 3
478 479 3
478 518 4
479 480 5
479 519 3
480 520 3
481 482 4
481 521 5
482 483 2
482 522 5
483 484 5
483 523 1
484 485 1
484 524 5
485 486 4
485 525 3
486 487 2
486 526 5
487 488 3
487 527 1
488 489 1
488 528 4
489 490 1
489 529 5
490 491 3
490 530 4
491 492 1
491 531 5
492 493 1
492 532 3
493 494 2
493 533 3
494 495 2
494 534 3
495 496 4
495 535 1
496 497 4
496 536 1
497 498 5
497 537 1
498 499 5
498 538 5
499 500 4
499 539 4
500 501 2
500 540 4
501 502 2
501 541 4
502 503 4
502 542 5
503 504 2
503 543 3
504 505 1
504 544 4
505 506 1
505 545 3
506 507 2
506 546 5
507 508 3
507 547 2
508 509 4
508 548 5
509 510 5
509 549 3
510 511 3
510 550 5
511 512 3
511 551 5
512 513 1
512 552 4
513 514 4
513 553 4
514 515 3
514 554 2
515 516 3
515 555 5
516 517 2
516 556 4
517 518 3
517 557 4
518 519 3
518 558 5
519 520 3
519 559 5
520 560 5
521 522 3
521 561 2
522 523 2
522 562 4
523 524 2
523 563 3
524 525 1
524 564 5
525 526 3
525 565 4
526 527 2
526 566 2
527 528 2
527 567 1
528 529 4
528 568 1
529 530 3
529 569 1
530 531 5
530 570 4
531 532 4
531 571 4
532 533 5
532 572 1
533 534 2
533 573 3
534 535 4
534 574 5
535 536 1
535 575 1
536 537 3
536 576 1
537 538 1
537 577 5
538 539 2
538 578 3
539 540 5
539 579 4
540 541 3
540 580 3
541 542 3
541 581 4
542 543 2
542 582 4
543 544 5
543 583 4
544 545 1
544 584 4
545 546 2
545 585 1
546 547 4
546 586 1
547 548 3
547 587 5
548 549 4
548 588 2
549 550 3
549 589 3
550 551 3
550 590 4
551 552 5
551 591 5
552 553 3
552 592 1
553 554 3
553 593 2
554 555 3
554 594 4
555 556 3
555 595 1
556 557 4
556 596 1
557 558 4
557 597 1
558 559 5
558 598 5
559 560 3
559 599 2
560 600 4
561 562 1
561 601 4
562 563 1
562 602 3
563 564 2
563 603 1
564 565 4
564 604 5
565 566 4
565 605 2
566 567 5
566 606 4
567 568 5
567 607 1
568 569 1
568 608 5
569 570 3
569 609 3
570 571 5
570 610 2
571 572 3
571 611 2
572 573 3
572 612 1
573 574 2
573 613 2
574 575 2
574 614 3
575 576 4
575 615 4
576 577 1
576 616 1
577 578 3
577 617 4
578 579 2
578 618 5
579 580 1
579 619 5
580 581 4
580 620 2
581 582 2
581 621 4
582 583 4
582 622 2
583 584 2
583 623 5
584 585 5
584 624 5
585 586 5
585 625 4
586 587 3
586 626 2
587 588 4
587 627 3
588 589 2
588 628 1
589 590 2
589 629 5
590 591 1
590 630 4
591 592 4
591 631 1
592 593 2
592 632 4
593 594 1
593 633 5
594 595 3
594 634 3
595 596 1
595 635 5
596 597 3
596 636 4
597 598 1
597 637 5
598 599 1
598 638 5
599 600 4
599 639 2
600 640 3
601 602 5
601 641 5
602 603 5
602 642 2
603 604 4
603 643 4
604 605 1
604 644 3
605 606 4
605 645 2
606 607 2
606 646 1
607 608 1
607 647 2
608 609 2
608 648 3
609 610 4
609 649 5
610 611 4
610 650 1
611 612 5
611 651 2
612 613 3
612 652 4
613 614 4
613 653 1
614 615 2
614 654 2
615 616 5
615 655 3
616 617 4
616 656 2
617 618 3
617 657 2
618 619 2
618 658 5
619 620 1
619 659 2
620 621 1
620 660 2
621 622 3
621 661 2
622 623 5
622 662 2
623 624 1
623 663 4
624 625 5
624 664 1
625 626 4
625 665 3
626 627 1
626 666 1
627 628 1
627 667 1
628 629 4
628 668 5
629 630 2
629 669 3
630 631 2
630 670 5
631 632 1
631 671 3
632 633 3
632 672 4
633 634 1
633 673 2
634 635 1
634 674 4
635 636 1
635 675 5
636 637 4
636 676 4
637 638 5
637 677 4
638 639 5
638 678 3
639 640 3
639 679 1
640 680 4
641 642 2
641 681 1
642 643 4
642 682 1
643 644 4
643 683 5
644 645 5
644 684 1
645 646 1
645 685 1
646 647 2
646 686 4
647 648 2
647 687 5
648 649 3
648 688 4
649 650 1
649 689 2
650 651 2
650 690 4
651 652 1
651 691 4
652 653 5
652 692 3
653 654 1
653 693 4
654 655 4
654 694 4
655 656 5
655 695 5
656 657 1
656 696 4
657 658 1
657 697 2
658 659 4
658 698 5
659 660 4
659 699 5
660 661 3
660 700 2
661 662 5
661 701 4
662 663 4
662 702 2
663 664 1
663 703 3
664 665 1
664 704 5
665 666 2
665 705 2
666 667 2
666 706 5
667 668 5
667 707 1
668 669 5
668 708 2
669 670 5
669 709 5
670 671 2
670 710 5
671 672 1
671 711 5
672 673 2
672 712 3
673 674 3
673 713 4
674 675 1
674 714 3
675 676 3
675 715 1
676 677 1
676 716 5
677 678 2
677 717 3
678 679 5
678 718 4
679 680 1
679 719 4
680 720 3
681 682 3
681 721 2
682 683 3
682 722 3
683 684 5
683 723 1
684 685 4
684 724 2
685 686 4
685 725 3
686 687 4
686 726 1
687 688 3
687 727 3
688 689 5
688 728 3
689 690 1
689 729 5
690 691 2
690 730 1
691 692 3
691 731 3
692 693 4
692 732 4
693 694 3
693 733 1
694 695 3
694 734 4
695 696 4
695 735 5
696 697 2
696 736 2
697 698 2
697 737 5
698 699 3
698 738 3
699 700 4
699 739 5
700 701 3
700 740 5
701 702 2
701 741 3
702 703 2
702 742 5
703 704 2
703 743 4
704 705 2
704 744 3
705 706 4
705 745 3
706 707 5
706 746 5
707 708 2
707 747 3
708 709 4
708 748 1
709 710 2
709 749 2
710 711 2
710 750 3
711 712 5
711 751 1
712 713 1
712 752 5
713 714 2
713 753 3
714 715 5
714 754 1
715 716 5
715 755 1
716 717 4
716 756 1
717 718 3
717 757 5
718 719 2
718 758 1
719 720 5
719 759 2
720 760 2
721 722 1
721 761 2
722 723 3
722 762 5
723 724 1
723 763 3
724 725 2
724 764 5
725 726 1
725 765 3
726 727 3
726 766 1
727 728 1
727 767 2
728 729 2
728 768 4
729 730 5
729 769 3
730 731 4
730 770 5
731 732 3
731 771 5
732 733 5
732 772 4
733 734 3
733 773 2
734 735 1
734 774 3
735 736 5
735 775 5
736 737 2
736 776 5
737 738 5
737 777 3
738 739 5
738 778 3
739 740 5
739 779 1
740 741 5
740 780 2
741 742 1
741 781 1
742 743 1
742 782 5
743 744 2
743 783 3
744 745 2
744 784 1
745 746 3
745 785 3
746 747 5
746 786 5
747 748 4
747 787 4
748 749 1
748 788 4
749 750 4
749 789 4
750 751 5
750 790 1
751 752 5
751 791 1
752 753 1
752 792 4
753 754 4
753 793 5
754 755 5
754 794 1
755 756 5
755 795 4
756 757 5
756 796 1
757 758 1
757 797 5
758 759 4
758 798 1
759 760 5
759 799 1
760 800 2
761 762 1
761 801 5
762 763 3
762 802 3
763 764 4
763 803 4
764 765 4
764 804 5
765 766 3
765 805 2
766 767 5
766 806 1
767 768 1
767 807 3
768 769 5
768 808 2
769 770 3
769 809 3
770 771 1
770 810 3
771 772 5
771 811 1
772 773 2
772 812 1
773 774 2
773 813 3
774 775 4
774 814 3
775 776 4
775 815 4
776 777 5
776 816 4
777 778 5
777 817 1
778 779 2
778 818 1
779 780 4
779 819 3
780 781 2
780 820 4
781 782 5
781 821 3
782 783 2
782 822 4
783 784 5
783 823 3
784 785 4
784 824 1
785 786 3
785 825 4
786 787 3
786 826 2
787 788 2
787 827 5
788 789 3
788 828 1
789 790 4
789 829 5
790 791 1
790 830 1
791 792 1
791 831 5
792 793 5
792 832 2
793 794 3
793 833 2
794 795 5
794 834 3
795 796 2
795 835 1
796 797 2
796 836 5
797 798 5
797 837 4
798 799 5
798 838 1
799 800 1
799 839 2
800 840 5
801 802 1
801 841 4
802 803 4
802 842 4
803 804 1
803 843 3
804 805 1
804 844 5
805 806 2
805 845 4
806 807 1
806 846 3
807 808 4
807 847 3
808 809 5
808 848 5
809 810 3
809 849 3
810 811 1
810 850 2
811 812 3
811 851 2
812 813 5
812 852 5
813 814 5
813 853 4
814 815 5
814 854 1
815 816 4
815 855 3
816 817 2
816 856 3
817 818 2
817 857 4
818 819 4
818 858 1
819 820 4
819 859 1
820 821 3
820 860 3
821 822 3
821 861 3
822 823 3
822 862 1
823 824 3
823 863 1
824 825 5
824 864 4
825 826 5
825 865 4
826 827 2
826 866 1
827 828 4
827 867 4
828 829 4
828 868 2
829 830 4
829 869 1
830 831 1
830 870 5
831 832 3
831 871 3
832 833 2
832 872 5
833 834 5
833 873 5
834 835 2
834 874 5
835 836 1
835 875 1
836 837 5
836 876 5
837 838 5
837 877 4
838 839 5
838 878 1
839 840 2
839 879 1
840 880 3
841 842 2
841 881 4
842 843 3
842 882 1
843 844 3
843 883 5
844 845 2
844 884 3
845 846 5
845 885 1
846 847 2
846 886 1
847 848 3
847 887 5
848 849 3
848 888 1
849 850 2
849 889 4
850 851 4
850 890 4
851 852 1
851 891 4
852 853 2
852 892 1
853 854 4
853 893 3
854 855 2
854 894 5
855 856 2
855 895 5
856 857 4
856 896 2
857 858 1
857 897 2
858 859 3
858 898 4
859 860 4
859 899 3
860 861 1
860 900 2
861 862 4
861 901 1
862 863 2
862 902 1
863 864 5
863 903 1
864 865 5
864 904 4
865 866 3
865 905 3
866 867 3
866 906 2
867 868 2
867 907 5
868 869 1
868 908 5
869 870 1
869 909 3
870 871 5
870 910 5
871 872 5
871 911 1
872 873 2
872 912 1
873 874 1
873 913 1
874 875 5
874 914 2
875 876 2
875 915 2
876 877 5
876 916 3
877 878 1
877 917 1
878 879 2
878 918 4
879 880 3
879 919 1
880 920 2
881 882 2
881 921 5
882 883 1
882 922 2
883 884 3
883 923 2
884 885 4
884 924 3
885 886 2
885 925 5
886 887 2
886 926 1
887 888 1
887 927 5
888 889 1
888 928 3
889 890 1
889 929 2
890 891 5
890 930 5
891 892 4
891 931 5
892 893 2
892 932 5
893 894 2
893 933 2
894 895 1
894 934 5
895 896 3
895 935 1
896 897 3
896 936 4
897 898 2
897 937 1
898 899 5
898 938 3
899 900 1
899 939 2
900 901 5
900 940 4
901 902 1
901 941 1
902 903 1
902 942 1
903 904 5
903 943 4
904 905 2
904 944 3
905 906 1
905 945 3
906 907 4
906 946 5
907 908 5
907 947 3
908 909 4
908 948 2
909 910 3
909 949 3
910 911 4
910 950 5
911 912 2
911 951 3
912 913 4
912 952 4
913 914 2
913 953 3
914 915 1
914 954 3
915 916 3
915 955 3
916 917 3
916 956 5
917 918 1
917 957 1
918 919 5
918 958 1
919 920 2
919 959 1
920 960 5
921 922 3
921 961 2
922 923 4
922 962 4
923 924 1
923 963 4
924 925 1
924 964 2
925 926 3
925 965 2
926 927 3
926 966 3
927 928 2
927 967 1
928 929 4
928 968 1
929 930 4
929 969 3
930 931 3
930 970 4
931 932 2
931 971 1
932 933 3
932 972 3
933 934 3
933 973 2
934 935 5
934 974 3
935 936 1
935 975 1
936 937 5
936 976 2
937 938 2
937 977 5
938 939 5
938 978 5
939 940 2
939 979 2
940 941 2
940 980 3
941 942 4
941 981 1
942 943 4
942 982 3
943 944 3
943 983 3
944 945 4
944 984 3
945 946 4
945 985 1
946 947 3
946 986 4
947 948 4
947 987 3
948 949 2
948 988 4
949 950 3
949 989 4
950 951 5
950 990 1
951 952 2
951 991 2
952 953 1
952 992 4
953 954 4
953 993 5
954 955 2
954 994 5
955 956 3
955 995 1
956 957 4
956 996 5
957 958 4
957 997 3
958 959 5
958 998 4
959 960 3
959 999 2
960 1000 4
961 962 4
961 1001 2
962 963 5
962 1002 3
963 964 4
963 1003 5
964 965 1
964 1004 4
965 966 4
965 1005 4
966 967 2
966 1006 3
967 968 5
967 1007 2
968 969 2
968 1008 1
969 970 5
969 1009 4
970 971 3
970 1010 1
971 972 3
971 1011 3
972 973 2
972 1012 5
973 974 5
973 1013 3
974 975 3
974 1014 4
975 976 2
975 1015 5
976 977 3
976 1016 4
977 978 4
977 1017 1
978 979 3
978 1018 3
979 980 5
979 1019 2
980 981 5
980 1020 1
981 982 2
981 1021 2
982 983 5
982 1022 4
983 984 1
983 1023 2
984 985 3
984 1024 5
985 986 1
985 1025 1
986 987 1
986 1026 2
987 988 1
987 1027 3
988 989 4
988 1028 3
989 990 5
989 1029 2
990 991 1
990 1030 3
991 992 3
991 1031 4
992 993 5
992 1032 3
993 994 5
993 1033 3
994 995 3
994 1034 3
995 996 5
995 1035 4
996 997 1
996 1036 4
997 998 4
997 1037 3
998 999 4
998 1038 1
999 1000 1
999 1039 4
1000 1040 4
1001 1002 4
1001 1041 2
1002 1003 5
1002 1042 2
1003 1004 1
1003 1043 3
1004 1005 1
1004 1044 2
1005 1006 4
1005 1045 4
1006 1007 1
1006 1046 1
1007 1008 4
1007 1047 3
1008 1009 4
1008 1048 5
1009 1010 1
1009 1049 4
1010 1011 2
1010 1050 3
1011 1012 3
1011 1051 1
1012 1013 1
1012 1052 4
1013 1014 5
1013 1053 5
1014 1015 2
1014 1054 1
1015 1016 1
1015 1055 4
1016 1017 1
1016 1056 3
1017 1018 2
1017 1057 5
1018 1019 3
1018 1058 5
1019 1020 1
1019 1059 2
1020 1021 1
1020 1060 2
1021 1022 3
1021 1061 3
1022 1023 1
1022 1062 1
1023 1024 2
1023 1063 2
1024 1025 2
1024 1064 1
1025 1026 2
1025 1065 1
1026 1027 4
1026 1066 4
1027 1028 1
1027 1067 3
1028 1029 2
1028 1068 5
1029 1030 4
1029 1069 1
1030 1031 1
1030 1070 5
1031 1032 4
1031 1071 5
1032 1033 5
1032 1072 1
1033 1034 1
1033 1073 5
1034 1035 4
1034 1074 4
1035 1036 5
1035 1075 1
1036 1037 1
1036 1076 3
1037 1038 1
1037 1077 1
1038 1039 5
1038 1078 5
1039 1040 5
1039 1079 5
1040 1080 4
1041 1042 4
1041 1081 2
1042 1043 1
1042 1082 4
1043 1044 3
1043 1083 5
1044 1045 5
1044 1084 2
1045 1046 5
1045 1085 2
1046 1047 4
1046 1086 4
1047 1048 1
1047 1087 2
1048 1049 3
1048 1088 4
1049 1050 5
1049 1089 2
1050 1051 5
1050 1090 4
1051 1052 1
1051 1091 2
1052 1053 2
1052 1092 3
1053 1054 3
1053 1093 3
1054 1055 1
1054 1094 5
1055 1056 3
1055 1095 2
1056 1057 4
1056 1096 4
1057 1058 3
1057 1097 1
1058 1059 2
1058 1098 2
1059 1060 2
1059 1099 5
1060 1061 5
1060 1100 3
1061 1062 5
1061 1101 1
1062 1063 5
1062 1102 4
1063 1064 4
1063 1103 1
1064 1065 2
1064 1104 2
1065 1066 4
1065 1105 5
1066 1067 3
1066 1106 2
1067 1068 1
1067 1107 4
1068 1069 5
1068 1108 5
1069 1070 4
1069 1109 4
1070 1071 5
1070 1110 1
1071 1072 2
1071 1111 1
1072 1073 1
1072 1112 1
1073 1074 5
1073 1113 5
1074 1075 1
1074 1114 3
1075 1076 5
1075 1115 1
1076 1077 5
1076 1116 3
1077 1078 5
1077 1117 5
1078 1079 4
1078 1118 4
1079 1080 4
1079 1119 4
1080 1120 3
1081 1082 5
1081 1121 2
1082 1083 2
1082 1122 3
1083 1084 4
1083 1123 1
1084 1085 4
1084 1124 2
1085 1086 3
1085 1125 2
1086 1087 2
1086 1126 4
1087 1088 2
1087 1127 3
1088 1089 2
1088 1128 2
1089 1090 3
1089 1129 4
1090 1091 1
1090 1130 5
1091 1092 4
1091 1131 1
1092 1093 1
1092 1132 4
1093 1094 4
1093 1133 2
1094 1095 4
1094 1134 5
1095 1096 5
1095 1135 3
1096 1097 4
1096 1136 1
1097 1098 2
1097 1137 5
1098 1099 5
1098 1138 2
1099 1100 4
1099 1139 4
1100 1101 3
1100 1140 2
1101 1102 3
1101 1141 1
1102 1103 4
1102 1142 3
1103 1104 4
1103 1143 3
1104 1105 4
1104 1144 2
1105 1106 5
1105 1145 5
1106 1107 2
1106 1146 4
1107 1108 1
1107 1147 3
1108 1109 3
1108 1148 2
1109 1110 1
1109 1149 2
1110 1111 5
1110 1150 5
1111 1112 4
1111 1151 4
1112 1113 4
1112 1152 4
1113 1114 2
1113 1153 3
1114 1115 4
1114 1154 4
1115 1116 2
1115 1155 5
1116 1117 2
1116 1156 2
1117 1118 5
1117 1157 2
1118 1119 4
1118 1158 3
1119 1120 2
1119 1159 4
1120 1160 3
1121 1122 2
1121 1161 3
1122 1123 3
1122 1162 1
1123 1124 4
1123 1163 5
1124 1125 2
1124 1164 3
1125 1126 3
1125 1165 1
1126 1127 2
1126 1166 4
1127 1128 4
1127 1167 2
1128 1129 3
1128 1168 4
1129 1130 1
1129 1169 2
1130 1131 5
1130 1170 3
1131 1132 4
1131 1171 5
1132 1133 4
1132 1172 2
1133 1134 2
1133 1173 3
1134 1135 1
1134 1174 4
1135 1136 5
1135 1175 1
1136 1137 1
1136 1176 5
1137 1138 4
1137 1177 1
1138 1139 3
1138 1178 5
1139 1140 4
1139 1179 3
1140 1141 3
1140 1180 4
1141 1142 1
1141 1181 2
1142 1143 5
1142 1182 4
1143 1144 5
1143 1183 4
1144 1145 1
1144 1184 3
1145 1146 2
1145 1185 3
1146 1147 4
1146 1186 2
1147 1148 1
1147 1187 2
1148 1149 2
1148 1188 4
1149 1150 1
1149 1189 1
1150 1151 5
1150 1190 3
1151 1152 4
1151 1191 4
1152 1153 2
1152 1192 4
1153 1154 1
1153 1193 3
1154 1155 3
1154 1194 4
1155 1156 1
1155 1195 5
1156 1157 3
1156 1196 4
1157 1158 2
1157 1197 2
1158 1159 1
1158 1198 3
1159 1160 3
1159 1199 3
1160 1200 4
1161 1162 2
1161 1201 3
1162 1163 2
1162 1202 5
1163 1164 5
1163 1203 2
1164 1165 5
1164 1204 4
1165 1166 2
1165 1205 3
1166 1167 3
1166 1206 2
1167 1168 5
1167 1207 1
1168 1169 1
1168 1208 3
1169 1170 4
1169 1209 4
1170 1171 2
1170 1210 5
1171 1172 3
1171 1211 2
1172 1173 1
1172 1212 5
1173 1174 2
1173 1213 2
1174 1175 4
1174 1214 5
1175 1176 3
1175 1215 2
1176 1177 3
1176 1216 2
1177 1178 3
1177 1217 5
1178 1179 3
1178 1218 1
1179 1180 5
1179 1219 4
1180 1181 3
1180 1220 5
1181 1182 3
1181 1221 3
1182 1183 5
1182 1222 1
1183 1184 5
1183 1223 4
1184 1185 3
1184 1224 4
1185 1186 3
1185 1225 3
1186 1187 2
1186 1226 5
1187 1188 5
1187 1227 1
1188 1189 2
1188 1228 1
1189 1190 2
1189 1229 1
1190 1191 5
1190 1230 3
1191 1192 2
1191 1231 4
1192 1193 2
1192 1232 5
1193 1194 2
1193 1233 4
1194 1195 3
1194 1234 3
1195 1196 1
1195 1235 3
1196 1197 1
1196 1236 3
1197 1198 5
1197 1237 2
1198 1199 2
1198 1238 4
1199 1200 1
1199 1239 4
1200 1240 5
1201 1202 1
1201 1241 4
1202 1203 2
1202 1242 1
1203 1204 5
1203 1243 4
1204 1205 1
1204 1244 2
1205 1206 5
1205 1245 2
1206 1207 3
1206 1246 4
1207 1208 1
1207 1247 3
1208 1209 5
1208 1248 4
1209 1210 1
1209 1249 2
1210 1211 4
1210 1250 4
1211 1212 3
1211 1251 1
1212 1213 5
1212 1252 3
1213 1214 4
1213 1253 4
1214 1215 5
1214 1254 1
1215 1216 1
1215 1255 4
1216 1217 2
1216 1256 3
1217 1218 1
1217 1257 1
1218 1219 1
1218 1258 3
1219 1220 4
1219 1259 3
1220 1221 3
1220 1260 2
1221 1222 5
1221 1261 3
1222 1223 1
1222 1262 1
1223 1224 2
1223 1263 3
1224 1225 4
1224 1264 1
1225 1226 3
1225 1265 1
1226 1227 4
1226 1266 1
1227 1228 1
1227 1267 5
1228 1229 3
1228 1268 3
1229 1230 5
1229 1269 3
1230 1231 4
1230 1270 4
1231 1232 4
1231 1271 1
1232 1233 4
1232 1272 2
1233 1234 2
1233 1273 4
1234 1235 4
1234 1274 3
1235 1236 2
1235 1275 2
1236 1237 5
1236 1276 4
1237 1238 3
1237 1277 4
1238 1239 5
1238 1278 2
1239 1240 1
1239 1279 5
1240 1280 1
1241 1242 4
1241 1281 2
1242 1243 4
1242 1282 4
1243 1244 2
1243 1283 4
1244 1245 5
1244 1284 4
1245 1246 5
1245 1285 3
1246 1247 5
1246 1286 3
1247 1248 4
1247 1287 2
1248 1249 3
1248 1288 2
1249 1250 2
1249 1289 2
1250 1251 3
1250 1290 4
1251 1252 1
1251 1291 4
1252 1253 5
1252 1292 2
1253 1254 4
1253 1293 5
1254 1255 3
1254 1294 3
1255 1256 2
1255 1295 5
1256 1257 1
1256 1296 3
1257 1258 2
1257 1297 5
1258 1259 5
1258 1298 2
1259 1260 5
1259 1299 2
1260 1261 2
1260 1300 5
1261 1262 4
1261 1301 2
1262 1263 1
1262 1302 2
1263 1264 2
1263 1303 3
1264 1265 1
1264 1304 4
1265 1266 5
1265 1305 3
1266 1267 3
1266 1306 4
1267 1268 1
1267 1307 1
1268 1269 5
1268 1308 5
1269 1270 3
1269 1309 5
1270 1271 2
1270 1310 5
1271 1272 5
1271 1311 4
1272 1273 2
1272 1312 3
1273 1274 1
1273 1313 5
1274 1275 4
1274 1314 2
1275 1276 1
1275 1315 1
1276 1277 4
1276 1316 2
1277 1278 3
1277 1317 1
1278 1279 3
1278 1318 3
1279 1280 4
1279 1319 3
1280 1320 1
1281 1282 4
1281 1321 3
1282 1283 2
1282 1322 5
1283 1284 5
1283 1323 2
1284 1285 2
1284 1324 1
1285 1286 2
1285 1325 5
1286 1287 4
1286 1326 4
1287 1288 4
1287 1327 1
1288 1289 1
1288 1328 3
1289 1290 1
1289 1329 2
1290 1291 5
1290 1330 5
1291 1292 1
1291 1331 4
1292 1293 1
1292 1332 4
1293 1294 4
1293 1333 1
1294 1295 3
1294 1334 1
1295 1296 3
1295 1335 1
1296 1297 4
1296 1336 3
1297 1298 2
1297 1337 5
1298 1299 2
1298 1338 4
1299 1300 1
1299 1339 2
1300 1301 4
1300 1340 5
1301 1302 1
1301 1341 4
1302 1303 1
1302 1342 3
1303 1304 4
1303 1343 2
1304 1305 3
1304 1344 2
1305 1306 5
1305 1345 1
1306 1307 4
1306 1346 2
1307 1308 1
1307 1347 5
1308 1309 5
1308 1348 5
1309 1310 4
1309 1349 2
1310 1311 3
1310 1350 3
1311 1312 1
1311 1351 4
1312 1313 1
1312 1352 5
1313 1314 4
1313 1353 5
1314 1315 3
1314 1354 2
1315 1316 2
1315 1355 2
1316 1317 5
1316 1356 3
1317 1318 2
1317 1357 2
1318 1319 2
1318 1358 5
1319 1320 1
1319 1359 3
1320 1360 5
1321 1322 1
1321 1361 3
1322 1323 1
1322 1362 2
1323 1324 5
1323 1363 3
1324 1325 3
1324 1364 1
1325 1326 5
1325 1365 2
1326 1327 4
1326 1366 2
1327 1328 4
1327 1367 1
1328 1329 3
1328 1368 2
1329 1330 2
1329 1369 4
1330 1331 3
1330 1370 3
1331 1332 5
1331 1371 3
1332 1333 5
1332 1372 5
1333 1334 1
1333 1373 4
1334 1335 1
1334 1374 4
1335 1336 5
1335 1375 2
1336 1337 5
1336 1376 5
1337 1338 3
1337 1377 5
1338 1339 1
1338 1378 1
1339 1340 1
1339 1379 3
1340 1341 4
1340 1380 4
1341 1342 4
1341 1381 2
1342 1343 5
1342 1382 4
1343 1344 3
1343 1383 2
1344 1345 1
1344 1384 2
1345 1346 5
1345 1385 3
1346 1347 3
1346 1386 4
1347 1348 4
1347 1387 4
1348 1349 2
1348 1388 5
1349 1350 2
1349 1389 3
1350 1351 4
1350 1390 1
1351 1352 5
1351 1391 4
1352 1353 3
1352 1392 3
1353 1354 1
1353 1393 4
1354 1355 4
1354 1394 2
1355 1356 2
1355 1395 1
1356 1357 2
1356 1396 4
1357 1358 4
1357 1397 5
1358 1359 1
1358 1398 1
1359 1360 5
1359 1399 5
1360 1400 1
1361 1362 1
1361 1401 4
1362 1363 1
1362 1402 2
1363 1364 4
1363 1403 5
1364 1365 4
1364 1404 5
1365 1366 3
1365 1405 3
1366 1367 3
1366 1406 5
1367 1368 1
1367 1407 5
1368 1369 3
1368 1408 5
1369 1370 1
1369 1409 3
1370 1371 3
1370 1410 2
1371 1372 2
1371 1411 1
1372 1373 1
1372 1412 1
1373 1374 5
1373 1413 2
1374 1375 3
1374 1414 3
1375 1376 5
1375 1415 2
1376 1377 4
1376 1416 4
1377 1378 5
1377 1417 4
1378 1379 4
1378 1418 5
1379 1380 5
1379 1419 3
1380 1381 5
1380 1420 1
1381 1382 5
1381 1421 5
1382 1383 3
1382 1422 3
1383 1384 5
1383 1423 4
1384 1385 1
1384 1424 2
1385 1386 3
1385 1425 5
1386 1387 2
1386 1426 3
1387 1388 4
1387 1427 5
1388 1389 2
1388 1428 2
1389 1390 1
1389 1429 3
1390 1391 2
1390 1430 5
1391 1392 5
1391 1431 1
1392 1393 4
1392 1432 1
1393 1394 5
1393 1433 2
1394 1395 5
1394 1434 2
1395 1396 5
1395 1435 1
1396 1397 4
1396 1436 1
1397 1398 2
1397 1437 5
1398 1399 2
1398 1438 2
1399 1400 3
1399 1439 4
1400 1440 3
1401 1402 1
1401 1441 4
1402 1403 5
1402 1442 2
1403 1404 2
1403 1443 5
1404 1405 4
1404 1444 2
1405 1406 2
1405 1445 1
1406 1407 4
1406 1446 5
1407 1408 1
1407 1447 3
1408 1409 2
1408 1448 3
1409 1410 1
1409 1449 3
1410 1411 4
1410 1450 2
1411 1412 4
1411 1451 5
1412 1413 1
1412 1452 2
1413 1414 1
1413 1453 1
1414 1415 4
1414 1454 5
1415 1416 1
1415 1455 5
1416 1417 2
1416 1456 3
1417 1418 2
1417 1457 2
1418 1419 1
1418 1458 2
1419 1420 3
1419 1459 2
1420 1421 1
1420 1460 4
1421 1422 1
1421 1461 3
1422 1423 4
1422 1462 3
1423 1424 2
1423 1463 4
1424 1425 2
1424 1464 2
1425 1426 2
1425 1465 3
1426 1427 4
1426 1466 1
1427 1428 4
1427 1467 3
1428 1429 5
1428 1468 4
1429 1430 5
1429 1469 4
1430 1431 4
1430 1470 1
1431 1432 3
1431 1471 4
1432 1433 1
1432 1472 1
1433 1434 3
1433 1473 4
1434 1435 5
1434 1474 5
1435 1436 2
1435 1475 2
1436 1437 3
1436 1476 1
1437 1438 4
1437 1477 4
1438 1439 3
1438 1478 1
1439 1440 2
1439 1479 3
1440 1480 4
1441 1442 1
1441 1481 1
1442 1443 4
1442 1482 3
1443 1444 3
1443 1483 5
1444 1445 5
1444 1484 1
1445 1446 1
1445 1485 4
1446 1447 4
1446 1486 3
1447 1448 4
1447 1487 1
1448 1449 1
1448 1488 3
1449 1450 5
1449 1489 3
1450 1451 3
1450 1490 1
1451 1452 4
1451 1491 3
1452 1453 1
1452 1492 2
1453 1454 1
1453 1493 1
1454 1455 2
1454 1494 2
1455 1456 1
1455 1495 1
1456 1457 5
1456 1496 3
1457 1458 4
1457 1497 2
1458 1459 5
1458 1498 3
1459 1460 1
1459 1499 4
1460 1461 1
1460 1500 3
1461 1462 3
1461 1501 1
1462 1463 5
1462 1502 1
1463 1464 5
1463 1503 1
1464 1465 3
1464 1504 5
1465 1466 2
1465 1505 2
1466 1467 3
1466 1506 3
1467 1468 2
1467 1507 1
1468 1469 1
1468 1508 3
1469 1470 5
1469 1509 4
1470 1471 2
1470 1510 3
1471 1472 1
1471 1511 4
1472 1473 3
1472 1512 2
1473 1474 5
1473 1513 5
1474 1475 2
1474 1514 3
1475 1476 4
1475 1515 5
1476 1477 2
1476 1516 1
1477 1478 5
1477 1517 3
1478 1479 5
1478 1518 2
1479 1480 5
1479 1519 4
1480 1520 5
1481 1482 1
1481 1521 5
1482 1483 1
1482 1522 2
1483 1484 5
1483 1523 1
1484 1485 2
1484 1524 1
1485 1486 2
1485 1525 5
1486 1487 1
1486 1526 1
1487 1488 2
1487 1527 4
1488 1489 3
1488 1528 1
1489 1490 2
1489 1529 2
1490 1491 2
1490 1530 5
1491 1492 2
1491 1531 3
1492 1493 5
1492 1532 1
1493 1494 4
1493 1533 3
1494 1495 4
1494 1534 2
1495 1496 1
1495 1535 5
1496 1497 4
1496 1536 5
1497 1498 1
1497 1537 5
1498 1499 1
1498 1538 1
1499 1500 2
1499 1539 1
1500 1501 4
1500 1540 4
1501 1502 2
1501 1541 5
1502 1503 2
1502 1542 2
1503 1504 3
1503 1543 1
1504 1505 1
1504 1544 3
1505 1506 2
1505 1545 3
1506 1507 2
1506 1546 5
1507 1508 5
1507 1547 4
1508 1509 3
1508 1548 5
1509 1510 4
1509 1549 5
1510 1511 2
1510 1550 2
1511 1512 4
1511 1551 1
1512 1513 2
1512 1552 5
1513 1514 3
1513 1553 1
1514 1515 4
1514 1554 1
1515 1516 3
1515 1555 1
1516 1517 1
1516 1556 3
1517 1518 5
1517 1557 4
1518 1519 1
1518 1558 4
1519 1520 3
1519 1559 2
1520 1560 5
1521 1522 2
1521 1561 4
1522 1523 2
1522 1562 5
1523 1524 2
1523 1563 4
1524 1525 2
1524 1564 2
1525 1526 3
1525 1565 5
1526 1527 4
1526 1566 5
1527 1528 2
1527 1567 2
1528 1529 4
1528 1568 2
1529 1530 3
1529 1569 4
1530 1531 4
1530 1570 5
1531 1532 3
1531 1571 4
1532 1533 1
1532 1572 1
1533 1534 5
1533 1573 4
1534 1535 2
1534 1574 1
1535 1536 4
1535 1575 5
1536 1537 3
1536 1576 2
1537 1538 1
1537 1577 4
1538 1539 5
1538 1578 2
1539 1540 2
1539 1579 5
1540 1541 4
1540 1580 3
1541 1542 4
1541 1581 2
1542 1543 2
1542 1582 2
1543 1544 4
1543 1583 1
1544 1545 2
1544 1584 3
1545 1546 1
1545 1585 1
1546 1547 5
1546 1586 4
1547 1548 4
1547 1587 3
1548 1549 4
1548 1588 5
1549 1550 2
1549 1589 3
1550 1551 5
1550 1590 3
1551 1552 4
1551 1591 2
1552 1553 3
1552 1592 1
1553 1554 2
1553 1593 2
1554 1555 4
1554 1594 5
1555 1556 5
1555 1595 4
1556 1557 2
1556 1596 2
1557 1558 1
1557 1597 5
1558 1559 3
1558 1598 4
1559 1560 4
1559 1599 4
1560 1600 2
1561 1562 5
1562 1563 2
1563 1564 1
1564 1565 1
1565 1566 3
1566 1567 3
1567 1568 4
1568 1569 2
1569 1570 4
1570 1571 3
1571 1572 5
1572 1573 3
1573 1574 4
1574 1575 5
1575 1576 1
1576 1577 1
1577 1578 1
1578 1579 1
1579 1580 3
1580 1581 4
1581 1582 3
1582 1583 3
1583 1584 5
1584 1585 4
1585 1586 4
1586 1587 5
1587 1588 4
1588 1589 2
1589 1590 2
1590 1591 5
1591 1592 4
1592 1593 3
1593 1594 4
1594 1595 4
1595 1596 3
1596 1597 5
1597 1598 4
1598 1599 2
1599 1600 1
1 1561 2
2 1562 3
3 1563 2
4 1564 2
5 1565 2
6 1566 4
7 1567 3
8 1568 1
9 1569 4
10 1570 2
11 1571 3
12 1572 5
13 1573 1
14 1574 4
15 1575 4
16 1576 2
17 1577 5
18 1578 2
19 1579 2
20 1580 1
21 1581 4
22 1582 5
23 1583 3
24 1584 5
25 1585 1
26 1586 3
27 1587 5
28 1588 5
29 1589 2
30 1590 3
31 1591 1
32 1592 4
33 1593 3
34 1594 2
35 1595 2
36 1596 3
37 1597 1
38 1598 2
39 1599 3
40 1600 2
1 40 3
41 80 1
81 120 5
121 160 3
161 200 5
201 240 4
241 280 4
281 320 3
321 360 1
361 400 1
401 440 5
441 480 4
481 520 3
521 560 3
561 600 1
601 640 4
641 680 1
681 720 1
721 760 4
761 800 4
801 840 2
841 880 3
881 920 4
921 960 2
961 1000 2
1001 1040 1
1041 1080 5
1081 1120 2
1121 1160 4
1161 1200 2
1201 1240 2
1241 1280 2
1281 1320 4
1321 1360 3
1361 1400 1
1401 1440 4
1441 1480 4
1481 1520 4
1521 1560 3
1561 1600 3
