1600 3200
1 2 5
1 41 5
2 3 2
2 42 4
3 4 4
3 43 2
4 5 4
4 44 1
5 6 1
5 45 1
6 7 4
6 46 3
7 8 1
7 47 3
8 9 4
8 48 4
9 10 1
9 49 3
10 11 2
10 50 2
11 12 3
11 51 4
12 13 1
12 52 4
13 14 3
13 53 1
14 15 2
14 54 2
15 16 3
15 55 4
16 17 3
16 56 4
17 18 3
17 57 4
18 19 3
18 58 3
19 20 3
19 59 4
20 21 4
20 60 1
21 22 4
21 61 2
22 23 5
22 62 1
23 24 3
23 63 3
24 25 5
24 64 2
25 26 5
25 65 3
26 27 5
26 66 2
27 28 1
27 67 5
28 29 5
28 68 1
29 30 3
29 69 3
30 31 5
30 70 3
31 32 3
31 71 5
32 33 4
32 72 4
33 34 2
33 73 4
34 35 5
34 74 4
35 36 5
35 75 5
36 37 4
36 76 4
37 38 5
37 77 1
38 39 5
38 78 4
39 40 1
39 79 4
40 80 1
41 42 5
41 81 5
42 43 3
42 82 4
43 44 4
43 83 1
44 45 3
44 84 2
45 46 3
45 85 1
46 47 4
46 86 5
47 48 2
47 87 2
48 49 3
48 88 4
49 50 2
49 89 4
50 51 4
50 90 4
51 52 2
51 91 2
52 53 1
52 92 3
53 54 2
53 93 1
54 55 5
54 94 2
55 56 3
55 95 1
56 57 3
56 96 2
57 58 5
57 97 1
58 59 3
58 98 3
59 60 2
59 99 5
60 61 2
60 100 3
61 62 4
61 101 4
62 63 4
62 102 4
63 64 3
63 103 4
64 65 3
64 104 3
65 66 1
65 105 4
66 67 2
66 106 4
67 68 4
67 107 4
68 69 5
68 108 4
69 70 5
69 109 2
70 71 3
70 110 4
71 72 1
71 111 1
72 73 5
72 112 1
73 74 1
73 113 1
74 75 3
74 114 3
75 76 2
75 115 3
76 77 4
76 116 2
77 78 3
77 117 3
78 79 4
78 118 1
79 80 1
79 119 1
80 120 1
81 82 1
81 121 3
82 83 5
82 122 4
83 84 5
83 123 3
84 85 3
84 124 1
85 86 3
85 125 1
86 87 1
86 126 1
87 88 3
87 127 4
88 89 4
88 128 4
89 90 5
89 129 5
90 91 2
90 130 2
91 92 5
91 131 1
92 93 5
92 132 2
93 94 5
93 133 3
94 95 1
94 134 1
95 96 3
95 135 2
96 97 3
96 136 3
97 98 5
97 137 5
98 99 5
98 138 1
99 100 3
99 139 4
100 101 1
100 140 4
101 102 4
101 141 4
102 103 5
102 142 5
103 104 3
103 143 4
104 105 4
104 144 2
105 106 1
105 145 2
106 107 1
106 146 1
107 108 5
107 147 3
108 109 4
108 148 2
109 110 3
109 149 5
110 111 3
110 150 4
111 112 3
111 151 4
112 113 1
112 152 5
113 114 1
113 153 2
114 115 4
114 154 5
115 116 3
115 155 4
116 117 1
116 156 1
117 118 5
117 157 5
118 119 5
118 158 2
119 120 5
119 159 1
120 160 2
121 122 4
121 161 1
122 123 4
122 162 4
123 124 3
123 163 1
124 125 3
124 164 1
125 126 1
125 165 1
126 127 5
126 166 3
127 128 4
127 167 1
128 129 2
128 168 2
129 130 4
129 169 2
130 131 4
130 170 5
131 132 2
131 171 4
132 133 1
132 172 2
133 134 3
133 173 2
134 135 2
134 174 2
135 136 1
135 175 4
136 137 1
136 176 4
137 138 3
137 177 3
138 139 2
138 178 5
139 140 1
139 179 3
140 141 2
140 180 2
141 142 4
141 181 5
142 143 5
142 182 1
143 144 3
143 183 2
144 145 5
144 184 2
145 146 5
145 185 1
146 147 5
146 186 4
147 148 1
147 187 5
148 149 3
148 188 2
149 150 5
149 189 3
150 151 2
150 190 2
151 152 1
151 191 4
152 153 5
152 192 1
153 154 5
153 193 2
154 155 1
154 194 5
155 156 2
155 195 4
156 157 2
156 196 2
157 158 5
157 197 1
158 159 5
158 198 1
159 160 4
159 199 2
160 200 5
161 162 5
161 201 1
162 163 5
162 202 5
163 164 3
163 203 2
164 165 3
164 204 1
165 166 3
165 205 3
166 167 4
166 206 3
167 168 4
167 207 3
168 169 1
168 208 2
169 170 3
169 209 1
170 171 2
170 210 1
171 172 3
171 211 1
172 173 4
172 212 2
173 174 1
173 213 2
174 175 4
174 214 2
175 176 2
175 215 1
176 177 2
176 216 5
177 178 3
177 217 4
178 179 3
178 218 4
179 180 1
179 219 3
180 181 4
180 220 2
181 182 3
181 221 1
182 183 4
182 222 3
183 184 1
183 223 5
184 185 2
184 224 2
185 186 4
185 225 3
186 187 4
186 226 2
187 188 4
187 227 4
188 189 1
188 228 2
189 190 2
189 229 4
190 191 4
190 230 2
191 192 5
191 231 1
192 193 2
192 232 5
193 194 1
193 233 4
194 195 2
194 234 4
195 196 5
195 235 5
196 197 5
196 236 5
197 198 1
197 237 2
198 199 5
198 238 3
199 200 4
199 239 5
200 240 4
201 202 3
201 241 4
202 203 4
202 242 3
203 204 2
203 243 1
204 205 5
204 244 5
205 206 2
205 245 4
206 207 5
206 246 3
207 208 4
207 247 3
208 209 5
208 248 5
209 210 4
209 249 4
210 211 4
210 250 3
211 212 2
211 251 5
212 213 5
212 252 4
213 214 5
213 253 5
214 215 3
214 254 1
215 216 5
215 255 2
216 217 4
216 256 2
217 218 4
217 257 2
218 219 2
218 258 2
219 220 1
219 259 3
220 221 2
220 260 2
221 222 4
221 261 3
222 223 5
222 262 3
223 224 3
223 263 4
224 225 5
224 264 1
225 226 3
225 265 5
226 227 1
226 266 5
227 228 4
227 267 4
228 229 4
228 268 1
229 230 3
229 269 1
230 231 1
230 270 1
231 232 5
231 271 1
232 233 3
232 272 5
233 234 4
233 273 1
234 235 5
234 274 2
235 236 2
235 275 2
236 237 2
236 276 1
237 238 2
237 277 5
238 239 5
238 278 2
239 240 1
239 279 5
240 280 3
241 242 1
241 281 2
242 243 3
242 282 2
243 244 3
243 283 2
244 245 4
244 284 5
245 246 4
245 285 1
246 247 3
246 286 4
247 248 3
247 287 4
248 249 3
248 288 3
249 250 2
249 289 2
250 251 3
250 290 4
251 252 3
251 291 2
252 253 1
252 292 3
253 254 3
253 293 3
254 255 4
254 294 5
255 256 4
255 295 5
256 257 1
256 296 5
257 258 5
257 297 4
258 259 1
258 298 2
259 260 4
259 299 1
260 261 3
260 300 3
261 262 4
261 301 3
262 263 1
262 302 1
263 264 5
263 303 5
264 265 2
264 304 5
265 266 5
265 305 5
266 267 3
266 306 1
267 268 4
267 307 5
268 269 4
268 308 4
269 270 3
269 309 5
270 271 1
270 310 3
271 272 1
271 311 3
272 273 5
272 312 1
273 274 5
273 313 5
274 275 2
274 314 1
275 276 1
275 315 3
276 277 3
276 316 3
277 278 3
277 317 4
278 279 3
278 318 5
279 280 2
279 319 3
280 320 1
281 282 4
281 321 3
282 283 3
282 322 2
283 284 1
283 323 5
284 285 4
284 324 5
285 286 4
285 325 1
286 287 2
286 326 2
287 288 1
287 327 4
288 289 5
288 328 4
289 290 4
289 329 1
290 291 5
290 330 5
291 292 5
291 331 1
292 293 2
292 332 4
293 294 3
293 333 5
294 295 3
294 334 1
295 296 1
295 335 1
296 297 4
296 336 4
297 298 1
297 337 4
298 299 3
298 338 3
299 300 3
299 339 2
300 301 1
300 340 2
301 302 3
301 341 2
302 303 3
302 342 1
303 304 1
303 343 3
304 305 2
304 344 2
305 306 2
305 345 3
306 307 1
306 346 5
307 308 5
307 347 5
308 309 5
308 348 1
309 310 5
309 349 1
310 311 1
310 350 2
311 312 5
311 351 3
312 313 1
312 352 1
313 314 2
313 353 2
314 315 2
314 354 2
315 316 5
315 355 2
316 317 2
316 356 5
317 318 3
317 357 5
318 319 3
318 358 5
319 320 5
319 359 5
320 360 4
321 322 2
321 361 2
322 323 5
322 362 4
323 324 2
323 363 5
324 325 4
324 364 3
325 326 1
325 365 5
326 327 4
326 366 1
327 328 5
327 367 4
328 329 4
328 368 1
329 330 4
329 369 3
330 331 1
330 370 1
331 332 1
331 371 2
332 333 4
332 372 1
333 334 3
333 373 2
334 335 1
334 374 5
335 336 5
335 375 2
336 337 4
336 376 1
337 338 1
337 377 4
338 339 3
338 378 2
339 340 5
339 379 5
340 341 4
340 380 1
341 342 5
341 381 3
342 343 4
342 382 4
343 344 4
343 383 3
344 345 1
344 384 2
345 346 4
345 385 2
346 347 1
346 386 3
347 348 3
347 387 3
348 349 4
348 388 3
349 350 5
349 389 2
350 351 3
350 390 3
351 352 1
351 391 1
352 353 5
352 392 2
353 354 2
353 393 1
354 355 1
354 394 1
355 356 3
355 395 5
356 357 3
356 396 5
357 358 3
357 397 1
358 359 5
358 398 4
359 360 2
359 399 3
360 400 4
361 362 1
361 401 1
362 363 2
362 402 4
363 364 5
363 403 2
364 365 1
364 404 2
365 366 1
365 405 2
366 367 3
366 406 5
367 368 3
367 407 2
368 369 5
368 408 1
369 370 2
369 409 3
370 371 4
370 410 5
371 372 1
371 411 4
372 373 3
372 412 4
373 374 1
373 413 1
374 375 5
374 414 5
375 376 4
375 415 1
376 377 4
376 416 1
377 378 1
377 417 2
378 379 2
378 418 3
379 380 2
379 419 3
380 381 2
380 420 4
381 382 4
381 421 3
382 383 4
382 422 1
383 384 4
383 423 4
384 385 2
384 424 2
385 386 2
385 425 5
386 387 2
386 426 2
387 388 4
387 427 4
388 389 3
388 428 5
389 390 4
389 429 2
390 391 5
390 430 3
391 392 5
391 431 5
392 393 5
392 432 1
393 394 2
393 433 5
394 395 2
394 434 5
395 396 5
395 435 1
396 397 3
396 436 1
397 398 1
397 437 1
398 399 1
398 438 2
399 400 1
399 439 2
400 440 3
401 402 4
401 441 1
402 403 1
402 442 2
403 404 1
403 443 1
404 405 2
404 444 1
405 406 3
405 445 4
406 407 3
406 446 4
407 408 2
407 447 1
408 409 4
408 448 3
409 410 4
409 449 5
410 411 4
410 450 3
411 412 4
411 451 1
412 413 3
412 452 5
413 414 3
413 453 3
414 415 3
414 454 4
415 416 1
415 455 3
416 417 3
416 456 3
417 418 3
417 457 1
418 419 5
418 458 4
419 420 2
419 459 3
420 421 3
420 460 3
421 422 1
421 461 5
422 423 2
422 462 5
423 424 1
423 463 2
424 425 5
424 464 1
425 426 5
425 465 5
426 427 5
426 466 1
427 428 5
427 467 3
428 429 3
428 468 3
429 430 4
429 469 2
430 431 2
430 470 2
431 432 1
431 471 1
432 433 3
432 472 2
433 434 4
433 473 3
434 435 1
434 474 2
435 436 4
435 475 1
436 437 3
436 476 3
437 438 5
437 477 2
438 439 2
438 478 1
439 440 4
439 479 1
440 480 4
441 442 5
441 481 2
442 443 1
442 482 4
443 444 2
443 483 5
444 445 4
444 484 1
445 446 3
445 485 3
446 447 1
446 486 1
447 448 3
447 487 1
448 449 5
448 488 3
449 450 2
449 489 4
450 451 2
450 490 5
451 452 4
451 491 4
452 453 5
452 492 4
453 454 2
453 493 5
454 455 3
454 494 4
455 456 3
455 495 1
456 457 5
456 496 3
457 458 3
457 497 2
458 459 1
458 498 2
459 460 1
459 499 4
460 461 2
460 500 5
461 462 3
461 501 3
462 463 4
462 502 3
463 464 1
463 503 3
464 465 1
464 504 1
465 466 5
465 505 1
466 467 2
466 506 4
467 468 5
467 507 5
468 469 3
468 508 5
469 470 1
469 509 4
470 471 1
470 510 4
471 472 3
471 511 4
472 473 1
472 512 4
473 474 2
473 513 4
474 475 2
474 514 2
475 476 3
475 515 1
476 477 5
476 516 2
477 478 5
477 517 1
478 479 4
478 518 1
479 480 5
479 519 2
480 520 3
481 482 5
481 521 2
482 483 3
482 522 3
483 484 1
483 523 1
484 485 2
484 524 3
485 486 5
485 525 3
486 487 2
486 526 5
487 488 1
487 527 1
488 489 3
488 528 5
489 490 1
489 529 3
490 491 4
490 530 3
491 492 5
491 531 2
492 493 3
492 532 1
493 494 4
493 533 4
494 495 4
494 534 3
495 496 1
495 535 1
496 497 4
496 536 2
497 498 5
497 537 4
498 499 3
498 538 1
499 500 3
499 539 1
500 501 5
500 540 3
501 502 1
501 541 5
502 503 1
502 542 1
503 504 5
503 543 5
504 505 3
504 544 3
505 506 1
505 545 1
506 507 3
506 546 2
507 508 2
507 547 5
508 509 5
508 548 1
509 510 5
509 549 4
510 511 1
510 550 5
511 512 1
511 551 2
512 513 4
512 552 3
513 514 4
513 553 3
514 515 1
514 554 1
515 516 3
515 555 3
516 517 1
516 556 4
517 518 5
517 557 2
518 519 3
518 558 3
519 520 4
519 559 1
520 560 1
521 522 2
521 561 4
522 523 2
522 562 4
523 524 2
523 563 3
524 525 3
524 564 2
525 526 4
525 565 3
526 527 3
526 566 3
527 528 1
527 567 5
528 529 1
528 568 1
529 530 1
529 569 5
530 531 3
530 570 2
531 532 4
531 571 5
532 533 3
532 572 3
533 534 1
533 573 3
534 535 3
534 574 2
535 536 2
535 575 2
536 537 4
536 576 4
537 538 1
537 577 4
538 539 2
538 578 1
539 540 2
539 579 5
540 541 5
540 580 1
541 542 3
541 581 1
542 543 2
542 582 5
543 544 5
543 583 2
544 545 3
544 584 5
545 546 3
545 585 2
546 547 4
546 586 2
547 548 1
547 587 3
548 549 3
548 588 3
549 550 4
549 589 4
550 551 4
550 590 5
551 552 3
551 591 4
552 553 2
552 592 5
553 554 3
553 593 3
554 555 3
554 594 4
555 556 5
555 595 2
556 557 4
556 596 4
557 558 3
557 597 5
558 559 5
558 598 5
559 560 4
559 599 4
560 600 2
561 562 3
561 601 5
562 563 2
562 602 4
563 564 3
563 603 4
564 565 5
564 604 3
565 566 1
565 605 4
566 567 1
566 606 1
567 568 1
567 607 5
568 569 4
568 608 4
569 570 2
569 609 1
570 571 5
570 610 1
571 572 5
571 611 3
572 573 1
572 612 2
573 574 4
573 613 3
574 575 4
574 614 1
575 576 4
575 615 5
576 577 3
576 616 5
577 578 4
577 617 3
578 579 5
578 618 2
579 580 3
579 619 1
580 581 4
580 620 2
581 582 5
581 621 1
582 583 2
582 622 5
583 584 3
583 623 3
584 585 5
584 624 2
585 586 2
585 625 1
586 587 1
586 626 4
587 588 1
587 627 4
588 589 2
588 628 4
589 590 2
589 629 5
590 591 1
590 630 2
591 592 3
591 631 5
592 593 1
592 632 3
593 594 3
593 633 3
594 595 4
594 634 2
595 596 1
595 635 3
596 597 5
596 636 4
597 598 1
597 637 3
598 599 2
598 638 3
599 600 4
599 639 3
600 640 3
601 602 5
601 641 5
602 603 3
602 642 5
603 604 4
603 643 4
604 605 1
604 644 4
605 606 5
605 645 2
606 607 4
606 646 2
607 608 5
607 647 3
608 609 2
608 648 3
609 610 5
609 649 5
610 611 1
610 650 5
611 612 3
611 651 1
612 613 5
612 652 3
613 614 4
613 653 1
614 615 3
614 654 1
615 616 3
615 655 1
616 617 4
616 656 5
617 618 4
617 657 3
618 619 2
618 658 2
619 620 3
619 659 1
620 621 3
620 660 4
621 622 3
621 661 3
622 623 2
622 662 5
623 624 4
623 663 3
624 625 4
624 664 1
625 626 5
625 665 1
626 627 4
626 666 1
627 628 4
627 667 3
628 629 5
628 668 3
629 630 5
629 669 2
630 631 4
630 670 3
631 632 3
631 671 2
632 633 3
632 672 3
633 634 3
633 673 5
634 635 4
634 674 1
635 636 1
635 675 2
636 637 3
636 676 2
637 638 4
637 677 5
638 639 5
638 678 2
639 640 5
639 679 4
640 680 1
641 642 5
641 681 2
642 643 2
642 682 4
643 644 2
643 683 5
644 645 4
644 684 3
645 646 1
645 685 3
646 647 2
646 686 1
647 648 3
647 687 1
648 649 3
648 688 2
649 650 2
649 689 3
650 651 4
650 690 4
651 652 4
651 691 4
652 653 5
652 692 3
653 654 4
653 693 1
654 655 5
654 694 3
655 656 1
655 695 1
656 657 2
656 696 3
657 658 3
657 697 3
658 659 2
658 698 3
659 660 4
659 699 1
660 661 2
660 700 2
661 662 3
661 701 2
662 663 5
662 702 2
663 664 1
663 703 3
664 665 3
664 704 5
665 666 3
665 705 5
666 667 5
666 706 3
667 668 3
667 707 4
668 669 4
668 708 3
669 670 3
669 709 1
670 671 4
670 710 1
671 672 1
671 711 4
672 673 3
672 712 2
673 674 1
673 713 1
674 675 2
674 714 1
675 676 1
675 715 3
676 677 4
676 716 2
677 678 4
677 717 5
678 679 1
678 718 1
679 680 4
679 719 4
680 720 5
681 682 2
681 721 2
682 683 3
682 722 2
683 684 2
683 723 3
684 685 2
684 724 3
685 686 1
685 725 5
686 687 1
686 726 3
687 688 2
687 727 2
688 689 3
688 728 3
689 690 1
689 729 2
690 691 1
690 730 3
691 692 2
691 731 2
692 693 5
692 732 2
693 694 1
693 733 2
694 695 2
694 734 2
695 696 3
695 735 4
696 697 3
696 736 3
697 698 5
697 737 4
698 699 4
698 738 4
699 700 5
699 739 4
700 701 2
700 740 2
701 702 3
701 741 5
702 703 4
702 742 1
703 704 3
703 743 3
704 705 3
704 744 3
705 706 2
705 745 1
706 707 1
706 746 1
707 708 5
707 747 5
708 709 2
708 748 1
709 710 2
709 749 2
710 711 5
710 750 1
711 712 2
711 751 3
712 713 3
712 752 1
713 714 2
713 753 2
714 715 4
714 754 5
715 716 3
715 755 1
716 717 3
716 756 2
717 718 2
717 757 5
718 719 1
718 758 5
719 720 2
719 759 5
720 760 3
721 722 2
721 761 1
722 723 2
722 762 4
723 724 5
723 763 4
724 725 4
724 764 5
725 726 4
725 765 5
726 727 3
726 766 3
727 728 4
727 767 2
728 729 1
728 768 2
729 730 3
729 769 3
730 731 1
730 770 2
731 732 5
731 771 2
732 733 3
732 772 2
733 734 4
733 773 5
734 735 2
734 774 2
735 736 5
735 775 3
736 737 1
736 776 2
737 738 1
737 777 2
738 739 4
738 778 2
739 740 5
739 779 5
740 741 4
740 780 2
741 742 1
741 781 1
742 743 1
742 782 4
743 744 5
743 783 3
744 745 2
744 784 2
745 746 4
745 785 5
746 747 5
746 786 1
747 748 4
747 787 4
748 749 3
748 788 2
749 750 1
749 789 5
750 751 2
750 790 4
751 752 5
751 791 3
752 753 5
752 792 3
753 754 1
753 793 4
754 755 2
754 794 2
755 756 1
755 795 5
756 757 3
756 796 2
757 758 3
757 797 2
758 759 1
758 798 5
759 760 5
759 799 2
760 800 2
761 762 2
761 801 5
762 763 1
762 802 1
763 764 3
763 803 5
764 765 3
764 804 1
765 766 1
765 805 2
766 767 2
766 806 5
767 768 4
767 807 1
768 769 3
768 808 4
769 770 5
769 809 5
770 771 5
770 810 5
771 772 3
771 811 5
772 773 5
772 812 3
773 774 3
773 813 3
774 775 3
774 814 2
775 776 3
775 815 3
776 777 1
776 816 1
777 778 2
777 817 3
778 779 2
778 818 2
779 780 1
779 819 4
780 781 1
780 820 2
781 782 1
781 821 4
782 783 3
782 822 4
783 784 3
783 823 2
784 785 3
784 824 4
785 786 1
785 825 5
786 787 5
786 826 1
787 788 5
787 827 5
788 789 2
788 828 1
789 790 2
789 829 5
790 791 3
790 830 1
791 792 1
791 831 3
792 793 2
792 832 4
793 794 3
793 833 2
794 795 3
794 834 1
795 796 2
795 835 4
796 797 4
796 836 5
797 798 4
797 837 1
798 799 2
798 838 1
799 800 2
799 839 4
800 840 3
801 802 3
801 841 5
802 803 5
802 842 5
803 804 1
803 843 5
804 805 2
804 844 4
805 806 3
805 845 2
806 807 4
806 846 4
807 808 5
807 847 3
808 809 2
808 848 3
809 810 5
809 849 2
810 811 1
810 850 1
811 812 2
811 851 1
812 813 5
812 852 2
813 814 5
813 853 5
814 815 2
814 854 3
815 816 3
815 855 4
816 817 1
816 856 1
817 818 5
817 857 3
818 819 4
818 858 3
819 820 5
819 859 5
820 821 1
820 860 3
821 822 4
821 861 5
822 823 2
822 862 3
823 824 4
823 863 2
824 825 1
824 864 3
825 826 1
825 865 4
826 827 3
826 866 4
827 828 1
827 867 1
828 829 3
828 868 4
829 830 2
829 869 5
830 831 5
830 870 2
831 832 2
831 871 1
832 833 1
832 872 4
833 834 1
833 873 3
834 835 2
834 874 2
835 836 5
835 875 4
836 837 5
836 876 5
837 838 5
837 877 3
838 839 2
838 878 1
839 840 4
839 879 3
840 880 2
841 842 2
841 881 4
842 843 2
842 882 2
843 844 1
843 883 5
844 845 4
844 884 3
845 846 4
845 885 1
846 847 1
846 886 3
847 848 3
847 887 4
848 849 5
848 888 4
849 850 5
849 889 4
850 851 2
850 890 3
851 852 1
851 891 5
852 853 3
852 892 2
853 854 4
853 893 2
854 855 4
854 894 5
855 856 2
855 895 3
856 857 2
856 896 2
857 858 4
857 897 3
858 859 2
858 898 2
859 860 2
859 899 3
860 861 1
860 900 5
861 862 4
861 901 3
862 863 5
862 902 5
863 864 3
863 903 1
864 865 1
864 904 1
865 866 5
865 905 4
866 867 3
866 906 5
867 868 1
867 907 1
868 869 2
868 908 5
869 870 3
869 909 3
870 871 5
870 910 3
871 872 2
871 911 3
872 873 5
872 912 2
873 874 1
873 913 3
874 875 5
874 914 1
875 876 3
875 915 4
876 877 1
876 916 2
877 878 2
877 917 4
878 879 5
878 918 2
879 880 3
879 919 4
880 920 3
881 882 3
881 921 4
882 883 3
882 922 1
883 884 2
883 923 3
884 885 2
884 924 4
885 886 1
885 925 2
886 887 2
886 926 4
887 888 4
887 927 1
888 889 2
888 928 2
889 890 5
889 929 4
890 891 2
890 930 2
891 892 4
891 931 5
892 893 4
892 932 2
893 894 5
893 933 4
894 895 1
894 934 5
895 896 1
895 935 5
896 897 1
896 936 2
897 898 2
897 937 3
898 899 5
898 938 2
899 900 1
899 939 2
900 901 5
900 940 3
901 902 2
901 941 1
902 903 2
902 942 1
903 904 5
903 943 4
904 905 5
904 944 5
905 906 1
905 945 5
906 907 3
906 946 3
907 908 4
907 947 3
908 909 2
908 948 1
909 910 3
909 949 4
910 911 2
910 950 2
911 912 5
911 951 2
912 913 2
912 952 2
913 914 5
913 953 1
914 915 3
914 954 4
915 916 4
915 955 2
916 917 5
916 956 1
917 918 1
917 957 4
918 919 4
918 958 1
919 920 3
919 959 4
920 960 1
921 922 5
921 961 5
922 923 1
922 962 2
923 924 2
923 963 2
924 925 1
924 964 2
925 926 5
925 965 2
926 927 2
926 966 3
927 928 4
927 967 3
928 929 5
928 968 5
929 930 1
929 969 1
930 931 1
930 970 2
931 932 3
931 971 5
932 933 4
932 972 2
933 934 4
933 973 1
934 935 1
934 974 4
935 936 5
935 975 2
936 937 4
936 976 5
937 938 3
937 977 5
938 939 3
938 978 2
939 940 3
939 979 2
940 941 2
940 980 1
941 942 4
941 981 5
942 943 3
942 982 1
943 944 1
943 983 1
944 945 1
944 984 2
945 946 4
945 985 3
946 947 2
946 986 3
947 948 1
947 987 4
948 949 5
948 988 2
949 950 2
949 989 2
950 951 5
950 990 1
951 952 5
951 991 3
952 953 4
952 992 5
953 954 5
953 993 2
954 955 2
954 994 2
955 956 3
955 995 4
956 957 4
956 996 4
957 958 3
957 997 4
958 959 5
958 998 1
959 960 4
959 999 3
960 1000 2
961 962 5
961 1001 2
962 963 2
962 1002 4
963 964 2
963 1003 5
964 965 3
964 1004 3
965 966 2
965 1005 1
966 967 3
966 1006 2
967 968 3
967 1007 5
968 969 5
968 1008 5
969 970 4
969 1009 2
970 971 4
970 1010 4
971 972 3
971 1011 1
972 973 3
972 1012 3
973 974 4
973 1013 1
974 975 1
974 1014 3
975 976 5
975 1015 2
976 977 3
976 1016 2
977 978 4
977 1017 2
978 979 2
978 1018 4
979 980 4
979 1019 4
980 981 2
980 1020 1
981 982 4
981 1021 4
982 983 5
982 1022 5
983 984 2
983 1023 1
984 985 2
984 1024 1
985 986 4
985 1025 3
986 987 1
986 1026 1
987 988 1
987 1027 2
988 989 1
988 1028 1
989 990 1
989 1029 4
990 991 5
990 1030 2
991 992 5
991 1031 1
992 993 3
992 1032 3
993 994 4
993 1033 2
994 995 4
994 1034 1
995 996 3
995 1035 3
996 997 3
996 1036 1
997 998 4
997 1037 5
998 999 2
998 1038 3
999 1000 2
999 1039 3
1000 1040 2
1001 1002 1
1001 1041 4
1002 1003 3
1002 1042 1
1003 1004 5
1003 1043 3
1004 1005 3
1004 1044 3
1005 1006 2
1005 1045 1
1006 1007 1
1006 1046 2
1007 1008 3
1007 1047 1
1008 1009 2
1008 1048 3
1009 1010 5
1009 1049 1
1010 1011 1
1010 1050 4
1011 1012 1
1011 1051 1
1012 1013 3
1012 1052 4
1013 1014 3
1013 1053 1
1014 1015 4
1014 1054 5
1015 1016 4
1015 1055 3
1016 1017 2
1016 1056 3
1017 1018 4
1017 1057 2
1018 1019 3
1018 1058 5
1019 1020 2
1019 1059 3
1020 1021 1
1020 1060 2
1021 1022 1
1021 1061 2
1022 1023 3
1022 1062 4
1023 1024 5
1023 1063 3
1024 1025 1
1024 1064 4
1025 1026 5
1025 1065 1
1026 1027 2
1026 1066 3
1027 1028 3
1027 1067 4
1028 1029 3
1028 1068 1
1029 1030 2
1029 1069 4
1030 1031 4
1030 1070 3
1031 1032 4
1031 1071 1
1032 1033 5
1032 1072 4
1033 1034 3
1033 1073 3
1034 1035 1
1034 1074 1
1035 1036 1
1035 1075 4
1036 1037 2
1036 1076 4
1037 1038 1
1037 1077 5
1038 1039 4
1038 1078 1
1039 1040 4
1039 1079 1
1040 1080 1
1041 1042 4
1041 1081 1
1042 1043 3
1042 1082 4
1043 1044 2
1043 1083 1
1044 1045 1
1044 1084 5
1045 1046 2
1045 1085 3
1046 1047 4
1046 1086 1
1047 1048 3
1047 1087 3
1048 1049 4
1048 1088 3
1049 1050 1
1049 1089 2
1050 1051 2
1050 1090 4
1051 1052 4
1051 1091 3
1052 1053 3
1052 1092 5
1053 1054 2
1053 1093 2
1054 1055 1
1054 1094 5
1055 1056 3
1055 1095 2
1056 1057 3
1056 1096 2
1057 1058 2
1057 1097 5
1058 1059 2
1058 1098 3
1059 1060 5
1059 1099 5
1060 1061 5
1060 1100 3
1061 1062 5
1061 1101 4
1062 1063 1
1062 1102 4
1063 1064 2
1063 1103 5
1064 1065 3
1064 1104 4
1065 1066 2
1065 1105 2
1066 1067 4
1066 1106 1
1067 1068 4
1067 1107 4
1068 1069 5
1068 1108 2
1069 1070 1
1069 1109 2
1070 1071 3
1070 1110 2
1071 1072 2
1071 1111 1
1072 1073 3
1072 1112 4
1073 1074 1
1073 1113 5
1074 1075 1
1074 1114 2
1075 1076 3
1075 1115 2
1076 1077 3
1076 1116 4
1077 1078 2
1077 1117 3
1078 1079 1
1078 1118 5
1079 1080 3
1079 1119 4
1080 1120 3
1081 1082 5
1081 1121 2
1082 1083 4
1082 1122 2
1083 1084 2
1083 1123 4
1084 1085 4
1084 1124 1
1085 1086 2
1085 1125 5
1086 1087 3
1086 1126 5
1087 1088 1
1087 1127 1
1088 1089 5
1088 1128 3
1089 1090 1
1089 1129 4
1090 1091 2
1090 1130 3
1091 1092 5
1091 1131 2
1092 1093 1
1092 1132 1
1093 1094 3
1093 1133 5
1094 1095 3
1094 1134 1
1095 1096 3
1095 1135 5
1096 1097 3
1096 1136 5
1097 1098 5
1097 1137 1
1098 1099 1
1098 1138 4
1099 1100 4
1099 1139 4
1100 1101 5
1100 1140 4
1101 1102 4
1101 1141 3
1102 1103 5
1102 1142 3
1103 1104 3
1103 1143 1
1104 1105 1
1104 1144 1
1105 1106 2
1105 1145 2
1106 1107 5
1106 1146 5
1107 1108 4
1107 1147 3
1108 1109 4
1108 1148 5
1109 1110 2
1109 1149 2
1110 1111 2
1110 1150 5
1111 1112 5
1111 1151 1
1112 1113 1
1112 1152 4
1113 1114 5
1113 1153 1
1114 1115 5
1114 1154 4
1115 1116 5
1115 1155 3
1116 1117 4
1116 1156 3
1117 1118 5
1117 1157 2
1118 1119 4
1118 1158 1
1119 1120 3
1119 1159 2
1120 1160 2
1121 1122 4
1121 1161 1
1122 1123 5
1122 1162 4
1123 1124 1
1123 1163 3
1124 1125 3
1124 1164 2
1125 1126 3
1125 1165 2
1126 1127 2
1126 1166 5
1127 1128 4
1127 1167 5
1128 1129 1
1128 1168 5
1129 1130 1
1129 1169 4
1130 1131 5
1130 1170 1
1131 1132 5
1131 1171 5
1132 1133 5
1132 1172 2
1133 1134 4
1133 1173 3
1134 1135 1
1134 1174 5
1135 1136 5
1135 1175 4
1136 1137 1
1136 1176 5
1137 1138 5
1137 1177 1
1138 1139 4
1138 1178 2
1139 1140 2
1139 1179 4
1140 1141 4
1140 1180 2
1141 1142 3
1141 1181 3
1142 1143 2
1142 1182 5
1143 1144 5
1143 1183 4
1144 1145 4
1144 1184 5
1145 1146 2
1145 1185 1
1146 1147 4
1146 1186 1
1147 1148 4
1147 1187 3
1148 1149 5
1148 1188 4
1149 1150 1
1149 1189 3
1150 1151 2
1150 1190 4
1151 1152 2
1151 1191 5
1152 1153 2
1152 1192 4
1153 1154 3
1153 1193 4
1154 1155 2
1154 1194 2
1155 1156 1
1155 1195 1
1156 1157 3
1156 1196 1
1157 1158 4
1157 1197 2
1158 1159 5
1158 1198 1
1159 1160 2
1159 1199 1
1160 1200 4
1161 1162 4
1161 1201 5
1162 1163 2
1162 1202 1
1163 1164 3
1163 1203 5
1164 1165 2
1164 1204 2
1165 1166 3
1165 1205 4
1166 1167 1
1166 1206 5
1167 1168 4
1167 1207 5
1168 1169 4
1168 1208 2
1169 1170 3
1169 1209 2
1170 1171 2
1170 1210 1
1171 1172 3
1171 1211 3
1172 1173 5
1172 1212 1
1173 1174 2
1173 1213 2
1174 1175 1
1174 1214 5
1175 1176 4
1175 1215 1
1176 1177 2
1176 1216 4
1177 1178 1
1177 1217 1
1178 1179 3
1178 1218 5
1179 1180 5
1179 1219 3
1180 1181 2
1180 1220 1
1181 1182 5
1181 1221 4
1182 1183 2
1182 1222 1
1183 1184 1
1183 1223 5
1184 1185 5
1184 1224 2
1185 1186 5
1185 1225 5
1186 1187 3
1186 1226 1
1187 1188 1
1187 1227 1
1188 1189 2
1188 1228 2
1189 1190 5
1189 1229 2
1190 1191 2
1190 1230 5
1191 1192 5
1191 1231 3
1192 1193 3
1192 1232 4
1193 1194 2
1193 1233 3
1194 1195 1
1194 1234 4
1195 1196 5
1195 1235 3
1196 1197 2
1196 1236 2
1197 1198 4
1197 1237 2
1198 1199 4
1198 1238 1
1199 1200 4
1199 1239 5
1200 1240 2
1201 1202 3
1201 1241 2
1202 1203 1
1202 1242 1
1203 1204 4
1203 1243 4
1204 1205 1
1204 1244 5
1205 1206 3
1205 1245 4
1206 1207 2
1206 1246 5
1207 1208 5
1207 1247 4
1208 1209 1
1208 1248 5
1209 1210 2
1209 1249 1
1210 1211 3
1210 1250 2
1211 1212 5
1211 1251 4
1212 1213 5
1212 1252 1
1213 1214 3
1213 1253 3
1214 1215 1
1214 1254 1
1215 1216 3
1215 1255 2
1216 1217 1
1216 1256 1
1217 1218 4
1217 1257 1
1218 1219 2
1218 1258 3
1219 1220 3
1219 1259 2
1220 1221 4
1220 1260 3
1221 1222 5
1221 1261 1
1222 1223 3
1222 1262 5
1223 1224 1
1223 1263 4
1224 1225 2
1224 1264 1
1225 1226 1
1225 1265 2
1226 1227 4
1226 1266 2
1227 1228 3
1227 1267 4
1228 1229 4
1228 1268 2
1229 1230 3
1229 1269 4
1230 1231 3
1230 1270 3
1231 1232 5
1231 1271 5
1232 1233 1
1232 1272 5
1233 1234 3
1233 1273 1
1234 1235 1
1234 1274 5
1235 1236 5
1235 1275 1
1236 1237 5
1236 1276 4
1237 1238 4
1237 1277 3
1238 1239 4
1238 1278 2
1239 1240 2
1239 1279 2
1240 1280 1
1241 1242 5
1241 1281 5
1242 1243 3
1242 1282 4
1243 1244 1
1243 1283 2
1244 1245 1
1244 1284 4
1245 1246 1
1245 1285 5
1246 1247 1
1246 1286 1
1247 1248 4
1247 1287 2
1248 1249 4
1248 1288 3
1249 1250 2
1249 1289 1
1250 1251 2
1250 1290 3
1251 1252 4
1251 1291 2
1252 1253 1
1252 1292 3
1253 1254 5
1253 1293 3
1254 1255 3
1254 1294 5
1255 1256 5
1255 1295 2
1256 1257 4
1256 1296 4
1257 1258 1
1257 1297 4
1258 1259 1
1258 1298 3
1259 1260 5
1259 1299 5
1260 1261 1
1260 1300 3
1261 1262 2
1261 1301 2
1262 1263 5
1262 1302 5
1263 1264 4
1263 1303 4
1264 1265 4
1264 1304 1
1265 1266 5
1265 1305 1
1266 1267 3
1266 1306 4
1267 1268 2
1267 1307 4
1268 1269 4
1268 1308 2
1269 1270 1
1269 1309 5
1270 1271 2
1270 1310 2
1271 1272 1
1271 1311 2
1272 1273 4
1272 1312 1
1273 1274 2
1273 1313 4
1274 1275 3
1274 1314 2
1275 1276 3
1275 1315 5
1276 1277 3
1276 1316 2
1277 1278 1
1277 1317 5
1278 1279 4
1278 1318 5
1279 1280 4
1279 1319 2
1280 1320 1
1281 1282 3
1281 1321 3
1282 1283 2
1282 1322 1
1283 1284 2
1283 1323 3
1284 1285 5
1284 1324 1
1285 1286 2
1285 1325 4
1286 1287 2
1286 1326 5
1287 1288 4
1287 1327 2
1288 1289 2
1288 1328 2
1289 1290 5
1289 1329 3
1290 1291 3
1290 1330 5
1291 1292 5
1291 1331 4
1292 1293 5
1292 1332 1
1293 1294 4
1293 1333 2
1294 1295 4
1294 1334 2
1295 1296 3
1295 1335 5
1296 1297 1
1296 1336 5
1297 1298 5
1297 1337 2
1298 1299 5
1298 1338 2
1299 1300 4
1299 1339 3
1300 1301 3
1300 1340 2
1301 1302 4
1301 1341 5
1302 1303 5
1302 1342 3
1303 1304 4
1303 1343 2
1304 1305 3
1304 1344 3
1305 1306 1
1305 1345 5
1306 1307 3
1306 1346 4
1307 1308 5
1307 1347 3
1308 1309 2
1308 1348 5
1309 1310 5
1309 1349 2
1310 1311 4
1310 1350 4
1311 1312 4
1311 1351 4
1312 1313 5
1312 1352 5
1313 1314 3
1313 1353 4
1314 1315 1
1314 1354 5
1315 1316 2
1315 1355 5
1316 1317 4
1316 1356 4
1317 1318 4
1317 1357 2
1318 1319 3
1318 1358 5
1319 1320 2
1319 1359 4
1320 1360 5
1321 1322 3
1321 1361 2
1322 1323 1
1322 1362 3
1323 1324 5
1323 1363 4
1324 1325 4
1324 1364 3
1325 1326 3
1325 1365 4
1326 1327 4
1326 1366 5
1327 1328 2
1327 1367 4
1328 1329 1
1328 1368 1
1329 1330 5
1329 1369 4
1330 1331 3
1330 1370 2
1331 1332 1
1331 1371 1
1332 1333 3
1332 1372 3
1333 1334 3
1333 1373 3
1334 1335 1
1334 1374 2
1335 1336 4
1335 1375 3
1336 1337 1
1336 1376 2
1337 1338 5
1337 1377 3
1338 1339 1
1338 1378 1
1339 1340 4
1339 1379 3
1340 1341 3
1340 1380 2
1341 1342 3
1341 1381 5
1342 1343 3
1342 1382 4
1343 1344 4
1343 1383 4
1344 1345 3
1344 1384 1
1345 1346 2
1345 1385 2
1346 1347 2
1346 1386 3
1347 1348 4
1347 1387 5
1348 1349 1
1348 1388 2
1349 1350 4
1349 1389 2
1350 1351 5
1350 1390 4
1351 1352 5
1351 1391 4
1352 1353 5
1352 1392 1
1353 1354 5
1353 1393 3
1354 1355 3
1354 1394 4
1355 1356 1
1355 1395 5
1356 1357 3
1356 1396 1
1357 1358 4
1357 1397 3
1358 1359 3
1358 1398 3
1359 1360 2
1359 1399 3
1360 1400 1
1361 1362 1
1361 1401 5
1362 1363 3
1362 1402 2
1363 1364 4
1363 1403 5
1364 1365 5
1364 1404 3
1365 1366 5
1365 1405 3
1366 1367 2
1366 1406 3
1367 1368 4
1367 1407 5
1368 1369 4
1368 1408 5
1369 1370 4
1369 1409 4
1370 1371 1
1370 1410 2
1371 1372 1
1371 1411 1
1372 1373 3
1372 1412 5
1373 1374 2
1373 1413 4
1374 1375 5
1374 1414 3
1375 1376 2
1375 1415 3
1376 1377 1
1376 1416 1
1377 1378 2
1377 1417 3
1378 1379 1
1378 1418 1
1379 1380 4
1379 1419 2
1380 1381 5
1380 1420 2
1381 1382 1
1381 1421 5
1382 1383 5
1382 1422 5
1383 1384 4
1383 1423 2
1384 1385 4
1384 1424 1
1385 1386 2
1385 1425 1
1386 1387 5
1386 1426 1
1387 1388 3
1387 1427 3
1388 1389 3
1388 1428 4
1389 1390 4
1389 1429 3
1390 1391 5
1390 1430 4
1391 1392 5
1391 1431 4
1392 1393 3
1392 1432 2
1393 1394 3
1393 1433 1
1394 1395 1
1394 1434 5
1395 1396 5
1395 1435 2
1396 1397 1
1396 1436 2
1397 1398 5
1397 1437 4
1398 1399 5
1398 1438 5
1399 1400 5
1399 1439 4
1400 1440 2
1401 1402 1
1401 1441 4
1402 1403 4
1402 1442 4
1403 1404 5
1403 1443 4
1404 1405 5
1404 1444 2
1405 1406 2
1405 1445 4
1406 1407 4
1406 1446 2
1407 1408 5
1407 1447 4
1408 1409 2
1408 1448 4
1409 1410 3
1409 1449 5
1410 1411 3
1410 1450 3
1411 1412 2
1411 1451 3
1412 1413 4
1412 1452 5
1413 1414 4
1413 1453 2
1414 1415 1
1414 1454 5
1415 1416 3
1415 1455 5
1416 1417 3
1416 1456 2
1417 1418 3
1417 1457 5
1418 1419 3
1418 1458 5
1419 1420 4
1419 1459 2
1420 1421 4
1420 1460 3
1421 1422 3
1421 1461 1
1422 1423 4
1422 1462 5
1423 1424 5
1423 1463 1
1424 1425 1
1424 1464 3
1425 1426 2
1425 1465 4
1426 1427 3
1426 1466 3
1427 1428 3
1427 1467 2
1428 1429 3
1428 1468 4
1429 1430 2
1429 1469 1
1430 1431 3
1430 1470 4
1431 1432 5
1431 1471 2
1432 1433 1
1432 1472 3
1433 1434 4
1433 1473 5
1434 1435 4
1434 1474 3
1435 1436 1
1435 1475 5
1436 1437 4
1436 1476 2
1437 1438 1
1437 1477 3
1438 1439 1
1438 1478 3
1439 1440 2
1439 1479 3
1440 1480 2
1441 1442 1
1441 1481 5
1442 1443 5
1442 1482 3
1443 1444 4
1443 1483 4
1444 1445 2
1444 1484 1
1445 1446 2
1445 1485 2
1446 1447 4
1446 1486 5
1447 1448 1
1447 1487 1
1448 1449 3
1448 1488 3
1449 1450 3
1449 1489 5
1450 1451 5
1450 1490 4
1451 1452 2
1451 1491 1
1452 1453 3
1452 1492 2
1453 1454 4
1453 1493 2
1454 1455 1
1454 1494 2
1455 1456 1
1455 1495 1
1456 1457 3
1456 1496 2
1457 1458 4
1457 1497 1
1458 1459 4
1458 1498 2
1459 1460 3
1459 1499 4
1460 1461 1
1460 1500 4
1461 1462 4
1461 1501 3
1462 1463 5
1462 1502 1
1463 1464 2
1463 1503 5
1464 1465 1
1464 1504 4
1465 1466 5
1465 1505 4
1466 1467 3
1466 1506 3
1467 1468 2
1467 1507 4
1468 1469 2
1468 1508 3
1469 1470 1
1469 1509 5
1470 1471 3
1470 1510 3
1471 1472 2
1471 1511 3
1472 1473 2
1472 1512 1
1473 1474 2
1473 1513 3
1474 1475 4
1474 1514 3
1475 1476 1
1475 1515 4
1476 1477 1
1476 1516 4
1477 1478 5
1477 1517 5
1478 1479 1
1478 1518 4
1479 1480 5
1479 1519 4
1480 1520 2
1481 1482 2
1481 1521 5
1482 1483 5
1482 1522 4
1483 1484 2
1483 1523 1
1484 1485 5
1484 1524 2
1485 1486 3
1485 1525 5
1486 1487 5
1486 1526 2
1487 1488 1
1487 1527 5
1488 1489 1
1488 1528 4
1489 1490 4
1489 1529 4
1490 1491 2
1490 1530 5
1491 1492 1
1491 1531 3
1492 1493 4
1492 1532 2
1493 1494 2
1493 1533 5
1494 1495 5
1494 1534 3
1495 1496 1
1495 1535 1
1496 1497 3
1496 1536 4
1497 1498 4
1497 1537 1
1498 1499 2
1498 1538 1
1499 1500 3
1499 1539 2
1500 1501 4
1500 1540 5
1501 1502 3
1501 1541 1
1502 1503 5
1502 1542 2
1503 1504 4
1503 1543 4
1504 1505 4
1504 1544 2
1505 1506 5
1505 1545 2
1506 1507 1
1506 1546 5
1507 1508 1
1507 1547 3
1508 1509 5
1508 1548 3
1509 1510 4
1509 1549 2
1510 1511 3
1510 1550 3
1511 1512 2
1511 1551 2
1512 1513 2
1512 1552 5
1513 1514 4
1513 1553 5
1514 1515 2
1514 1554 2
1515 1516 5
1515 1555 5
1516 1517 3
1516 1556 1
1517 1518 2
1517 1557 4
1518 1519 1
1518 1558 1
1519 1520 2
1519 1559 2
1520 1560 3
1521 1522 3
1521 1561 1
1522 1523 5
1522 1562 2
1523 1524 2
1523 1563 1
1524 1525 1
1524 1564 4
1525 1526 5
1525 1565 5
1526 1527 1
1526 1566 4
1527 1528 1
1527 1567 5
1528 1529 2
1528 1568 4
1529 1530 3
1529 1569 5
1530 1531 2
1530 1570 5
1531 1532 2
1531 1571 1
1532 1533 2
1532 1572 3
1533 1534 2
1533 1573 1
1534 1535 3
1534 1574 4
1535 1536 3
1535 1575 3
1536 1537 5
1536 1576 2
1537 1538 5
1537 1577 2
1538 1539 2
1538 1578 5
1539 1540 5
1539 1579 5
1540 1541 2
1540 1580 2
1541 1542 1
1541 1581 4
1542 1543 3
1542 1582 1
1543 1544 3
1543 1583 5
1544 1545 4
1544 1584 3
1545 1546 5
1545 1585 2
1546 1547 2
1546 1586 3
1547 1548 1
1547 1587 2
1548 1549 2
1548 1588 2
1549 1550 4
1549 1589 1
1550 1551 1
1550 1590 2
1551 1552 3
1551 1591 5
1552 1553 4
1552 1592 1
1553 1554 3
1553 1593 4
1554 1555 2
1554 1594 4
1555 1556 3
1555 1595 1
1556 1557 1
1556 1596 1
1557 1558 1
1557 1597 5
1558 1559 5
1558 1598 2
1559 1560 2
1559 1599 2
1560 1600 1
1561 1562 1
1562 1563 2
1563 1564 4
1564 1565 5
1565 1566 4
1566 1567 2
1567 1568 1
1568 1569 5
1569 1570 3
1570 1571 3
1571 1572 2
1572 1573 4
1573 1574 2
1574 1575 5
1575 1576 1
1576 1577 4
1577 1578 5
1578 1579 3
1579 1580 4
1580 1581 2
1581 1582 5
1582 1583 5
1583 1584 4
1584 1585 1
1585 1586 5
1586 1587 5
1587 1588 1
1588 1589 1
1589 1590 5
1590 1591 1
1591 1592 3
1592 1593 1
1593 1594 3
1594 1595 4
1595 1596 4
1596 1597 4
1597 1598 4
1598 1599 4
1599 1600 5
1 1561 3
2 1562 2
3 1563 2
4 1564 5
5 1565 4
6 1566 1
7 1567 4
8 1568 3
9 1569 2
10 1570 4
11 1571 4
12 1572 5
13 1573 5
14 1574 1
15 1575 4
16 1576 4
17 1577 2
18 1578 1
19 1579 1
20 1580 3
21 1581 1
22 1582 2
23 1583 3
24 1584 5
25 1585 1
26 1586 3
27 1587 4
28 1588 4
29 1589 2
30 1590 5
31 1591 4
32 1592 3
33 1593 4
34 1594 4
35 1595 4
36 1596 2
37 1597 3
38 1598 5
39 1599 4
40 1600 4
1 40 2
41 80 4
81 120 5
121 160 5
161 200 3
201 240 3
241 280 4
281 320 2
321 360 3
361 400 1
401 440 5
441 480 3
481 520 3
521 560 3
561 600 5
601 640 1
641 680 4
681 720 3
721 760 3
761 800 5
801 840 5
841 880 5
881 920 1
921 960 1
961 1000 2
1001 1040 4
1041 1080 3
1081 1120 4
1121 1160 1
1161 1200 3
1201 1240 5
1241 1280 3
1281 1320 1
1321 1360 3
1361 1400 2
1401 1440 1
1441 1480 5
1481 1520 5
1521 1560 5
1561 1600 3
