784 1568
1 2 1
1 29 2
2 3 4
2 30 3
3 4 2
3 31 4
4 5 5
4 32 4
5 6 4
5 33 1
6 7 3
6 34 5
7 8 5
7 35 5
8 9 1
8 36 5
9 10 3
9 37 5
10 11 4
10 38 1
11 12 1
11 39 3
12 13 3
12 40 4
13 14 3
13 41 2
14 15 4
14 42 4
15 16 4
15 43 2
16 17 1
16 44 5
17 18 1
17 45 2
18 19 4
18 46 4
19 20 2
19 47 5
20 21 2
20 48 2
21 22 4
21 49 4
22 23 4
22 50 3
23 24 1
23 51 2
24 25 4
24 52 4
25 26 3
25 53 2
26 27 4
26 54 1
27 28 2
27 55 3
28 56 1
29 30 5
29 57 2
30 31 2
30 58 3
31 32 1
31 59 5
32 33 5
32 60 3
33 34 3
33 61 1
34 35 4
34 62 5
35 36 5
35 63 1
36 37 1
36 64 4
37 38 3
37 65 3
38 39 1
38 66 3
39 40 4
39 67 4
40 41 1
40 68 3
41 42 5
41 69 5
42 43 3
42 70 5
43 44 3
43 71 5
44 45 1
44 72 5
45 46 4
45 73 5
46 47 5
46 74 1
47 48 5
47 75 2
48 49 5
48 76 3
49 50 4
49 77 3
50 51 1
50 78 1
51 52 5
51 79 1
52 53 5
52 80 5
53 54 1
53 81 5
54 55 1
54 82 5
55 56 3
55 83 4
56 84 1
57 58 1
57 85 3
58 59 3
58 86 5
59 60 3
59 87 3
60 61 5
60 88 3
61 62 4
61 89 1
62 63 3
62 90 3
63 64 2
63 91 2
64 65 3
64 92 3
65 66 1
65 93 3
66 67 5
66 94 3
67 68 5
67 95 5
68 69 3
68 96 3
69 70 3
69 97 3
70 71 3
70 98 1
71 72 3
71 99 4
72 73 4
72 100 3
73 74 5
73 101 5
74 75 1
74 102 5
75 76 1
75 103 4
76 77 1
76 104 5
77 78 3
77 105 5
78 79 1
78 106 3
79 80 2
79 107 1
80 81 2
80 108 1
81 82 2
81 109 4
82 83 2
82 110 5
83 84 1
83 111 4
84 112 3
85 86 4
85 113 2
86 87 2
86 114 4
87 88 4
87 115 1
88 89 2
88 116 1
89 90 1
89 117 4
90 91 2
90 118 3
91 92 2
91 119 5
92 93 4
92 120 4
93 94 4
93 121 2
94 95 5
94 122 1
95 96 3
95 123 3
96 97 5
96 124 5
97 98 1
97 125 4
98 99 5
98 126 3
99 100 4
99 127 3
100 101 5
100 128 5
101 102 2
101 129 1
102 103 2
102 130 3
103 104 4
103 131 4
104 105 2
104 132 3
105 106 4
105 133 2
106 107 3
106 134 3
107 108 1
107 135 4
108 109 2
108 136 4
109 110 1
109 137 3
110 111 3
110 138 4
111 112 3
111 139 5
112 140 4
113 114 4
113 141 3
114 115 4
114 142 1
115 116 2
115 143 3
116 117 5
116 144 4
117 118 5
117 145 2
118 119 4
118 146 1
119 120 2
119 147 4
120 121 4
120 148 1
121 122 2
121 149 2
122 123 5
122 150 4
123 124 1
123 151 2
124 125 1
124 152 1
125 126 3
125 153 1
126 127 2
126 154 1
127 128 2
127 155 1
128 129 5
128 156 3
129 130 5
129 157 4
130 131 5
130 158 1
131 132 2
131 159 4
132 133 1
132 160 2
133 134 5
133 161 2
134 135 1
134 162 4
135 136 5
135 163 5
136 137 5
136 164 2
137 138 3
137 165 3
138 139 1
138 166 1
139 140 3
139 167 4
140 168 3
141 142 5
141 169 4
142 143 1
142 170 5
143 144 4
143 171 3
144 145 4
144 172 4
145 146 1
145 173 2
146 147 2
146 174 3
147 148 5
147 175 1
148 149 2
148 176 2
149 150 1
149 177 1
150 151 1
150 178 3
151 152 5
151 179 4
152 153 2
152 180 4
153 154 5
153 181 4
154 155 3
154 182 5
155 156 3
155 183 3
156 157 3
156 184 4
157 158 3
157 185 2
158 159 1
158 186 3
159 160 2
159 187 5
160 161 1
160 188 3
161 162 3
161 189 2
162 163 5
162 190 5
163 164 1
163 191 4
164 165 5
164 192 5
165 166 5
165 193 1
166 167 1
166 194 5
167 168 4
167 195 3
168 196 4
169 170 5
169 197 2
170 171 2
170 198 3
171 172 3
171 199 2
172 173 4
172 200 1
173 174 1
173 201 1
174 175 5
174 202 2
175 176 2
175 203 1
176 177 3
176 204 1
177 178 1
177 205 1
178 179 5
178 206 5
179 180 1
179 207 5
180 181 4
180 208 5
181 182 5
181 209 2
182 183 1
182 210 2
183 184 2
183 211 5
184 185 1
184 212 1
185 186 5
185 213 2
186 187 4
186 214 4
187 188 2
187 215 4
188 189 1
188 216 5
189 190 2
189 217 4
190 191 4
190 218 3
191 192 4
191 219 5
192 193 4
192 220 2
193 194 3
193 221 2
194 195 3
194 222 3
195 196 2
195 223 5
196 224 1
197 198 3
197 225 1
198 199 5
198 226 5
199 200 1
199 227 5
200 201 5
200 228 5
201 202 3
201 229 1
202 203 4
202 230 4
203 204 5
203 231 5
204 205 2
204 232 4
205 206 5
205 233 4
206 207 2
206 234 4
207 208 2
207 235 3
208 209 2
208 236 2
209 210 2
209 237 5
210 211 5
210 238 3
211 212 5
211 239 2
212 213 3
212 240 5
213 214 4
213 241 3
214 215 4
214 242 2
215 216 1
215 243 2
216 217 3
216 244 3
217 218 2
217 245 4
218 219 5
218 246 5
219 220 2
219 247 2
220 221 3
220 248 2
221 222 4
221 249 2
222 223 2
222 250 2
223 224 5
223 251 1
224 252 4
225 226 2
225 253 1
226 227 2
226 254 4
227 228 1
227 255 5
228 229 2
228 256 5
229 230 2
229 257 4
230 231 4
230 258 5
231 232 1
231 259 2
232 233 1
232 260 4
233 234 4
233 261 2
234 235 5
234 262 2
235 236 1
235 263 3
236 237 5
236 264 1
237 238 5
237 265 5
238 239 3
238 266 3
239 240 1
239 267 3
240 241 5
240 268 1
241 242 2
241 269 4
242 243 5
242 270 1
243 244 2
243 271 1
244 245 1
244 272 2
245 246 2
245 273 3
246 247 2
246 274 5
247 248 2
247 275 4
248 249 5
248 276 4
249 250 2
249 277 4
250 251 2
250 278 2
251 252 2
251 279 3
252 280 4
253 254 4
253 281 1
254 255 4
254 282 1
255 256 4
255 283 1
256 257 1
256 284 3
257 258 1
257 285 5
258 259 3
258 286 4
259 260 3
259 287 3
260 261 5
260 288 2
261 262 1
261 289 5
262 263 4
262 290 4
263 264 4
263 291 4
264 265 4
264 292 2
265 266 4
265 293 5
266 267 3
266 294 4
267 268 3
267 295 5
268 269 3
268 296 2
269 270 2
269 297 2
270 271 2
270 298 1
271 272 1
271 299 1
272 273 3
272 300 1
273 274 3
273 301 2
274 275 5
274 302 4
275 276 1
275 303 2
276 277 5
276 304 2
277 278 4
277 305 1
278 279 2
278 306 1
279 280 5
279 307 3
280 308 4
281 282 3
281 309 4
282 283 5
282 310 5
283 284 5
283 311 4
284 285 1
284 312 2
285 286 2
285 313 2
286 287 2
286 314 5
287 288 4
287 315 2
288 289 2
288 316 4
289 290 5
289 317 4
290 291 1
290 318 4
291 292 2
291 319 3
292 293 3
292 320 5
293 294 4
293 321 1
294 295 3
294 322 2
295 296 2
295 323 4
296 297 1
296 324 4
297 298 2
297 325 5
298 299 5
298 326 4
299 300 3
299 327 4
300 301 5
300 328 3
301 302 3
301 329 5
302 303 3
302 330 3
303 304 2
303 331 5
304 305 2
304 332 4
305 306 4
305 333 4
306 307 1
306 334 2
307 308 2
307 335 5
308 336 1
309 310 4
309 337 3
310 311 1
310 338 1
311 312 2
311 339 5
312 313 4
312 340 4
313 314 1
313 341 2
314 315 4
314 342 1
315 316 3
315 343 4
316 317 5
316 344 4
317 318 1
317 345 2
318 319 2
318 346 5
319 320 1
319 347 2
320 321 1
320 348 4
321 322 2
321 349 5
322 323 1
322 350 5
323 324 4
323 351 2
324 325 4
324 352 3
325 326 4
325 353 1
326 327 4
326 354 4
327 328 1
327 355 5
328 329 5
328 356 1
329 330 4
329 357 4
330 331 1
330 358 4
331 332 1
331 359 5
332 333 4
332 360 5
333 334 3
333 361 5
334 335 4
334 362 5
335 336 1
335 363 3
336 364 4
337 338 5
337 365 5
338 339 2
338 366 4
339 340 4
339 367 1
340 341 1
340 368 2
341 342 1
341 369 4
342 343 4
342 370 2
343 344 1
343 371 4
344 345 4
344 372 1
345 346 3
345 373 3
346 347 5
346 374 5
347 348 3
347 375 1
348 349 3
348 376 1
349 350 4
349 377 2
350 351 1
350 378 3
351 352 1
351 379 2
352 353 4
352 380 3
353 354 3
353 381 3
354 355 3
354 382 4
355 356 4
355 383 4
356 357 2
356 384 3
357 358 1
357 385 5
358 359 2
358 386 1
359 360 1
359 387 3
360 361 5
360 388 5
361 362 3
361 389 2
362 363 5
362 390 1
363 364 1
363 391 1
364 392 5
365 366 2
365 393 5
366 367 1
366 394 3
367 368 4
367 395 2
368 369 3
368 396 1
369 370 1
369 397 5
370 371 5
370 398 2
371 372 5
371 399 5
372 373 3
372 400 4
373 374 4
373 401 5
374 375 5
374 402 3
375 376 4
375 403 1
376 377 4
376 404 2
377 378 3
377 405 3
378 379 1
378 406 3
379 380 4
379 407 3
380 381 5
380 408 5
381 382 4
381 409 3
382 383 1
382 410 5
383 384 1
383 411 5
384 385 3
384 412 1
385 386 5
385 413 5
386 387 5
386 414 3
387 388 1
387 415 1
388 389 4
388 416 4
389 390 1
389 417 2
390 391 2
390 418 2
391 392 1
391 419 2
392 420 2
393 394 1
393 421 4
394 395 4
394 422 3
395 396 1
395 423 2
396 397 3
396 424 5
397 398 5
397 425 3
398 399 3
398 426 3
399 400 1
399 427 3
400 401 2
400 428 2
401 402 5
401 429 2
402 403 1
402 430 1
403 404 1
403 431 4
404 405 4
404 432 4
405 406 1
405 433 1
406 407 4
406 434 5
407 408 5
407 435 1
408 409 2
408 436 3
409 410 1
409 437 2
410 411 3
410 438 1
411 412 1
411 439 1
412 413 4
412 440 1
413 414 4
413 441 1
414 415 5
414 442 5
415 416 4
415 443 4
416 417 5
416 444 5
417 418 2
417 445 5
418 419 5
418 446 3
419 420 4
419 447 3
420 448 1
421 422 2
421 449 3
422 423 3
422 450 3
423 424 2
423 451 1
424 425 2
424 452 1
425 426 5
425 453 1
426 427 2
426 454 2
427 428 5
427 455 1
428 429 4
428 456 4
429 430 5
429 457 1
430 431 2
430 458 5
431 432 1
431 459 3
432 433 2
432 460 2
433 434 5
433 461 5
434 435 1
434 462 5
435 436 1
435 463 1
436 437 2
436 464 4
437 438 5
437 465 3
438 439 3
438 466 5
439 440 2
439 467 3
440 441 5
440 468 1
441 442 1
441 469 3
442 443 1
442 470 5
443 444 3
443 471 2
444 445 3
444 472 3
445 446 3
445 473 2
446 447 4
446 474 1
447 448 5
447 475 5
448 476 1
449 450 5
449 477 5
450 451 1
450 478 1
451 452 1
451 479 5
452 453 1
452 480 5
453 454 1
453 481 4
454 455 1
454 482 5
455 456 1
455 483 1
456 457 1
456 484 5
457 458 4
457 485 4
458 459 5
458 486 5
459 460 5
459 487 2
460 461 2
460 488 5
461 462 4
461 489 4
462 463 3
462 490 4
463 464 2
463 491 4
464 465 2
464 492 4
465 466 1
465 493 3
466 467 1
466 494 1
467 468 1
467 495 5
468 469 2
468 496 2
469 470 5
469 497 4
470 471 2
470 498 3
471 472 2
471 499 5
472 473 3
472 500 1
473 474 4
473 501 4
474 475 5
474 502 2
475 476 2
475 503 5
476 504 3
477 478 2
477 505 2
478 479 4
478 506 5
479 480 4
479 507 1
480 481 4
480 508 2
481 482 3
481 509 3
482 483 5
482 510 2
483 484 3
483 511 2
484 485 1
484 512 5
485 486 4
485 513 1
486 487 1
486 514 4
487 488 3
487 515 3
488 489 5
488 516 3
489 490 2
489 517 1
490 491 5
490 518 5
491 492 3
491 519 4
492 493 4
492 520 3
493 494 3
493 521 4
494 495 4
494 522 1
495 496 4
495 523 4
496 497 5
496 524 3
497 498 1
497 525 2
498 499 5
498 526 4
499 500 4
499 527 4
500 501 3
500 528 4
501 502 2
501 529 4
502 503 3
502 530 2
503 504 2
503 531 4
504 532 4
505 506 3
505 533 2
506 507 5
506 534 2
507 508 1
507 535 4
508 509 2
508 536 1
509 510 5
509 537 5
510 511 4
510 538 5
511 512 2
511 539 4
512 513 3
512 540 1
513 514 3
513 541 1
514 515 5
514 542 5
515 516 5
515 543 4
516 517 1
516 544 2
517 518 2
517 545 2
518 519 4
518 546 3
519 520 3
519 547 2
520 521 3
520 548 3
521 522 3
521 549 4
522 523 1
522 550 2
523 524 5
523 551 2
524 525 4
524 552 2
525 526 5
525 553 3
526 527 3
526 554 2
527 528 5
527 555 3
528 529 3
528 556 1
529 530 1
529 557 4
530 531 5
530 558 1
531 532 1
531 559 4
532 560 1
533 534 2
533 561 2
534 535 2
534 562 2
535 536 1
535 563 2
536 537 4
536 564 5
537 538 2
537 565 5
538 539 4
538 566 4
539 540 3
539 567 2
540 541 5
540 568 5
541 542 3
541 569 1
542 543 4
542 570 2
543 544 4
543 571 1
544 545 1
544 572 1
545 546 2
545 573 4
546 547 5
546 574 3
547 548 2
547 575 4
548 549 3
548 576 5
549 550 5
549 577 1
550 551 4
550 578 3
551 552 1
551 579 1
552 553 3
552 580 4
553 554 4
553 581 5
554 555 4
554 582 4
555 556 3
555 583 3
556 557 5
556 584 2
557 558 5
557 585 5
558 559 2
558 586 1
559 560 2
559 587 3
560 588 4
561 562 4
561 589 4
562 563 5
562 590 3
563 564 4
563 591 5
564 565 5
564 592 5
565 566 2
565 593 1
566 567 4
566 594 4
567 568 3
567 595 3
568 569 3
568 596 5
569 570 4
569 597 3
570 571 1
570 598 3
571 572 3
571 599 1
572 573 2
572 600 4
573 574 5
573 601 1
574 575 5
574 602 4
575 576 3
575 603 2
576 577 5
576 604 3
577 578 4
577 605 1
578 579 4
578 606 3
579 580 5
579 607 4
580 581 5
580 608 3
581 582 3
581 609 3
582 583 2
582 610 1
583 584 2
583 611 3
584 585 5
584 612 2
585 586 5
585 613 5
586 587 3
586 614 1
587 588 5
587 615 2
588 616 2
589 590 5
589 617 2
590 591 3
590 618 3
591 592 3
591 619 5
592 593 3
592 620 5
593 594 4
593 621 2
594 595 1
594 622 5
595 596 2
595 623 5
596 597 1
596 624 5
597 598 3
597 625 5
598 599 1
598 626 3
599 600 3
599 627 3
600 601 1
600 628 5
601 602 5
601 629 5
602 603 2
602 630 2
603 604 4
603 631 4
604 605 4
604 632 3
605 606 5
605 633 4
606 607 1
606 634 1
607 608 2
607 635 2
608 609 4
608 636 5
609 610 3
609 637 1
610 611 5
610 638 1
611 612 4
611 639 3
612 613 3
612 640 3
613 614 1
613 641 5
614 615 4
614 642 5
615 616 2
615 643 1
616 644 5
617 618 4
617 645 2
618 619 1
618 646 3
619 620 1
619 647 2
620 621 1
620 648 4
621 622 3
621 649 3
622 623 1
622 650 4
623 624 2
623 651 1
624 625 3
624 652 5
625 626 4
625 653 1
626 627 5
626 654 5
627 628 3
627 655 4
628 629 1
628 656 5
629 630 4
629 657 4
630 631 4
630 658 3
631 632 1
631 659 5
632 633 3
632 660 4
633 634 1
633 661 5
634 635 1
634 662 1
635 636 3
635 663 2
636 637 4
636 664 1
637 638 4
637 665 5
638 639 3
638 666 4
639 640 1
639 667 5
640 641 3
640 668 5
641 642 3
641 669 3
642 643 2
642 670 3
643 644 4
643 671 2
644 672 2
645 646 3
645 673 1
646 647 5
646 674 5
647 648 3
647 675 4
648 649 2
648 676 1
649 650 2
649 677 2
650 651 2
650 678 5
651 652 5
651 679 1
652 653 4
652 680 5
653 654 1
653 681 5
654 655 4
654 682 3
655 656 1
655 683 2
656 657 3
656 684 5
657 658 3
657 685 4
658 659 5
658 686 2
659 660 4
659 687 4
660 661 5
660 688 2
661 662 5
661 689 1
662 663 1
662 690 3
663 664 2
663 691 1
664 665 5
664 692 5
665 666 5
665 693 1
666 667 4
666 694 4
667 668 4
667 695 5
668 669 4
668 696 3
669 670 3
669 697 2
670 671 5
670 698 3
671 672 2
671 699 4
672 700 1
673 674 2
673 701 3
674 675 1
674 702 5
675 676 1
675 703 5
676 677 5
676 704 5
677 678 3
677 705 3
678 679 1
678 706 3
679 680 3
679 707 3
680 681 5
680 708 2
681 682 4
681 709 5
682 683 4
682 710 4
683 684 1
683 711 5
684 685 5
684 712 1
685 686 4
685 713 3
686 687 2
686 714 3
687 688 4
687 715 5
688 689 5
688 716 4
689 690 1
689 717 5
690 691 4
690 718 2
691 692 4
691 719 4
692 693 4
692 720 2
693 694 2
693 721 4
694 695 2
694 722 3
695 696 4
695 723 5
696 697 1
696 724 3
697 698 1
697 725 5
698 699 1
698 726 5
699 700 4
699 727 2
700 728 4
701 702 4
701 729 2
702 703 5
702 730 5
703 704 1
703 731 5
704 705 2
704 732 4
705 706 5
705 733 5
706 707 4
706 734 2
707 708 3
707 735 3
708 709 1
708 736 1
709 710 5
709 737 5
710 711 1
710 738 4
711 712 3
711 739 5
712 713 2
712 740 2
713 714 5
713 741 2
714 715 3
714 742 4
715 716 2
715 743 5
716 717 2
716 744 4
717 718 3
717 745 1
718 719 1
718 746 2
719 720 5
719 747 3
720 721 1
720 748 2
721 722 4
721 749 1
722 723 5
722 750 3
723 724 5
723 751 4
724 725 2
724 752 5
725 726 4
725 753 5
726 727 4
726 754 3
727 728 2
727 755 2
728 756 1
729 730 5
729 757 1
730 731 1
730 758 4
731 732 5
731 759 4
732 733 2
732 760 5
733 734 3
733 761 5
734 735 1
734 762 5
735 736 3
735 763 2
736 737 3
736 764 1
737 738 1
737 765 3
738 739 3
738 766 2
739 740 5
739 767 4
740 741 3
740 768 4
741 742 2
741 769 5
742 743 3
742 770 2
743 744 5
743 771 3
744 745 2
744 772 3
745 746 5
745 773 1
746 747 5
746 774 3
747 748 2
747 775 5
748 749 1
748 776 4
749 750 1
749 777 5
750 751 3
750 778 1
751 752 4
751 779 2
752 753 5
752 780 4
753 754 4
753 781 2
754 755 3
754 782 1
755 756 1
755 783 4
756 784 4
757 758 3
758 759 2
759 760 5
760 761 1
761 762 1
762 763 2
763 764 1
764 765 2
765 766 2
766 767 3
767 768 2
768 769 5
769 770 2
770 771 1
771 772 3
772 773 3
773 774 4
774 775 3
775 776 4
776 777 2
777 778 5
778 779 1
779 780 2
780 781 1
781 782 4
782 783 5
783 784 1
1 757 4
2 758 5
3 759 4
4 760 2
5 761 1
6 762 1
7 763 2
8 764 3
9 765 4
10 766 4
11 767 5
12 768 3
13 769 2
14 770 2
15 771 5
16 772 4
17 773 4
18 774 1
19 775 1
20 776 4
21 777 2
22 778 3
23 779 2
24 780 1
25 781 5
26 782 1
27 783 2
28 784 2
1 28 1
29 56 2
57 84 1
85 112 3
113 140 5
141 168 4
169 196 5
197 224 4
225 252 4
253 280 1
281 308 1
309 336 2
337 364 4
365 392 4
393 420 1
421 448 4
449 476 2
477 504 2
505 532 3
533 560 2
561 588 2
589 616 1
617 644 1
645 672 3
673 700 2
701 728 2
729 756 2
757 784 2
