784 1568
1 2 3
1 29 4
2 3 5
2 30 1
3 4 3
3 31 2
4 5 4
4 32 2
5 6 2
5 33 5
6 7 3
6 34 3
7 8 5
7 35 4
8 9 4
8 36 1
9 10 5
9 37 4
10 11 1
10 38 2
11 12 2
11 39 1
12 13 4
12 40 2
13 14 4
13 41 3
14 15 2
14 42 2
15 16 3
15 43 4
16 17 5
16 44 1
17 18 3
17 45 1
18 19 5
18 46 5
19 20 2
19 47 2
20 21 4
20 48 4
21 22 4
21 49 5
22 23 4
22 50 5
23 24 5
23 51 5
24 25 1
24 52 1
25 26 1
25 53 4
26 27 5
26 54 1
27 28 2
27 55 4
28 56 2
29 30 2
29 57 2
30 31 3
30 58 5
31 32 1
31 59 4
32 33 1
32 60 4
33 34 1
33 61 5
34 35 4
34 62 3
35 36 1
35 63 5
36 37 4
36 64 1
37 38 1
37 65 3
38 39 4
38 66 5
39 40 3
39 67 3
40 41 5
40 68 4
41 42 3
41 69 4
42 43 1
42 70 1
43 44 3
43 71 3
44 45 4
44 72 2
45 46 4
45 73 1
46 47 3
46 74 2
47 48 4
47 75 1
48 49 4
48 76 2
49 50 4
49 77 3
50 51 2
50 78 2
51 52 4
51 79 5
52 53 5
52 80 4
53 54 3
53 81 2
54 55 2
54 82 3
55 56 4
55 83 2
56 84 1
57 58 4
57 85 1
58 59 2
58 86 1
59 60 4
59 87 5
60 61 3
60 88 4
61 62 1
61 89 5
62 63 5
62 90 4
63 64 1
63 91 2
64 65 2
64 92 5
65 66 1
65 93 4
66 67 1
66 94 1
67 68 2
67 95 4
68 69 5
68 96 2
69 70 5
69 97 1
70 71 4
70 98 2
71 72 3
71 99 3
72 73 2
72 100 2
73 74 3
73 101 1
74 75 1
74 102 5
75 76 3
75 103 3
76 77 2
76 104 1
77 78 3
77 105 5
78 79 2
78 106 1
79 80 4
79 107 4
80 81 2
80 108 5
81 82 5
81 109 5
82 83 2
82 110 2
83 84 4
83 111 3
84 112 3
85 86 1
85 113 4
86 87 4
86 114 4
87 88 2
87 115 3
88 89 4
88 116 2
89 90 4
89 117 2
90 91 2
90 118 3
91 92 2
91 119 5
92 93 3
92 120 4
93 94 3
93 121 1
94 95 2
94 122 5
95 96 1
95 123 2
96 97 5
96 124 3
97 98 5
97 125 4
98 99 4
98 126 4
99 100 1
99 127 5
100 101 2
100 128 5
101 102 1
101 129 3
102 103 1
102 130 4
103 104 2
103 131 1
104 105 5
104 132 2
105 106 4
105 133 5
106 107 5
106 134 3
107 108 1
107 135 2
108 109 1
108 136 5
109 110 3
109 137 1
110 111 4
110 138 1
111 112 4
111 139 5
112 140 1
113 114 1
113 141 2
114 115 1
114 142 4
115 116 1
115 143 2
116 117 3
116 144 1
117 118 1
117 145 2
118 119 3
118 146 5
119 120 2
119 147 5
120 121 1
120 148 3
121 122 1
121 149 3
122 123 1
122 150 2
123 124 3
123 151 4
124 125 3
124 152 3
125 126 2
125 153 3
126 127 5
126 154 4
127 128 4
127 155 5
128 129 3
128 156 4
129 130 4
129 157 3
130 131 1
130 158 4
131 132 4
131 159 2
132 133 5
132 160 5
133 134 5
133 161 4
134 135 5
134 162 4
135 136 1
135 163 3
136 137 4
136 164 2
137 138 1
137 165 1
138 139 4
138 166 3
139 140 4
139 167 5
140 168 1
141 142 3
141 169 4
142 143 4
142 170 1
143 144 4
143 171 2
144 145 3
144 172 4
145 146 4
145 173 2
146 147 4
146 174 4
147 148 1
147 175 4
148 149 3
148 176 1
149 150 2
149 177 2
150 151 1
150 178 1
151 152 5
151 179 3
152 153 3
152 180 1
153 154 1
153 181 4
154 155 3
154 182 2
155 156 3
155 183 1
156 157 2
156 184 3
157 158 2
157 185 5
158 159 1
158 186 5
159 160 3
159 187 4
160 161 3
160 188 3
161 162 2
161 189 4
162 163 3
162 190 5
163 164 3
163 191 5
164 165 2
164 192 3
165 166 1
165 193 5
166 167 1
166 194 4
167 168 3
167 195 5
168 196 5
169 170 4
169 197 2
170 171 4
170 198 2
171 172 1
171 199 2
172 173 2
172 200 2
173 174 1
173 201 3
174 175 1
174 202 3
175 176 5
175 203 4
176 177 3
176 204 3
177 178 4
177 205 1
178 179 5
178 206 3
179 180 4
179 207 3
180 181 1
180 208 4
181 182 1
181 209 2
182 183 3
182 210 5
183 184 3
183 211 1
184 185 4
184 212 5
185 186 4
185 213 3
186 187 4
186 214 4
187 188 4
187 215 4
188 189 2
188 216 1
189 190 1
189 217 3
190 191 5
190 218 3
191 192 2
191 219 3
192 193 1
192 220 1
193 194 4
193 221 2
194 195 3
194 222 2
195 196 4
195 223 1
196 224 3
197 198 2
197 225 4
198 199 2
198 226 1
199 200 5
199 227 1
200 201 4
200 228 4
201 202 2
201 229 5
202 203 1
202 230 1
203 204 4
203 231 3
204 205 2
204 232 2
205 206 4
205 233 2
206 207 5
206 234 1
207 208 3
207 235 2
208 209 1
208 236 5
209 210 3
209 237 3
210 211 5
210 238 4
211 212 5
211 239 5
212 213 3
212 240 1
213 214 2
213 241 4
214 215 4
214 242 1
215 216 3
215 243 3
216 217 4
216 244 3
217 218 3
217 245 4
218 219 4
218 246 3
219 220 3
219 247 3
220 221 3
220 248 5
221 222 4
221 249 4
222 223 5
222 250 5
223 224 1
223 251 1
224 252 3
225 226 3
225 253 2
226 227 5
226 254 5
227 228 4
227 255 3
228 229 5
228 256 4
229 230 3
229 257 4
230 231 5
230 258 3
231 232 1
231 259 4
232 233 1
232 260 3
233 234 4
233 261 1
234 235 4
234 262 3
235 236 5
235 263 1
236 237 5
236 264 4
237 238 5
237 265 3
238 239 5
238 266 2
239 240 2
239 267 5
240 241 1
240 268 5
241 242 4
241 269 5
242 243 1
242 270 2
243 244 1
243 271 1
244 245 5
244 272 2
245 246 1
245 273 1
246 247 4
246 274 2
247 248 2
247 275 1
248 249 3
248 276 3
249 250 1
249 277 4
250 251 1
250 278 3
251 252 2
251 279 1
252 280 1
253 254 2
253 281 3
254 255 3
254 282 2
255 256 2
255 283 4
256 257 4
256 284 4
257 258 3
257 285 4
258 259 2
258 286 4
259 260 2
259 287 2
260 261 3
260 288 5
261 262 5
261 289 5
262 263 4
262 290 3
263 264 4
263 291 1
264 265 4
264 292 5
265 266 2
265 293 4
266 267 5
266 294 4
267 268 3
267 295 3
268 269 2
268 296 3
269 270 3
269 297 5
270 271 1
270 298 1
271 272 1
271 299 1
272 273 5
272 300 5
273 274 3
273 301 2
274 275 4
274 302 1
275 276 2
275 303 2
276 277 5
276 304 2
277 278 2
277 305 4
278 279 1
278 306 1
279 280 4
279 307 2
280 308 1
281 282 5
281 309 2
282 283 2
282 310 4
283 284 1
283 311 3
284 285 1
284 312 1
285 286 5
285 313 1
286 287 5
286 314 4
287 288 4
287 315 3
288 289 5
288 316 1
289 290 1
289 317 4
290 291 5
290 318 1
291 292 3
291 319 1
292 293 1
292 320 1
293 294 3
293 321 3
294 295 5
294 322 5
295 296 5
295 323 3
296 297 1
296 324 3
297 298 2
297 325 5
298 299 3
298 326 3
299 300 4
299 327 4
300 301 5
300 328 3
301 302 4
301 329 2
302 303 3
302 330 5
303 304 5
303 331 2
304 305 3
304 332 4
305 306 5
305 333 4
306 307 5
306 334 2
307 308 3
307 335 4
308 336 5
309 310 4
309 337 5
310 311 3
310 338 1
311 312 5
311 339 4
312 313 2
312 340 4
313 314 2
313 341 5
314 315 1
314 342 5
315 316 1
315 343 3
316 317 5
316 344 3
317 318 1
317 345 2
318 319 2
318 346 4
319 320 2
319 347 3
320 321 5
320 348 2
321 322 3
321 349 1
322 323 1
322 350 1
323 324 3
323 351 4
324 325 2
324 352 5
325 326 1
325 353 4
326 327 4
326 354 3
327 328 2
327 355 2
328 329 5
328 356 2
329 330 4
329 357 1
330 331 1
330 358 5
331 332 2
331 359 5
332 333 1
332 360 1
333 334 3
333 361 4
334 335 2
334 362 5
335 336 3
335 363 2
336 364 5
337 338 1
337 365 3
338 339 2
338 366 2
339 340 4
339 367 2
340 341 5
340 368 1
341 342 1
341 369 4
342 343 5
342 370 5
343 344 3
343 371 5
344 345 5
344 372 5
345 346 1
345 373 5
346 347 1
346 374 4
347 348 3
347 375 5
348 349 4
348 376 4
349 350 3
349 377 5
350 351 4
350 378 1
351 352 5
351 379 1
352 353 3
352 380 1
353 354 3
353 381 2
354 355 5
354 382 1
355 356 3
355 383 1
356 357 5
356 384 5
357 358 1
357 385 5
358 359 2
358 386 2
359 360 5
359 387 4
360 361 2
360 388 5
361 362 2
361 389 3
362 363 4
362 390 4
363 364 5
363 391 3
364 392 2
365 366 1
365 393 2
366 367 3
366 394 4
367 368 2
367 395 5
368 369 2
368 396 5
369 370 1
369 397 2
370 371 4
370 398 5
371 372 5
371 399 3
372 373 4
372 400 5
373 374 1
373 401 3
374 375 3
374 402 4
375 376 2
375 403 3
376 377 4
376 404 2
377 378 5
377 405 3
378 379 5
378 406 5
379 380 2
379 407 3
380 381 3
380 408 4
381 382 1
381 409 4
382 383 2
382 410 4
383 384 2
383 411 5
384 385 4
384 412 2
385 386 2
385 413 5
386 387 3
386 414 2
387 388 3
387 415 2
388 389 5
388 416 3
389 390 5
389 417 2
390 391 3
390 418 5
391 392 4
391 419 1
392 420 4
393 394 1
393 421 1
394 395 1
394 422 2
395 396 3
395 423 3
396 397 3
396 424 3
397 398 5
397 425 1
398 399 3
398 426 1
399 400 4
399 427 2
400 401 5
400 428 2
401 402 4
401 429 5
402 403 1
402 430 5
403 404 4
403 431 3
404 405 1
404 432 1
405 406 5
405 433 3
406 407 3
406 434 5
407 408 1
407 435 1
408 409 2
408 436 3
409 410 3
409 437 1
410 411 5
410 438 2
411 412 3
411 439 3
412 413 2
412 440 3
413 414 4
413 441 5
414 415 3
414 442 3
415 416 1
415 443 1
416 417 3
416 444 3
417 418 4
417 445 5
418 419 4
418 446 1
419 420 1
419 447 5
420 448 4
421 422 3
421 449 3
422 423 5
422 450 1
423 424 2
423 451 1
424 425 2
424 452 1
425 426 2
425 453 3
426 427 4
426 454 2
427 428 5
427 455 4
428 429 3
428 456 4
429 430 4
429 457 3
430 431 5
430 458 1
431 432 2
431 459 2
432 433 5
432 460 5
433 434 5
433 461 5
434 435 4
434 462 1
435 436 3
435 463 3
436 437 2
436 464 4
437 438 4
437 465 4
438 439 5
438 466 4
439 440 1
439 467 5
440 441 5
440 468 5
441 442 2
441 469 1
442 443 5
442 470 2
443 444 2
443 471 1
444 445 2
444 472 2
445 446 1
445 473 5
446 447 5
446 474 1
447 448 1
447 475 3
448 476 4
449 450 2
449 477 4
450 451 3
450 478 2
451 452 4
451 479 3
452 453 5
452 480 2
453 454 1
453 481 3
454 455 1
454 482 2
455 456 2
455 483 3
456 457 2
456 484 3
457 458 2
457 485 1
458 459 2
458 486 4
459 460 3
459 487 3
460 461 1
460 488 2
461 462 4
461 489 5
462 463 1
462 490 3
463 464 4
463 491 3
464 465 4
464 492 1
465 466 4
465 493 5
466 467 2
466 494 2
467 468 1
467 495 4
468 469 3
468 496 4
469 470 3
469 497 1
470 471 4
470 498 5
471 472 2
471 499 1
472 473 5
472 500 4
473 474 1
473 501 4
474 475 1
474 502 1
475 476 4
475 503 1
476 504 1
477 478 3
477 505 2
478 479 1
478 506 2
479 480 2
479 507 1
480 481 1
480 508 5
481 482 1
481 509 4
482 483 1
482 510 3
483 484 1
483 511 2
484 485 2
484 512 1
485 486 2
485 513 3
486 487 1
486 514 2
487 488 5
487 515 2
488 489 3
488 516 3
489 490 3
489 517 5
490 491 4
490 518 2
491 492 4
491 519 4
492 493 1
492 520 2
493 494 1
493 521 5
494 495 3
494 522 3
495 496 3
495 523 4
496 497 5
496 524 5
497 498 3
497 525 2
498 499 5
498 526 2
499 500 4
499 527 1
500 501 2
500 528 2
501 502 5
501 529 2
502 503 3
502 530 1
503 504 4
503 531 2
504 532 3
505 506 1
505 533 5
506 507 2
506 534 3
507 508 1
507 535 4
508 509 3
508 536 2
509 510 5
509 537 3
510 511 3
510 538 3
511 512 2
511 539 1
512 513 1
512 540 5
513 514 5
513 541 2
514 515 3
514 542 2
515 516 4
515 543 2
516 517 2
516 544 2
517 518 2
517 545 3
518 519 2
518 546 4
519 520 3
519 547 2
520 521 2
520 548 2
521 522 1
521 549 4
522 523 1
522 550 2
523 524 3
523 551 2
524 525 2
524 552 4
525 526 5
525 553 4
526 527 2
526 554 4
527 528 1
527 555 2
528 529 1
528 556 1
529 530 2
529 557 2
530 531 4
530 558 1
531 532 5
531 559 1
532 560 4
533 534 2
533 561 4
534 535 4
534 562 4
535 536 2
535 563 1
536 537 1
536 564 3
537 538 3
537 565 1
538 539 5
538 566 3
539 540 4
539 567 5
540 541 2
540 568 4
541 542 3
541 569 1
542 543 3
542 570 2
543 544 2
543 571 1
544 545 1
544 572 1
545 546 4
545 573 4
546 547 2
546 574 4
547 548 2
547 575 4
548 549 1
548 576 5
549 550 1
549 577 3
550 551 1
550 578 4
551 552 1
551 579 5
552 553 2
552 580 2
553 554 3
553 581 5
554 555 3
554 582 1
555 556 4
555 583 5
556 557 5
556 584 4
557 558 5
557 585 5
558 559 4
558 586 4
559 560 1
559 587 2
560 588 3
561 562 5
561 589 2
562 563 1
562 590 4
563 564 5
563 591 1
564 565 5
564 592 1
565 566 2
565 593 1
566 567 4
566 594 4
567 568 1
567 595 1
568 569 3
568 596 2
569 570 1
569 597 4
570 571 3
570 598 3
571 572 2
571 599 5
572 573 3
572 600 4
573 574 5
573 601 1
574 575 4
574 602 4
575 576 3
575 603 1
576 577 2
576 604 1
577 578 2
577 605 2
578 579 3
578 606 2
579 580 2
579 607 4
580 581 5
580 608 3
581 582 5
581 609 2
582 583 2
582 610 3
583 584 1
583 611 4
584 585 1
584 612 4
585 586 2
585 613 5
586 587 5
586 614 4
587 588 5
587 615 5
588 616 5
589 590 3
589 617 1
590 591 4
590 618 3
591 592 2
591 619 2
592 593 4
592 620 3
593 594 5
593 621 3
594 595 4
594 622 4
595 596 4
595 623 2
596 597 5
596 624 3
597 598 4
597 625 3
598 599 1
598 626 2
599 600 2
599 627 1
600 601 5
600 628 1
601 602 5
601 629 1
602 603 2
602 630 1
603 604 2
603 631 4
604 605 4
604 632 1
605 606 3
605 633 1
606 607 4
606 634 3
607 608 1
607 635 1
608 609 1
608 636 3
609 610 1
609 637 2
610 611 1
610 638 2
611 612 1
611 639 1
612 613 4
612 640 2
613 614 4
613 641 2
614 615 1
614 642 4
615 616 2
615 643 5
616 644 5
617 618 5
617 645 1
618 619 5
618 646 4
619 620 1
619 647 3
620 621 1
620 648 2
621 622 1
621 649 5
622 623 4
622 650 3
623 624 5
623 651 2
624 625 3
624 652 3
625 626 5
625 653 4
626 627 5
626 654 5
627 628 3
627 655 2
628 629 2
628 656 4
629 630 4
629 657 4
630 631 2
630 658 1
631 632 2
631 659 4
632 633 4
632 660 2
633 634 4
633 661 4
634 635 4
634 662 4
635 636 3
635 663 2
636 637 2
636 664 2
637 638 1
637 665 4
638 639 4
638 666 4
639 640 5
639 667 3
640 641 2
640 668 1
641 642 1
641 669 4
642 643 5
642 670 2
643 644 1
643 671 3
644 672 5
645 646 2
645 673 3
646 647 4
646 674 1
647 648 4
647 675 5
648 649 1
648 676 2
649 650 4
649 677 2
650 651 5
650 678 2
651 652 4
651 679 2
652 653 2
652 680 1
653 654 5
653 681 4
654 655 5
654 682 1
655 656 3
655 683 2
656 657 4
656 684 3
657 658 2
657 685 4
658 659 5
658 686 2
659 660 1
659 687 2
660 661 5
660 688 5
661 662 4
661 689 1
662 663 3
662 690 2
663 664 4
663 691 1
664 665 3
664 692 5
665 666 4
665 693 3
666 667 5
666 694 4
667 668 2
667 695 1
668 669 2
668 696 2
669 670 5
669 697 5
670 671 2
670 698 5
671 672 2
671 699 5
672 700 1
673 674 2
673 701 1
674 675 3
674 702 5
675 676 2
675 703 1
676 677 2
676 704 1
677 678 4
677 705 5
678 679 3
678 706 2
679 680 4
679 707 5
680 681 3
680 708 2
681 682 1
681 709 2
682 683 4
682 710 5
683 684 2
683 711 5
684 685 4
684 712 4
685 686 2
685 713 2
686 687 4
686 714 2
687 688 1
687 715 5
688 689 5
688 716 5
689 690 5
689 717 4
690 691 3
690 718 2
691 692 1
691 719 5
692 693 2
692 720 1
693 694 4
693 721 5
694 695 3
694 722 3
695 696 3
695 723 3
696 697 1
696 724 3
697 698 2
697 725 5
698 699 1
698 726 3
699 700 2
699 727 3
700 728 1
701 702 3
701 729 5
702 703 4
702 730 4
703 704 5
703 731 2
704 705 4
704 732 5
705 706 2
705 733 4
706 707 5
706 734 5
707 708 3
707 735 4
708 709 5
708 736 3
709 710 3
709 737 5
710 711 5
710 738 2
711 712 4
711 739 5
712 713 4
712 740 5
713 714 4
713 741 5
714 715 2
714 742 4
715 716 1
715 743 1
716 717 4
716 744 3
717 718 2
717 745 5
718 719 4
718 746 1
719 720 3
719 747 2
720 721 5
720 748 5
721 722 5
721 749 4
722 723 2
722 750 5
723 724 5
723 751 4
724 725 2
724 752 5
725 726 5
725 753 1
726 727 5
726 754 2
727 728 1
727 755 5
728 756 1
729 730 1
729 757 1
730 731 4
730 758 2
731 732 2
731 759 4
732 733 1
732 760 5
733 734 2
733 761 2
734 735 5
734 762 5
735 736 4
735 763 5
736 737 4
736 764 4
737 738 4
737 765 3
738 739 4
738 766 1
739 740 4
739 767 5
740 741 1
740 768 2
741 742 2
741 769 3
742 743 1
742 770 5
743 744 4
743 771 4
744 745 3
744 772 1
745 746 1
745 773 1
746 747 5
746 774 3
747 748 1
747 775 4
748 749 3
748 776 1
749 750 3
749 777 4
750 751 5
750 778 5
751 752 3
751 779 4
752 753 2
752 780 1
753 754 4
753 781 4
754 755 5
754 782 2
755 756 3
755 783 3
756 784 5
757 758 1
758 759 3
759 760 1
760 761 1
761 762 1
762 763 4
763 764 4
764 765 4
765 766 2
766 767 5
767 768 2
768 769 5
769 770 3
770 771 1
771 772 3
772 773 2
773 774 1
774 775 3
775 776 5
776 777 4
777 778 4
778 779 5
779 780 4
780 781 1
781 782 2
782 783 5
783 784 1
1 757 2
2 758 2
3 759 2
4 760 4
5 761 3
6 762 3
7 763 3
8 764 1
9 765 2
10 766 4
11 767 2
12 768 1
13 769 2
14 770 2
15 771 5
16 772 5
17 773 1
18 774 5
19 775 3
20 776 1
21 777 5
22 778 5
23 779 3
24 780 4
25 781 5
26 782 1
27 783 3
28 784 4
1 28 4
29 56 3
57 84 4
85 112 1
113 140 1
141 168 4
169 196 5
197 224 2
225 252 3
253 280 5
281 308 5
309 336 2
337 364 2
365 392 2
393 420 1
421 448 1
449 476 5
477 504 2
505 532 4
533 560 1
561 588 3
589 616 2
617 644 4
645 672 3
673 700 4
701 728 3
729 756 3
757 784 4
