784 1568
1 2 2
1 29 1
2 3 1
2 30 2
3 4 5
3 31 4
4 5 2
4 32 4
5 6 2
5 33 5
6 7 3
6 34 2
7 8 5
7 35 5
8 9 2
8 36 5
9 10 3
9 37 5
10 11 4
10 38 3
11 12 5
11 39 1
12 13 4
12 40 4
13 14 3
13 41 5
14 15 3
14 42 5
15 16 2
15 43 5
16 17 3
16 44 5
17 18 1
17 45 2
18 19 2
18 46 4
19 20 4
19 47 5
20 21 3
20 48 1
21 22 4
21 49 4
22 23 3
22 50 3
23 24 1
23 51 1
24 25 5
24 52 4
25 26 1
25 53 3
26 27 3
26 54 1
27 28 4
27 55 4
28 56 1
29 30 2
29 57 2
30 31 1
30 58 4
31 32 2
31 59 5
32 33 1
32 60 1
33 34 4
33 61 1
34 35 1
34 62 1
35 36 5
35 63 1
36 37 3
36 64 4
37 38 2
37 65 4
38 39 2
38 66 1
39 40 5
39 67 2
40 41 4
40 68 1
41 42 3
41 69 2
42 43 1
42 70 5
43 44 2
43 71 2
44 45 5
44 72 5
45 46 1
45 73 1
46 47 2
46 74 4
47 48 3
47 75 1
48 49 4
48 76 4
49 50 1
49 77 2
50 51 1
50 78 2
51 52 4
51 79 5
52 53 3
52 80 3
53 54 3
53 81 3
54 55 4
54 82 1
55 56 4
55 83 5
56 84 4
57 58 3
57 85 5
58 59 2
58 86 5
59 60 1
59 87 2
60 61 3
60 88 4
61 62 5
61 89 2
62 63 2
62 90 1
63 64 2
63 91 5
64 65 4
64 92 2
65 66 2
65 93 2
66 67 2
66 94 3
67 68 4
67 95 3
68 69 2
68 96 2
69 70 5
69 97 3
70 71 1
70 98 4
71 72 5
71 99 1
72 73 3
72 100 2
73 74 2
73 101 2
74 75 1
74 102 3
75 76 4
75 103 2
76 77 3
76 104 2
77 78 2
77 105 5
78 79 2
78 106 4
79 80 5
79 107 3
80 81 5
80 108 4
81 82 2
81 109 1
82 83 3
82 110 5
83 84 5
83 111 1
84 112 5
85 86 5
85 113 2
86 87 4
86 114 1
87 88 1
87 115 3
88 89 2
88 116 2
89 90 1
89 117 3
90 91 5
90 118 5
91 92 2
91 119 5
92 93 1
92 120 4
93 94 1
93 121 1
94 95 2
94 122 5
95 96 1
95 123 3
96 97 5
96 124 5
97 98 3
97 125 3
98 99 2
98 126 3
99 100 2
99 127 2
100 101 4
100 128 1
101 102 5
101 129 1
102 103 1
102 130 5
103 104 3
103 131 5
104 105 3
104 132 5
105 106 1
105 133 4
106 107 2
106 134 3
107 108 2
107 135 2
108 109 1
108 136 3
109 110 5
109 137 1
110 111 1
110 138 3
111 112 5
111 139 1
112 140 5
113 114 5
113 141 4
114 115 3
114 142 4
115 116 2
115 143 5
116 117 5
116 144 3
117 118 2
117 145 4
118 119 3
118 146 4
119 120 4
119 147 1
120 121 2
120 148 3
121 122 4
121 149 4
122 123 1
122 150 4
123 124 4
123 151 2
124 125 5
124 152 1
125 126 5
125 153 1
126 127 4
126 154 4
127 128 5
127 155 3
128 129 3
128 156 1
129 130 5
129 157 1
130 131 5
130 158 1
131 132 2
131 159 4
132 133 5
132 160 2
133 134 3
133 161 3
134 135 4
134 162 4
135 136 3
135 163 1
136 137 3
136 164 3
137 138 2
137 165 4
138 139 3
138 166 1
139 140 4
139 167 2
140 168 5
141 142 2
141 169 1
142 143 4
142 170 4
143 144 4
143 171 1
144 145 4
144 172 5
145 146 3
145 173 1
146 147 3
146 174 3
147 148 1
147 175 2
148 149 4
148 176 5
149 150 2
149 177 1
150 151 5
150 178 5
151 152 2
151 179 5
152 153 3
152 180 1
153 154 3
153 181 5
154 155 1
154 182 1
155 156 5
155 183 3
156 157 2
156 184 3
157 158 3
157 185 4
158 159 3
158 186 3
159 160 1
159 187 4
160 161 4
160 188 2
161 162 1
161 189 3
162 163 5
162 190 1
163 164 2
163 191 3
164 165 1
164 192 1
165 166 4
165 193 4
166 167 2
166 194 5
167 168 3
167 195 1
168 196 3
169 170 5
169 197 5
170 171 3
170 198 3
171 172 3
171 199 1
172 173 4
172 200 1
173 174 1
173 201 4
174 175 5
174 202 4
175 176 2
175 203 2
176 177 3
176 204 1
177 178 4
177 205 3
178 179 4
178 206 2
179 180 4
179 207 1
180 181 5
180 208 2
181 182 2
181 209 1
182 183 1
182 210 2
183 184 1
183 211 1
184 185 2
184 212 2
185 186 3
185 213 1
186 187 1
186 214 2
187 188 4
187 215 3
188 189 1
188 216 1
189 190 2
189 217 4
190 191 5
190 218 1
191 192 2
191 219 1
192 193 5
192 220 2
193 194 1
193 221 3
194 195 5
194 222 1
195 196 4
195 223 2
196 224 3
197 198 1
197 225 2
198 199 3
198 226 1
199 200 5
199 227 2
200 201 1
200 228 3
201 202 2
201 229 5
202 203 2
202 230 4
203 204 5
203 231 2
204 205 4
204 232 3
205 206 1
205 233 2
206 207 2
206 234 2
207 208 2
207 235 1
208 209 3
208 236 5
209 210 1
209 237 1
210 211 4
210 238 5
211 212 5
211 239 5
212 213 2
212 240 1
213 214 4
213 241 5
214 215 5
214 242 3
215 216 4
215 243 5
216 217 3
216 244 5
217 218 3
217 245 3
218 219 4
218 246 2
219 220 2
219 247 3
220 221 5
220 248 5
221 222 2
221 249 2
222 223 5
222 250 4
223 224 1
223 251 1
224 252 5
225 226 3
225 253 2
226 227 2
226 254 5
227 228 5
227 255 1
228 229 3
228 256 1
229 230 3
229 257 3
230 231 5
230 258 4
231 232 2
231 259 4
232 233 3
232 260 4
233 234 3
233 261 3
234 235 2
234 262 5
235 236 1
235 263 4
236 237 3
236 264 3
237 238 2
237 265 2
238 239 4
238 266 3
239 240 2
239 267 1
240 241 3
240 268 3
241 242 2
241 269 1
242 243 2
242 270 3
243 244 3
243 271 5
244 245 4
244 272 4
245 246 2
245 273 1
246 247 1
246 274 3
247 248 3
247 275 2
248 249 3
248 276 3
249 250 4
249 277 4
250 251 2
250 278 4
251 252 4
251 279 2
252 280 3
253 254 4
253 281 2
254 255 4
254 282 3
255 256 1
255 283 3
256 257 4
256 284 2
257 258 4
257 285 1
258 259 3
258 286 1
259 260 5
259 287 5
260 261 5
260 288 2
261 262 5
261 289 1
262 263 5
262 290 3
263 264 1
263 291 5
264 265 2
264 292 5
265 266 2
265 293 2
266 267 1
266 294 5
267 268 3
267 295 2
268 269 3
268 296 2
269 270 3
269 297 2
270 271 5
270 298 3
271 272 5
271 299 1
272 273 5
272 300 5
273 274 3
273 301 2
274 275 3
274 302 5
275 276 1
275 303 2
276 277 1
276 304 2
277 278 2
277 305 2
278 279 5
278 306 3
279 280 3
279 307 5
280 308 2
281 282 4
281 309 1
282 283 2
282 310 4
283 284 1
283 311 4
284 285 3
284 312 5
285 286 1
285 313 4
286 287 3
286 314 5
287 288 2
287 315 2
288 289 3
288 316 1
289 290 2
289 317 2
290 291 5
290 318 1
291 292 5
291 319 2
292 293 1
292 320 1
293 294 3
293 321 3
294 295 1
294 322 2
295 296 2
295 323 5
296 297 3
296 324 1
297 298 1
297 325 2
298 299 4
298 326 3
299 300 1
299 327 1
300 301 5
300 328 4
301 302 2
301 329 4
302 303 2
302 330 3
303 304 2
303 331 5
304 305 5
304 332 5
305 306 3
305 333 1
306 307 1
306 334 1
307 308 4
307 335 5
308 336 3
309 310 5
309 337 2
310 311 1
310 338 3
311 312 5
311 339 4
312 313 1
312 340 2
313 314 3
313 341 5
314 315 2
314 342 5
315 316 1
315 343 3
316 317 1
316 344 4
317 318 2
317 345 5
318 319 3
318 346 2
319 320 3
319 347 2
320 321 1
320 348 2
321 322 5
321 349 2
322 323 2
322 350 5
323 324 3
323 351 4
324 325 5
324 352 5
325 326 5
325 353 1
326 327 2
326 354 1
327 328 4
327 355 4
328 329 5
328 356 2
329 330 4
329 357 1
330 331 3
330 358 3
331 332 1
331 359 2
332 333 4
332 360 4
333 334 4
333 361 3
334 335 1
334 362 4
335 336 4
335 363 4
336 364 3
337 338 2
337 365 2
338 339 3
338 366 5
339 340 4
339 367 4
340 341 4
340 368 1
341 342 5
341 369 3
342 343 2
342 370 5
343 344 4
343 371 3
344 345 1
344 372 3
345 346 4
345 373 2
346 347 1
346 374 4
347 348 1
347 375 5
348 349 5
348 376 1
349 350 1
349 377 1
350 351 1
350 378 4
351 352 4
351 379 5
352 353 5
352 380 2
353 354 5
353 381 3
354 355 3
354 382 4
355 356 4
355 383 1
356 357 5
356 384 1
357 358 5
357 385 3
358 359 5
358 386 2
359 360 3
359 387 4
360 361 5
360 388 2
361 362 4
361 389 5
362 363 4
362 390 2
363 364 3
363 391 1
364 392 1
365 366 5
365 393 2
366 367 1
366 394 4
367 368 2
367 395 1
368 369 1
368 396 2
369 370 1
369 397 4
370 371 4
370 398 5
371 372 1
371 399 2
372 373 2
372 400 2
373 374 3
373 401 5
374 375 5
374 402 5
375 376 2
375 403 3
376 377 5
376 404 1
377 378 1
377 405 1
378 379 1
378 406 1
379 380 1
379 407 5
380 381 5
380 408 2
381 382 1
381 409 1
382 383 5
382 410 3
383 384 1
383 411 5
384 385 3
384 412 1
385 386 4
385 413 3
386 387 5
386 414 4
387 388 5
387 415 1
388 389 4
388 416 4
389 390 2
389 417 2
390 391 5
390 418 1
391 392 3
391 419 1
392 420 4
393 394 3
393 421 4
394 395 1
394 422 1
395 396 2
395 423 1
396 397 4
396 424 1
397 398 5
397 425 2
398 399 4
398 426 4
399 400 1
399 427 1
400 401 2
400 428 5
401 402 4
401 429 2
402 403 2
402 430 1
403 404 1
403 431 2
404 405 1
404 432 1
405 406 3
405 433 3
406 407 4
406 434 5
407 408 1
407 435 4
408 409 2
408 436 2
409 410 1
409 437 5
410 411 1
410 438 1
411 412 1
411 439 2
412 413 2
412 440 5
413 414 4
413 441 3
414 415 5
414 442 3
415 416 3
415 443 5
416 417 5
416 444 4
417 418 1
417 445 2
418 419 5
418 446 1
419 420 2
419 447 2
420 448 3
421 422 5
421 449 5
422 423 1
422 450 4
423 424 1
423 451 4
424 425 4
424 452 2
425 426 2
425 453 2
426 427 4
426 454 2
427 428 2
427 455 3
428 429 1
428 456 5
429 430 5
429 457 1
430 431 1
430 458 1
431 432 4
431 459 5
432 433 3
432 460 2
433 434 1
433 461 3
434 435 5
434 462 5
435 436 4
435 463 2
436 437 2
436 464 1
437 438 2
437 465 2
438 439 5
438 466 1
439 440 3
439 467 2
440 441 4
440 468 3
441 442 5
441 469 5
442 443 5
442 470 3
443 444 4
443 471 2
444 445 2
444 472 2
445 446 4
445 473 4
446 447 1
446 474 4
447 448 5
447 475 2
448 476 1
449 450 1
449 477 3
450 451 2
450 478 3
451 452 3
451 479 5
452 453 3
452 480 5
453 454 4
453 481 2
454 455 2
454 482 3
455 456 1
455 483 4
456 457 2
456 484 2
457 458 1
457 485 1
458 459 2
458 486 1
459 460 3
459 487 1
460 461 3
460 488 2
461 462 2
461 489 2
462 463 2
462 490 1
463 464 2
463 491 5
464 465 1
464 492 5
465 466 4
465 493 1
466 467 4
466 494 5
467 468 5
467 495 2
468 469 5
468 496 1
469 470 2
469 497 3
470 471 5
470 498 2
471 472 1
471 499 4
472 473 4
472 500 3
473 474 4
473 501 5
474 475 2
474 502 4
475 476 3
475 503 2
476 504 4
477 478 1
477 505 1
478 479 1
478 506 4
479 480 2
479 507 2
480 481 5
480 508 4
481 482 3
481 509 4
482 483 2
482 510 3
483 484 4
483 511 1
484 485 5
484 512 3
485 486 5
485 513 1
486 487 2
486 514 2
487 488 2
487 515 3
488 489 2
488 516 3
489 490 2
489 517 2
490 491 2
490 518 5
491 492 3
491 519 5
492 493 2
492 520 3
493 494 4
493 521 5
494 495 4
494 522 1
495 496 4
495 523 3
496 497 1
496 524 4
497 498 5
497 525 4
498 499 3
498 526 2
499 500 3
499 527 4
500 501 5
500 528 2
501 502 2
501 529 5
502 503 1
502 530 1
503 504 3
503 531 2
504 532 1
505 506 4
505 533 5
506 507 2
506 534 3
507 508 5
507 535 1
508 509 3
508 536 3
509 510 5
509 537 2
510 511 3
510 538 4
511 512 5
511 539 4
512 513 2
512 540 5
513 514 5
513 541 1
514 515 3
514 542 2
515 516 4
515 543 1
516 517 2
516 544 3
517 518 4
517 545 3
518 519 3
518 546 2
519 520 4
519 547 2
520 521 3
520 548 1
521 522 4
521 549 1
522 523 5
522 550 3
523 524 5
523 551 5
524 525 1
524 552 3
525 526 1
525 553 5
526 527 3
526 554 2
527 528 4
527 555 2
528 529 2
528 556 5
529 530 2
529 557 5
530 531 2
530 558 1
531 532 1
531 559 4
532 560 2
533 534 3
533 561 1
534 535 3
534 562 4
535 536 5
535 563 3
536 537 4
536 564 2
537 538 1
537 565 2
538 539 4
538 566 5
539 540 4
539 567 4
540 541 1
540 568 1
541 542 4
541 569 2
542 543 2
542 570 4
543 544 3
543 571 3
544 545 2
544 572 4
545 546 2
545 573 4
546 547 2
546 574 1
547 548 1
547 575 1
548 549 5
548 576 4
549 550 4
549 577 5
550 551 2
550 578 2
551 552 4
551 579 5
552 553 5
552 580 3
553 554 3
553 581 2
554 555 2
554 582 2
555 556 1
555 583 4
556 557 4
556 584 3
557 558 5
557 585 3
558 559 2
558 586 2
559 560 2
559 587 5
560 588 5
561 562 2
561 589 4
562 563 1
562 590 2
563 564 4
563 591 3
564 565 1
564 592 3
565 566 5
565 593 4
566 567 2
566 594 2
567 568 4
567 595 2
568 569 5
568 596 2
569 570 1
569 597 1
570 571 5
570 598 5
571 572 1
571 599 2
572 573 2
572 600 5
573 574 5
573 601 3
574 575 2
574 602 1
575 576 2
575 603 2
576 577 5
576 604 4
577 578 1
577 605 1
578 579 5
578 606 5
579 580 3
579 607 4
580 581 2
580 608 2
581 582 1
581 609 3
582 583 1
582 610 5
583 584 4
583 611 1
584 585 5
584 612 4
585 586 2
585 613 3
586 587 4
586 614 4
587 588 5
587 615 1
588 616 4
589 590 4
589 617 3
590 591 4
590 618 5
591 592 2
591 619 1
592 593 2
592 620 5
593 594 2
593 621 2
594 595 3
594 622 2
595 596 4
595 623 1
596 597 3
596 624 2
597 598 3
597 625 1
598 599 3
598 626 4
599 600 3
599 627 3
600 601 3
600 628 4
601 602 1
601 629 2
602 603 2
602 630 4
603 604 4
603 631 1
604 605 4
604 632 5
605 606 5
605 633 1
606 607 2
606 634 1
607 608 5
607 635 2
608 609 3
608 636 1
609 610 4
609 637 4
610 611 5
610 638 2
611 612 3
611 639 1
612 613 2
612 640 1
613 614 5
613 641 3
614 615 4
614 642 5
615 616 4
615 643 5
616 644 3
617 618 4
617 645 4
618 619 3
618 646 1
619 620 3
619 647 1
620 621 5
620 648 4
621 622 1
621 649 4
622 623 4
622 650 4
623 624 1
623 651 5
624 625 1
624 652 3
625 626 5
625 653 1
626 627 5
626 654 1
627 628 3
627 655 4
628 629 3
628 656 5
629 630 5
629 657 3
630 631 4
630 658 4
631 632 4
631 659 5
632 633 1
632 660 5
633 634 2
633 661 2
634 635 3
634 662 3
635 636 2
635 663 4
636 637 5
636 664 2
637 638 4
637 665 5
638 639 2
638 666 4
639 640 4
639 667 3
640 641 1
640 668 2
641 642 4
641 669 5
642 643 3
642 670 2
643 644 5
643 671 3
644 672 2
645 646 2
645 673 1
646 647 3
646 674 3
647 648 3
647 675 1
648 649 5
648 676 1
649 650 5
649 677 3
650 651 5
650 678 3
651 652 3
651 679 3
652 653 3
652 680 2
653 654 4
653 681 2
654 655 1
654 682 3
655 656 2
655 683 1
656 657 5
656 684 3
657 658 3
657 685 5
658 659 1
658 686 2
659 660 4
659 687 1
660 661 3
660 688 4
661 662 4
661 689 2
662 663 4
662 690 5
663 664 5
663 691 1
664 665 5
664 692 1
665 666 2
665 693 4
666 667 2
666 694 2
667 668 4
667 695 4
668 669 3
668 696 2
669 670 2
669 697 5
670 671 5
670 698 3
671 672 5
671 699 5
672 700 5
673 674 1
673 701 3
674 675 4
674 702 2
675 676 2
675 703 4
676 677 4
676 704 3
677 678 3
677 705 3
678 679 1
678 706 2
679 680 3
679 707 1
680 681 5
680 708 4
681 682 1
681 709 5
682 683 5
682 710 3
683 684 3
683 711 5
684 685 3
684 712 3
685 686 2
685 713 5
686 687 4
686 714 5
687 688 2
687 715 5
688 689 3
688 716 3
689 690 4
689 717 2
690 691 2
690 718 2
691 692 4
691 719 2
692 693 1
692 720 1
693 694 3
693 721 2
694 695 5
694 722 1
695 696 1
695 723 2
696 697 3
696 724 1
697 698 5
697 725 3
698 699 1
698 726 3
699 700 4
699 727 3
700 728 4
701 702 2
701 729 5
702 703 5
702 730 1
703 704 3
703 731 3
704 705 1
704 732 5
705 706 5
705 733 4
706 707 2
706 734 4
707 708 3
707 735 4
708 709 1
708 736 3
709 710 5
709 737 1
710 711 4
710 738 2
711 712 3
711 739 4
712 713 1
712 740 4
713 714 4
713 741 3
714 715 2
714 742 5
715 716 3
715 743 4
716 717 1
716 744 2
717 718 5
717 745 3
718 719 2
718 746 2
719 720 1
719 747 3
720 721 2
720 748 3
721 722 3
721 749 4
722 723 4
722 750 4
723 724 4
723 751 2
724 725 1
724 752 4
725 726 4
725 753 3
726 727 4
726 754 4
727 728 3
727 755 5
728 756 3
729 730 2
729 757 5
730 731 3
730 758 5
731 732 3
731 759 3
732 733 2
732 760 4
733 734 3
733 761 1
734 735 3
734 762 5
735 736 4
735 763 5
736 737 4
736 764 3
737 738 5
737 765 5
738 739 3
738 766 3
739 740 1
739 767 1
740 741 3
740 768 3
741 742 5
741 769 4
742 743 5
742 770 1
743 744 5
743 771 1
744 745 2
744 772 2
745 746 2
745 773 4
746 747 2
746 774 5
747 748 5
747 775 2
748 749 5
748 776 2
749 750 3
749 777 1
750 751 5
750 778 5
751 752 2
751 779 2
752 753 4
752 780 5
753 754 3
753 781 2
754 755 1
754 782 1
755 756 3
755 783 4
756 784 5
757 758 4
758 759 5
759 760 1
760 761 4
761 762 5
762 763 1
763 764 5
764 765 3
765 766 5
766 767 5
767 768 5
768 769 1
769 770 5
770 771 2
771 772 2
772 773 3
773 774 3
774 775 1
775 776 3
776 777 4
777 778 5
778 779 4
779 780 3
780 781 5
781 782 4
782 783 2
783 784 1
1 757 1
2 758 2
3 759 5
4 760 4
5 761 3
6 762 1
7 763 2
8 764 5
9 765 5
10 766 2
11 767 1
12 768 3
13 769 1
14 770 5
15 771 5
16 772 2
17 773 2
18 774 5
19 775 4
20 776 1
21 777 1
22 778 5
23 779 5
24 780 4
25 781 1
26 782 3
27 783 1
28 784 4
1 28 3
29 56 1
57 84 3
85 112 2
113 140 1
141 168 3
169 196 1
197 224 4
225 252 1
253 280 1
281 308 3
309 336 5
337 364 1
365 392 2
393 420 1
421 448 4
449 476 5
477 504 5
505 532 2
533 560 3
561 588 2
589 616 3
617 644 1
645 672 2
673 700 2
701 728 3
729 756 4
757 784 1
