784 1568
1 2 3
1 29 2
2 3 5
2 30 1
3 4 2
3 31 3
4 5 2
4 32 1
5 6 5
5 33 2
6 7 4
6 34 2
7 8 1
7 35 2
8 9 4
8 36 5
9 10 4
9 37 5
10 11 1
10 38 5
11 12 1
11 39 1
12 13 5
12 40 5
13 14 2
13 41 2
14 15 4
14 42 5
15 16 1
15 43 2
16 17 3
16 44 3
17 18 5
17 45 5
18 19 5
18 46 5
19 20 2
19 47 4
20 21 2
20 48 3
21 22 1
21 49 4
22 23 2
22 50 4
23 24 1
23 51 2
24 25 1
24 52 2
25 26 5
25 53 1
26 27 3
26 54 3
27 28 5
27 55 3
28 56 2
29 30 4
29 57 5
30 31 4
30 58 2
31 32 2
31 59 5
32 33 2
32 60 3
33 34 3
33 61 4
34 35 5
34 62 1
35 36 4
35 63 4
36 37 2
36 64 5
37 38 3
37 65 5
38 39 2
38 66 4
39 40 4
39 67 3
40 41 4
40 68 3
41 42 1
41 69 4
42 43 1
42 70 4
43 44 1
43 71 3
44 45 5
44 72 1
45 46 4
45 73 1
46 47 1
46 74 4
47 48 2
47 75 4
48 49 4
48 76 5
49 50 1
49 77 3
50 51 2
50 78 1
51 52 2
51 79 2
52 53 4
52 80 1
53 54 5
53 81 3
54 55 1
54 82 2
55 56 2
55 83 1
56 84 2
57 58 1
57 85 4
58 59 5
58 86 4
59 60 3
59 87 4
60 61 3
60 88 5
61 62 3
61 89 3
62 63 2
62 90 2
63 64 4
63 91 5
64 65 1
64 92 1
65 66 5
65 93 2
66 67 5
66 94 2
67 68 2
67 95 2
68 69 2
68 96 2
69 70 2
69 97 3
70 71 1
70 98 5
71 72 4
71 99 3
72 73 4
72 100 2
73 74 3
73 101 4
74 75 5
74 102 1
75 76 4
75 103 5
76 77 5
76 104 2
77 78 4
77 105 4
78 79 1
78 106 3
79 80 2
79 107 1
80 81 1
80 108 1
81 82 2
81 109 4
82 83 2
82 110 3
83 84 5
83 111 1
84 112 2
85 86 5
85 113 1
86 87 1
86 114 5
87 88 1
87 115 1
88 89 5
88 116 1
89 90 5
89 117 2
90 91 2
90 118 2
91 92 2
91 119 5
92 93 4
92 120 4
93 94 5
93 121 5
94 95 3
94 122 4
95 96 4
95 123 5
96 97 1
96 124 4
97 98 3
97 125 3
98 99 1
98 126 4
99 100 3
99 127 2
100 101 5
100 128 5
101 102 4
101 129 2
102 103 4
102 130 1
103 104 3
103 131 5
104 105 1
104 132 2
105 106 4
105 133 4
106 107 4
106 134 3
107 108 1
107 135 2
108 109 2
108 136 3
109 110 5
109 137 5
110 111 3
110 138 4
111 112 3
111 139 4
112 140 5
113 114 5
113 141 5
114 115 3
114 142 5
115 116 2
115 143 2
116 117 4
116 144 5
117 118 2
117 145 3
118 119 1
118 146 3
119 120 4
119 147 2
120 121 5
120 148 1
121 122 5
121 149 2
122 123 1
122 150 1
123 124 1
123 151 2
124 125 1
124 152 2
125 126 4
125 153 2
126 127 5
126 154 1
127 128 5
127 155 3
128 129 1
128 156 3
129 130 4
129 157 2
130 131 1
130 158 3
131 132 1
131 159 2
132 133 4
132 160 3
133 134 2
133 161 5
134 135 2
134 162 3
135 136 4
135 163 5
136 137 1
136 164 3
137 138 5
137 165 1
138 139 5
138 166 3
139 140 4
139 167 5
140 168 4
141 142 5
141 169 1
142 143 3
142 170 2
143 144 3
143 171 2
144 145 2
144 172 2
145 146 5
145 173 3
146 147 1
146 174 2
147 148 4
147 175 1
148 149 3
148 176 5
149 150 3
149 177 1
150 151 2
150 178 4
151 152 4
151 179 1
152 153 5
152 180 4
153 154 2
153 181 4
154 155 4
154 182 2
155 156 1
155 183 3
156 157 1
156 184 2
157 158 3
157 185 2
158 159 5
158 186 2
159 160 4
159 187 2
160 161 3
160 188 1
161 162 4
161 189 2
162 163 3
162 190 1
163 164 4
163 191 2
164 165 1
164 192 1
165 166 2
165 193 1
166 167 3
166 194 1
167 168 1
167 195 1
168 196 5
169 170 3
169 197 5
170 171 2
170 198 5
171 172 5
171 199 1
172 173 1
172 200 1
173 174 1
173 201 5
174 175 4
174 202 3
175 176 2
175 203 2
176 177 2
176 204 4
177 178 4
177 205 2
178 179 3
178 206 5
179 180 1
179 207 4
180 181 1
180 208 1
181 182 3
181 209 1
182 183 1
182 210 1
183 184 3
183 211 5
184 185 1
184 212 5
185 186 4
185 213 5
186 187 1
186 214 5
187 188 5
187 215 4
188 189 1
188 216 2
189 190 1
189 217 3
190 191 5
190 218 1
191 192 5
191 219 3
192 193 4
192 220 3
193 194 1
193 221 2
194 195 5
194 222 4
195 196 1
195 223 5
196 224 5
197 198 2
197 225 1
198 199 5
198 226 4
199 200 1
199 227 2
200 201 2
200 228 1
201 202 2
201 229 3
202 203 2
202 230 5
203 204 3
203 231 4
204 205 5
204 232 4
205 206 4
205 233 3
206 207 2
206 234 5
207 208 3
207 235 1
208 209 4
208 236 2
209 210 4
209 237 2
210 211 5
210 238 1
211 212 5
211 239 5
212 213 4
212 240 4
213 214 3
213 241 5
214 215 3
214 242 3
215 216 1
215 243 5
216 217 4
216 244 4
217 218 2
217 245 3
218 219 2
218 246 5
219 220 2
219 247 2
220 221 2
220 248 5
221 222 2
221 249 5
222 223 1
222 250 4
223 224 3
223 251 5
224 252 4
225 226 5
225 253 1
226 227 2
226 254 5
227 228 5
227 255 1
228 229 4
228 256 3
229 230 2
229 257 3
230 231 2
230 258 1
231 232 5
231 259 1
232 233 1
232 260 4
233 234 4
233 261 3
234 235 2
234 262 1
235 236 3
235 263 2
236 237 1
236 264 4
237 238 3
237 265 4
238 239 3
238 266 5
239 240 4
239 267 1
240 241 4
240 268 2
241 242 5
241 269 1
242 243 1
242 270 5
243 244 2
243 271 1
244 245 1
244 272 2
245 246 4
245 273 1
246 247 2
246 274 2
247 248 4
247 275 3
248 249 3
248 276 4
249 250 4
249 277 1
250 251 1
250 278 3
251 252 4
251 279 1
252 280 5
253 254 3
253 281 4
254 255 3
254 282 4
255 256 4
255 283 5
256 257 4
256 284 4
257 258 5
257 285 5
258 259 4
258 286 4
259 260 4
259 287 4
260 261 5
260 288 1
261 262 4
261 289 2
262 263 3
262 290 4
263 264 1
263 291 1
264 265 4
264 292 1
265 266 2
265 293 2
266 267 4
266 294 2
267 268 4
267 295 4
268 269 2
268 296 1
269 270 3
269 297 3
270 271 2
270 298 2
271 272 2
271 299 2
272 273 5
272 300 1
273 274 3
273 301 1
274 275 1
274 302 2
275 276 3
275 303 1
276 277 4
276 304 3
277 278 1
277 305 5
278 279 5
278 306 3
279 280 2
279 307 5
280 308 5
281 282 1
281 309 2
282 283 3
282 310 4
283 284 2
283 311 5
284 285 3
284 312 1
285 286 3
285 313 2
286 287 4
286 314 1
287 288 2
287 315 4
288 289 2
288 316 4
289 290 4
289 317 3
290 291 3
290 318 4
291 292 2
291 319 3
292 293 5
292 320 5
293 294 4
293 321 1
294 295 5
294 322 2
295 296 4
295 323 4
296 297 1
296 324 4
297 298 2
297 325 3
298 299 2
298 326 1
299 300 2
299 327 5
300 301 2
300 328 4
301 302 3
301 329 5
302 303 2
302 330 3
303 304 2
303 331 3
304 305 5
304 332 4
305 306 5
305 333 1
306 307 2
306 334 4
307 308 3
307 335 4
308 336 4
309 310 5
309 337 3
310 311 4
310 338 3
311 312 1
311 339 5
312 313 3
312 340 2
313 314 2
313 341 2
314 315 4
314 342 1
315 316 3
315 343 3
316 317 5
316 344 3
317 318 5
317 345 4
318 319 4
318 346 5
319 320 5
319 347 4
320 321 5
320 348 2
321 322 5
321 349 3
322 323 5
322 350 2
323 324 4
323 351 5
324 325 5
324 352 3
325 326 5
325 353 4
326 327 4
326 354 1
327 328 4
327 355 5
328 329 2
328 356 1
329 330 1
329 357 5
330 331 1
330 358 5
331 332 5
331 359 1
332 333 3
332 360 3
333 334 5
333 361 2
334 335 4
334 362 5
335 336 3
335 363 2
336 364 5
337 338 4
337 365 3
338 339 3
338 366 2
339 340 4
339 367 1
340 341 1
340 368 1
341 342 5
341 369 2
342 343 5
342 370 4
343 344 3
343 371 2
344 345 3
344 372 1
345 346 1
345 373 3
346 347 1
346 374 2
347 348 1
347 375 3
348 349 4
348 376 4
349 350 3
349 377 5
350 351 4
350 378 4
351 352 3
351 379 1
352 353 4
352 380 4
353 354 5
353 381 2
354 355 4
354 382 2
355 356 3
355 383 2
356 357 5
356 384 2
357 358 5
357 385 5
358 359 4
358 386 4
359 360 5
359 387 4
360 361 1
360 388 4
361 362 4
361 389 3
362 363 5
362 390 1
363 364 5
363 391 2
364 392 5
365 366 2
365 393 1
366 367 3
366 394 3
367 368 4
367 395 2
368 369 4
368 396 3
369 370 1
369 397 4
370 371 2
370 398 4
371 372 4
371 399 1
372 373 5
372 400 3
373 374 1
373 401 2
374 375 3
374 402 4
375 376 1
375 403 5
376 377 4
376 404 2
377 378 1
377 405 4
378 379 3
378 406 4
379 380 2
379 407 4
380 381 2
380 408 5
381 382 4
381 409 5
382 383 3
382 410 5
383 384 1
383 411 5
384 385 4
384 412 4
385 386 2
385 413 3
386 387 2
386 414 5
387 388 5
387 415 4
388 389 5
388 416 2
389 390 4
389 417 1
390 391 5
390 418 3
391 392 5
391 419 3
392 420 3
393 394 4
393 421 3
394 395 4
394 422 5
395 396 5
395 423 3
396 397 1
396 424 3
397 398 3
397 425 3
398 399 2
398 426 1
399 400 4
399 427 1
400 401 4
400 428 2
401 402 3
401 429 1
402 403 1
402 430 5
403 404 3
403 431 2
404 405 2
404 432 4
405 406 3
405 433 2
406 407 1
406 434 5
407 408 5
407 435 4
408 409 1
408 436 3
409 410 2
409 437 5
410 411 3
410 438 2
411 412 4
411 439 4
412 413 3
412 440 1
413 414 3
413 441 4
414 415 1
414 442 3
415 416 5
415 443 5
416 417 5
416 444 2
417 418 2
417 445 4
418 419 1
418 446 5
419 420 1
419 447 3
420 448 3
421 422 4
421 449 4
422 423 3
422 450 1
423 424 5
423 451 4
424 425 5
424 452 2
425 426 3
425 453 5
426 427 1
426 454 3
427 428 4
427 455 1
428 429 4
428 456 1
429 430 5
429 457 2
430 431 3
430 458 2
431 432 2
431 459 1
432 433 3
432 460 1
433 434 1
433 461 2
434 435 3
434 462 1
435 436 4
435 463 1
436 437 2
436 464 3
437 438 3
437 465 3
438 439 5
438 466 1
439 440 5
439 467 1
440 441 3
440 468 2
441 442 4
441 469 5
442 443 5
442 470 4
443 444 2
443 471 4
444 445 5
444 472 5
445 446 3
445 473 1
446 447 1
446 474 4
447 448 3
447 475 1
448 476 1
449 450 1
449 477 3
450 451 2
450 478 4
451 452 4
451 479 3
452 453 2
452 480 2
453 454 3
453 481 5
454 455 1
454 482 5
455 456 5
455 483 2
456 457 3
456 484 4
457 458 5
457 485 3
458 459 3
458 486 2
459 460 5
459 487 5
460 461 2
460 488 2
461 462 1
461 489 5
462 463 4
462 490 5
463 464 3
463 491 5
464 465 1
464 492 4
465 466 1
465 493 1
466 467 2
466 494 1
467 468 5
467 495 2
468 469 3
468 496 5
469 470 1
469 497 3
470 471 1
470 498 3
471 472 1
471 499 1
472 473 1
472 500 5
473 474 1
473 501 2
474 475 4
474 502 5
475 476 5
475 503 2
476 504 2
477 478 3
477 505 5
478 479 2
478 506 3
479 480 2
479 507 5
480 481 5
480 508 5
481 482 5
481 509 1
482 483 4
482 510 2
483 484 3
483 511 2
484 485 4
484 512 4
485 486 5
485 513 3
486 487 5
486 514 4
487 488 1
487 515 2
488 489 3
488 516 5
489 490 3
489 517 2
490 491 1
490 518 2
491 492 2
491 519 1
492 493 5
492 520 4
493 494 5
493 521 3
494 495 1
494 522 2
495 496 4
495 523 3
496 497 1
496 524 3
497 498 5
497 525 5
498 499 2
498 526 3
499 500 3
499 527 1
500 501 5
500 528 4
501 502 3
501 529 1
502 503 1
502 530 1
503 504 4
503 531 3
504 532 1
505 506 2
505 533 4
506 507 2
506 534 5
507 508 1
507 535 5
508 509 5
508 536 3
509 510 4
509 537 5
510 511 3
510 538 4
511 512 2
511 539 1
512 513 2
512 540 1
513 514 4
513 541 2
514 515 5
514 542 5
515 516 5
515 543 3
516 517 4
516 544 3
517 518 4
517 545 1
518 519 2
518 546 1
519 520 3
519 547 4
520 521 2
520 548 2
521 522 4
521 549 5
522 523 5
522 550 1
523 524 4
523 551 1
524 525 5
524 552 2
525 526 1
525 553 3
526 527 1
526 554 3
527 528 1
527 555 2
528 529 1
528 556 1
529 530 3
529 557 1
530 531 1
530 558 1
531 532 3
531 559 4
532 560 2
533 534 2
533 561 5
534 535 1
534 562 1
535 536 4
535 563 1
536 537 5
536 564 5
537 538 3
537 565 3
538 539 4
538 566 4
539 540 2
539 567 5
540 541 3
540 568 3
541 542 4
541 569 5
542 543 4
542 570 2
543 544 2
543 571 1
544 545 2
544 572 2
545 546 3
545 573 3
546 547 3
546 574 4
547 548 5
547 575 3
548 549 3
548 576 5
549 550 2
549 577 3
550 551 4
550 578 2
551 552 1
551 579 1
552 553 2
552 580 5
553 554 4
553 581 3
554 555 5
554 582 1
555 556 2
555 583 5
556 557 1
556 584 1
557 558 4
557 585 1
558 559 5
558 586 5
559 560 4
559 587 4
560 588 1
561 562 3
561 589 4
562 563 5
562 590 5
563 564 5
563 591 3
564 565 2
564 592 1
565 566 2
565 593 1
566 567 4
566 594 5
567 568 3
567 595 2
568 569 5
568 596 4
569 570 2
569 597 2
570 571 3
570 598 2
571 572 5
571 599 5
572 573 4
572 600 1
573 574 2
573 601 5
574 575 5
574 602 3
575 576 3
575 603 2
576 577 4
576 604 1
577 578 2
577 605 3
578 579 5
578 606 5
579 580 1
579 607 3
580 581 1
580 608 2
581 582 4
581 609 5
582 583 2
582 610 1
583 584 1
583 611 2
584 585 2
584 612 1
585 586 5
585 613 4
586 587 1
586 614 5
587 588 4
587 615 1
588 616 4
589 590 5
589 617 3
590 591 2
590 618 3
591 592 1
591 619 4
592 593 5
592 620 1
593 594 3
593 621 3
594 595 4
594 622 5
595 596 5
595 623 2
596 597 1
596 624 4
597 598 1
597 625 1
598 599 3
598 626 4
599 600 4
599 627 1
600 601 5
600 628 2
601 602 5
601 629 1
602 603 5
602 630 5
603 604 1
603 631 5
604 605 1
604 632 5
605 606 3
605 633 2
606 607 5
606 634 3
607 608 5
607 635 3
608 609 5
608 636 3
609 610 4
609 637 4
610 611 4
610 638 5
611 612 3
611 639 2
612 613 2
612 640 3
613 614 1
613 641 1
614 615 4
614 642 5
615 616 2
615 643 1
616 644 3
617 618 4
617 645 4
618 619 4
618 646 1
619 620 5
619 647 5
620 621 5
620 648 2
621 622 5
621 649 2
622 623 5
622 650 2
623 624 4
623 651 1
624 625 2
624 652 4
625 626 4
625 653 5
626 627 3
626 654 3
627 628 2
627 655 4
628 629 4
628 656 2
629 630 4
629 657 5
630 631 1
630 658 3
631 632 3
631 659 2
632 633 5
632 660 4
633 634 4
633 661 4
634 635 5
634 662 4
635 636 4
635 663 5
636 637 4
636 664 5
637 638 2
637 665 2
638 639 2
638 666 1
639 640 4
639 667 5
640 641 3
640 668 2
641 642 2
641 669 2
642 643 2
642 670 5
643 644 4
643 671 3
644 672 1
645 646 2
645 673 4
646 647 2
646 674 1
647 648 3
647 675 5
648 649 5
648 676 3
649 650 2
649 677 1
650 651 5
650 678 4
651 652 3
651 679 4
652 653 2
652 680 4
653 654 2
653 681 1
654 655 3
654 682 3
655 656 2
655 683 1
656 657 2
656 684 2
657 658 3
657 685 3
658 659 3
658 686 2
659 660 3
659 687 5
660 661 4
660 688 3
661 662 4
661 689 4
662 663 2
662 690 1
663 664 1
663 691 2
664 665 2
664 692 2
665 666 2
665 693 5
666 667 4
666 694 4
667 668 5
667 695 1
668 669 4
668 696 1
669 670 3
669 697 4
670 671 4
670 698 2
671 672 2
671 699 1
672 700 2
673 674 4
673 701 2
674 675 4
674 702 5
675 676 2
675 703 3
676 677 3
676 704 4
677 678 2
677 705 3
678 679 2
678 706 4
679 680 2
679 707 3
680 681 1
680 708 4
681 682 4
681 709 4
682 683 5
682 710 4
683 684 3
683 711 1
684 685 2
684 712 4
685 686 2
685 713 1
686 687 1
686 714 5
687 688 2
687 715 3
688 689 1
688 716 2
689 690 1
689 717 2
690 691 5
690 718 5
691 692 2
691 719 3
692 693 4
692 720 2
693 694 3
693 721 4
694 695 2
694 722 3
695 696 2
695 723 1
696 697 1
696 724 4
697 698 2
697 725 3
698 699 4
698 726 5
699 700 2
699 727 5
700 728 4
701 702 4
701 729 4
702 703 4
702 730 4
703 704 1
703 731 2
704 705 5
704 732 5
705 706 1
705 733 4
706 707 4
706 734 4
707 708 3
707 735 2
708 709 2
708 736 3
709 710 4
709 737 1
710 711 2
710 738 1
711 712 1
711 739 3
712 713 3
712 740 5
713 714 4
713 741 1
714 715 4
714 742 3
715 716 3
715 743 3
716 717 5
716 744 5
717 718 3
717 745 5
718 719 5
718 746 5
719 720 3
719 747 2
720 721 3
720 748 1
721 722 1
721 749 1
722 723 1
722 750 2
723 724 2
723 751 2
724 725 3
724 752 3
725 726 3
725 753 1
726 727 4
726 754 4
727 728 1
727 755 4
728 756 3
729 730 4
729 757 1
730 731 4
730 758 5
731 732 5
731 759 5
732 733 3
732 760 3
733 734 3
733 761 4
734 735 5
734 762 1
735 736 2
735 763 4
736 737 2
736 764 5
737 738 3
737 765 4
738 739 3
738 766 2
739 740 5
739 767 4
740 741 2
740 768 5
741 742 5
741 769 1
742 743 3
742 770 5
743 744 2
743 771 3
744 745 4
744 772 1
745 746 3
745 773 5
746 747 2
746 774 3
747 748 2
747 775 1
748 749 4
748 776 3
749 750 3
749 777 2
750 751 1
750 778 5
751 752 5
751 779 5
752 753 1
752 780 3
753 754 4
753 781 3
754 755 5
754 782 5
755 756 2
755 783 2
756 784 4
757 758 5
758 759 2
759 760 5
760 761 2
761 762 1
762 763 2
763 764 3
764 765 4
765 766 2
766 767 5
767 768 2
768 769 4
769 770 4
770 771 3
771 772 3
772 773 3
773 774 4
774 775 2
775 776 2
776 777 2
777 778 4
778 779 2
779 780 5
780 781 5
781 782 5
782 783 5
783 784 2
1 757 4
2 758 4
3 759 1
4 760 2
5 761 1
6 762 1
7 763 1
8 764 5
9 765 3
10 766 2
11 767 4
12 768 3
13 769 2
14 770 4
15 771 5
16 772 4
17 773 1
18 774 4
19 775 5
20 776 5
21 777 4
22 778 5
23 779 3
24 780 3
25 781 4
26 782 3
27 783 1
28 784 2
1 28 5
29 56 3
57 84 4
85 112 4
113 140 3
141 168 5
169 196 4
197 224 1
225 252 5
253 280 1
281 308 4
309 336 4
337 364 4
365 392 3
393 420 4
421 448 3
449 476 3
477 504 5
505 532 3
533 560 1
561 588 3
589 616 4
617 644 2
645 672 3
673 700 4
701 728 1
729 756 4
757 784 3
