784 1568
1 2 4
1 29 2
2 3 1
2 30 2
3 4 1
3 31 5
4 5 2
4 32 5
5 6 4
5 33 1
6 7 4
6 34 2
7 8 3
7 35 4
8 9 2
8 36 5
9 10 2
9 37 4
10 11 5
10 38 2
11 12 5
11 39 4
12 13 3
12 40 2
13 14 2
13 41 5
14 15 5
14 42 4
15 16 5
15 43 3
16 17 4
16 44 4
17 18 5
17 45 1
18 19 5
18 46 2
19 20 4
19 47 2
20 21 4
20 48 2
21 22 2
21 49 1
22 23 1
22 50 3
23 24 5
23 51 3
24 25 2
24 52 1
25 26 5
25 53 1
26 27 4
26 54 2
27 28 2
27 55 5
28 56 4
29 30 5
29 57 1
30 31 4
30 58 4
31 32 5
31 59 4
32 33 2
32 60 4
33 34 3
33 61 4
34 35 1
34 62 1
35 36 5
35 63 4
36 37 3
36 64 1
37 38 5
37 65 3
38 39 2
38 66 2
39 40 2
39 67 3
40 41 2
40 68 5
41 42 4
41 69 3
42 43 3
42 70 3
43 44 5
43 71 2
44 45 4
44 72 4
45 46 2
45 73 1
46 47 2
46 74 3
47 48 5
47 75 4
48 49 2
48 76 3
49 50 5
49 77 3
50 51 3
50 78 1
51 52 4
51 79 2
52 53 2
52 80 4
53 54 1
53 81 1
54 55 3
54 82 1
55 56 4
55 83 5
56 84 3
57 58 1
57 85 2
58 59 1
58 86 4
59 60 1
59 87 5
60 61 5
60 88 5
61 62 1
61 89 1
62 63 5
62 90 5
63 64 4
63 91 5
64 65 4
64 92 3
65 66 5
65 93 3
66 67 1
66 94 3
67 68 1
67 95 3
68 69 5
68 96 3
69 70 5
69 97 2
70 71 2
70 98 3
71 72 5
71 99 5
72 73 2
72 100 3
73 74 3
73 101 4
74 75 1
74 102 5
75 76 3
75 103 1
76 77 3
76 104 5
77 78 1
77 105 1
78 79 4
78 106 3
79 80 2
79 107 3
80 81 1
80 108 3
81 82 5
81 109 3
82 83 5
82 110 3
83 84 4
83 111 5
84 112 1
85 86 1
85 113 1
86 87 5
86 114 2
87 88 5
87 115 5
88 89 3
88 116 2
89 90 5
89 117 3
90 91 1
90 118 3
91 92 4
91 119 5
92 93 2
92 120 1
93 94 1
93 121 5
94 95 1
94 122 3
95 96 2
95 123 1
96 97 5
96 124 2
97 98 1
97 125 2
98 99 4
98 126 3
99 100 4
99 127 1
100 101 5
100 128 4
101 102 3
101 129 5
102 103 1
102 130 4
103 104 5
103 131 3
104 105 3
104 132 5
105 106 1
105 133 3
106 107 3
106 134 3
107 108 5
107 135 1
108 109 1
108 136 2
109 110 4
109 137 5
110 111 3
110 138 4
111 112 1
111 139 2
112 140 1
113 114 5
113 141 5
114 115 5
114 142 5
115 116 4
115 143 5
116 117 5
116 144 2
117 118 1
117 145 5
118 119 4
118 146 5
119 120 2
119 147 5
120 121 5
120 148 2
121 122 1
121 149 3
122 123 3
122 150 3
123 124 3
123 151 5
124 125 2
124 152 2
125 126 1
125 153 4
126 127 4
126 154 2
127 128 2
127 155 2
128 129 4
128 156 5
129 130 1
129 157 5
130 131 1
130 158 2
131 132 3
131 159 3
132 133 5
132 160 3
133 134 2
133 161 4
134 135 4
134 162 1
135 136 3
135 163 3
136 137 5
136 164 1
137 138 4
137 165 5
138 139 3
138 166 1
139 140 4
139 167 3
140 168 1
141 142 4
141 169 1
142 143 5
142 170 5
143 144 5
143 171 1
144 145 5
144 172 4
145 146 3
145 173 5
146 147 3
146 174 4
147 148 4
147 175 2
148 149 4
148 176 3
149 150 3
149 177 3
150 151 2
150 178 1
151 152 4
151 179 3
152 153 4
152 180 3
153 154 1
153 181 3
154 155 3
154 182 2
155 156 3
155 183 3
156 157 5
156 184 5
157 158 5
157 185 2
158 159 3
158 186 2
159 160 5
159 187 3
160 161 4
160 188 1
161 162 4
161 189 2
162 163 5
162 190 3
163 164 1
163 191 2
164 165 3
164 192 2
165 166 3
165 193 3
166 167 5
166 194 5
167 168 5
167 195 5
168 196 4
169 170 5
169 197 4
170 171 4
170 198 5
171 172 1
171 199 2
172 173 1
172 200 3
173 174 1
173 201 4
174 175 5
174 202 3
175 176 1
175 203 5
176 177 2
176 204 1
177 178 2
177 205 4
178 179 2
178 206 4
179 180 5
179 207 3
180 181 4
180 208 4
181 182 1
181 209 4
182 183 4
182 210 3
183 184 4
183 211 5
184 185 5
184 212 3
185 186 1
185 213 3
186 187 3
186 214 4
187 188 1
187 215 2
188 189 2
188 216 2
189 190 1
189 217 2
190 191 5
190 218 3
191 192 2
191 219 5
192 193 5
192 220 5
193 194 2
193 221 5
194 195 4
194 222 1
195 196 1
195 223 2
196 224 5
197 198 5
197 225 2
198 199 1
198 226 2
199 200 1
199 227 4
200 201 2
200 228 4
201 202 3
201 229 1
202 203 5
202 230 1
203 204 4
203 231 4
204 205 2
204 232 4
205 206 1
205 233 4
206 207 3
206 234 5
207 208 4
207 235 2
208 209 3
208 236 3
209 210 3
209 237 1
210 211 1
210 238 5
211 212 4
211 239 1
212 213 5
212 240 2
213 214 5
213 241 2
214 215 4
214 242 2
215 216 1
215 243 1
216 217 4
216 244 3
217 218 1
217 245 2
218 219 4
218 246 3
219 220 4
219 247 1
220 221 5
220 248 3
221 222 1
221 249 1
222 223 3
222 250 5
223 224 1
223 251 2
224 252 4
225 226 3
225 253 2
226 227 3
226 254 3
227 228 5
227 255 1
228 229 3
228 256 3
229 230 5
229 257 4
230 231 3
230 258 4
231 232 3
231 259 1
232 233 4
232 260 3
233 234 1
233 261 4
234 235 5
234 262 3
235 236 4
235 263 3
236 237 3
236 264 1
237 238 5
237 265 4
238 239 2
238 266 3
239 240 4
239 267 2
240 241 1
240 268 1
241 242 5
241 269 3
242 243 5
242 270 4
243 244 5
243 271 5
244 245 1
244 272 2
245 246 3
245 273 4
246 247 1
246 274 3
247 248 2
247 275 4
248 249 3
248 276 5
249 250 2
249 277 1
250 251 5
250 278 2
251 252 4
251 279 4
252 280 2
253 254 3
253 281 2
254 255 1
254 282 4
255 256 3
255 283 1
256 257 3
256 284 3
257 258 3
257 285 4
258 259 3
258 286 1
259 260 3
259 287 1
260 261 1
260 288 4
261 262 2
261 289 5
262 263 4
262 290 3
263 264 5
263 291 3
264 265 5
264 292 2
265 266 4
265 293 1
266 267 3
266 294 3
267 268 2
267 295 3
268 269 2
268 296 2
269 270 1
269 297 2
270 271 5
270 298 4
271 272 1
271 299 5
272 273 5
272 300 5
273 274 5
273 301 1
274 275 5
274 302 4
275 276 2
275 303 2
276 277 2
276 304 4
277 278 2
277 305 4
278 279 5
278 306 5
279 280 3
279 307 5
280 308 4
281 282 4
281 309 2
282 283 2
282 310 3
283 284 2
283 311 4
284 285 1
284 312 1
285 286 1
285 313 4
286 287 4
286 314 5
287 288 5
287 315 5
288 289 5
288 316 2
289 290 5
289 317 4
290 291 2
290 318 2
291 292 3
291 319 2
292 293 3
292 320 1
293 294 5
293 321 2
294 295 3
294 322 1
295 296 3
295 323 4
296 297 3
296 324 2
297 298 4
297 325 4
298 299 5
298 326 2
299 300 3
299 327 1
300 301 5
300 328 5
301 302 5
301 329 4
302 303 1
302 330 1
303 304 1
303 331 1
304 305 5
304 332 2
305 306 5
305 333 1
306 307 5
306 334 2
307 308 3
307 335 4
308 336 2
309 310 5
309 337 5
310 311 2
310 338 4
311 312 3
311 339 2
312 313 1
312 340 4
313 314 4
313 341 5
314 315 5
314 342 1
315 316 2
315 343 4
316 317 1
316 344 2
317 318 4
317 345 3
318 319 4
318 346 1
319 320 5
319 347 5
320 321 4
320 348 2
321 322 1
321 349 5
322 323 5
322 350 4
323 324 3
323 351 1
324 325 5
324 352 4
325 326 5
325 353 3
326 327 1
326 354 4
327 328 1
327 355 2
328 329 1
328 356 4
329 330 5
329 357 2
330 331 2
330 358 1
331 332 4
331 359 3
332 333 4
332 360 2
333 334 1
333 361 4
334 335 2
334 362 4
335 336 4
335 363 2
336 364 5
337 338 1
337 365 1
338 339 2
338 366 1
339 340 5
339 367 1
340 341 5
340 368 1
341 342 4
341 369 3
342 343 4
342 370 3
343 344 5
343 371 4
344 345 5
344 372 4
345 346 1
345 373 2
346 347 2
346 374 5
347 348 3
347 375 4
348 349 2
348 376 3
349 350 5
349 377 3
350 351 2
350 378 4
351 352 1
351 379 5
352 353 1
352 380 2
353 354 1
353 381 4
354 355 4
354 382 5
355 356 4
355 383 2
356 357 2
356 384 5
357 358 5
357 385 1
358 359 2
358 386 4
359 360 3
359 387 5
360 361 1
360 388 3
361 362 2
361 389 2
362 363 3
362 390 4
363 364 5
363 391 2
364 392 4
365 366 3
365 393 5
366 367 1
366 394 4
367 368 2
367 395 1
368 369 2
368 396 3
369 370 2
369 397 4
370 371 1
370 398 1
371 372 5
371 399 4
372 373 2
372 400 5
373 374 5
373 401 1
374 375 2
374 402 4
375 376 4
375 403 5
376 377 3
376 404 3
377 378 1
377 405 3
378 379 4
378 406 3
379 380 2
379 407 5
380 381 2
380 408 4
381 382 1
381 409 3
382 383 3
382 410 1
383 384 4
383 411 1
384 385 2
384 412 3
385 386 3
385 413 1
386 387 2
386 414 5
387 388 4
387 415 1
388 389 2
388 416 2
389 390 1
389 417 4
390 391 3
390 418 4
391 392 2
391 419 4
392 420 1
393 394 2
393 421 2
394 395 5
394 422 5
395 396 3
395 423 2
396 397 1
396 424 2
397 398 3
397 425 2
398 399 3
398 426 4
399 400 3
399 427 3
400 401 1
400 428 3
401 402 1
401 429 2
402 403 2
402 430 5
403 404 1
403 431 5
404 405 4
404 432 1
405 406 1
405 433 3
406 407 2
406 434 3
407 408 1
407 435 4
408 409 4
408 436 1
409 410 5
409 437 4
410 411 5
410 438 5
411 412 1
411 439 4
412 413 4
412 440 4
413 414 3
413 441 2
414 415 3
414 442 2
415 416 3
415 443 2
416 417 1
416 444 3
417 418 5
417 445 1
418 419 4
418 446 5
419 420 4
419 447 3
420 448 1
421 422 2
421 449 4
422 423 3
422 450 1
423 424 1
423 451 2
424 425 1
424 452 5
425 426 3
425 453 1
426 427 5
426 454 4
427 428 4
427 455 3
428 429 1
428 456 4
429 430 4
429 457 3
430 431 2
430 458 3
431 432 3
431 459 5
432 433 1
432 460 3
433 434 5
433 461 1
434 435 3
434 462 3
435 436 3
435 463 2
436 437 4
436 464 3
437 438 2
437 465 3
438 439 1
438 466 3
439 440 2
439 467 2
440 441 1
440 468 4
441 442 3
441 469 1
442 443 1
442 470 1
443 444 3
443 471 4
444 445 4
444 472 1
445 446 4
445 473 3
446 447 5
446 474 3
447 448 1
447 475 3
448 476 4
449 450 1
449 477 5
450 451 4
450 478 2
451 452 5
451 479 4
452 453 2
452 480 3
453 454 1
453 481 5
454 455 3
454 482 3
455 456 1
455 483 3
456 457 3
456 484 4
457 458 4
457 485 3
458 459 5
458 486 4
459 460 3
459 487 1
460 461 1
460 488 2
461 462 2
461 489 1
462 463 3
462 490 5
463 464 2
463 491 4
464 465 2
464 492 3
465 466 4
465 493 2
466 467 1
466 494 2
467 468 1
467 495 5
468 469 4
468 496 1
469 470 5
469 497 3
470 471 2
470 498 1
471 472 1
471 499 2
472 473 1
472 500 2
473 474 2
473 501 4
474 475 3
474 502 3
475 476 3
475 503 4
476 504 1
477 478 2
477 505 1
478 479 2
478 506 2
479 480 1
479 507 4
480 481 3
480 508 4
481 482 4
481 509 5
482 483 3
482 510 4
483 484 4
483 511 5
484 485 3
484 512 4
485 486 3
485 513 4
486 487 1
486 514 5
487 488 1
487 515 2
488 489 4
488 516 1
489 490 2
489 517 3
490 491 3
490 518 4
491 492 1
491 519 5
492 493 2
492 520 3
493 494 2
493 521 1
494 495 3
494 522 4
495 496 3
495 523 2
496 497 5
496 524 2
497 498 1
497 525 5
498 499 2
498 526 2
499 500 2
499 527 4
500 501 3
500 528 4
501 502 1
501 529 1
502 503 3
502 530 5
503 504 1
503 531 5
504 532 4
505 506 5
505 533 5
506 507 3
506 534 5
507 508 4
507 535 3
508 509 5
508 536 1
509 510 4
509 537 1
510 511 5
510 538 3
511 512 3
511 539 1
512 513 2
512 540 4
513 514 5
513 541 1
514 515 4
514 542 2
515 516 1
515 543 1
516 517 3
516 544 3
517 518 5
517 545 4
518 519 5
518 546 1
519 520 2
519 547 1
520 521 5
520 548 5
521 522 4
521 549 2
522 523 3
522 550 3
523 524 3
523 551 3
524 525 3
524 552 3
525 526 5
525 553 3
526 527 4
526 554 3
527 528 5
527 555 4
528 529 5
528 556 3
529 530 4
529 557 5
530 531 4
530 558 3
531 532 3
531 559 5
532 560 4
533 534 5
533 561 4
534 535 3
534 562 3
535 536 1
535 563 1
536 537 1
536 564 2
537 538 2
537 565 1
538 539 3
538 566 2
539 540 5
539 567 3
540 541 2
540 568 5
541 542 2
541 569 4
542 543 2
542 570 1
543 544 4
543 571 5
544 545 2
544 572 4
545 546 2
545 573 4
546 547 1
546 574 4
547 548 5
547 575 3
548 549 4
548 576 4
549 550 1
549 577 3
550 551 1
550 578 1
551 552 4
551 579 2
552 553 4
552 580 2
553 554 2
553 581 3
554 555 3
554 582 4
555 556 2
555 583 5
556 557 1
556 584 2
557 558 3
557 585 4
558 559 3
558 586 5
559 560 1
559 587 3
560 588 5
561 562 3
561 589 5
562 563 2
562 590 5
563 564 1
563 591 1
564 565 3
564 592 5
565 566 4
565 593 2
566 567 5
566 594 2
567 568 2
567 595 3
568 569 4
568 596 3
569 570 4
569 597 2
570 571 2
570 598 3
571 572 2
571 599 3
572 573 3
572 600 2
573 574 2
573 601 2
574 575 5
574 602 5
575 576 1
575 603 3
576 577 4
576 604 1
577 578 5
577 605 1
578 579 4
578 606 4
579 580 5
579 607 1
580 581 1
580 608 4
581 582 2
581 609 4
582 583 1
582 610 4
583 584 1
583 611 1
584 585 1
584 612 3
585 586 1
585 613 4
586 587 1
586 614 1
587 588 1
587 615 1
588 616 4
589 590 5
589 617 3
590 591 5
590 618 5
591 592 2
591 619 2
592 593 3
592 620 4
593 594 4
593 621 4
594 595 5
594 622 2
595 596 3
595 623 4
596 597 1
596 624 3
597 598 5
597 625 2
598 599 1
598 626 2
599 600 2
599 627 5
600 601 5
600 628 4
601 602 5
601 629 3
602 603 4
602 630 4
603 604 5
603 631 1
604 605 2
604 632 2
605 606 2
605 633 4
606 607 3
606 634 5
607 608 3
607 635 3
608 609 2
608 636 5
609 610 1
609 637 5
610 611 4
610 638 4
611 612 1
611 639 3
612 613 1
612 640 4
613 614 2
613 641 2
614 615 5
614 642 5
615 616 1
615 643 2
616 644 3
617 618 3
617 645 3
618 619 2
618 646 2
619 620 4
619 647 3
620 621 4
620 648 2
621 622 4
621 649 3
622 623 4
622 650 2
623 624 4
623 651 1
624 625 3
624 652 4
625 626 5
625 653 3
626 627 3
626 654 1
627 628 5
627 655 1
628 629 3
628 656 5
629 630 4
629 657 4
630 631 3
630 658 2
631 632 5
631 659 3
632 633 3
632 660 5
633 634 2
633 661 2
634 635 5
634 662 3
635 636 3
635 663 2
636 637 4
636 664 3
637 638 4
637 665 2
638 639 1
638 666 1
639 640 1
639 667 2
640 641 2
640 668 1
641 642 4
641 669 2
642 643 4
642 670 4
643 644 4
643 671 1
644 672 1
645 646 1
645 673 4
646 647 1
646 674 2
647 648 5
647 675 2
648 649 4
648 676 3
649 650 5
649 677 2
650 651 4
650 678 1
651 652 5
651 679 1
652 653 2
652 680 5
653 654 1
653 681 3
654 655 5
654 682 1
655 656 3
655 683 2
656 657 1
656 684 1
657 658 2
657 685 2
658 659 5
658 686 4
659 660 5
659 687 5
660 661 4
660 688 5
661 662 3
661 689 3
662 663 5
662 690 1
663 664 3
663 691 2
664 665 3
664 692 4
665 666 5
665 693 5
666 667 3
666 694 1
667 668 2
667 695 1
668 669 5
668 696 4
669 670 1
669 697 5
670 671 2
670 698 2
671 672 5
671 699 2
672 700 4
673 674 4
673 701 2
674 675 1
674 702 1
675 676 4
675 703 1
676 677 2
676 704 2
677 678 5
677 705 1
678 679 4
678 706 4
679 680 1
679 707 5
680 681 2
680 708 1
681 682 4
681 709 5
682 683 4
682 710 1
683 684 3
683 711 2
684 685 4
684 712 1
685 686 3
685 713 4
686 687 5
686 714 4
687 688 2
687 715 3
688 689 2
688 716 1
689 690 3
689 717 3
690 691 1
690 718 4
691 692 2
691 719 1
692 693 1
692 720 1
693 694 4
693 721 2
694 695 5
694 722 5
695 696 4
695 723 3
696 697 5
696 724 1
697 698 4
697 725 2
698 699 3
698 726 1
699 700 4
699 727 1
700 728 4
701 702 5
701 729 4
702 703 2
702 730 4
703 704 3
703 731 1
704 705 5
704 732 1
705 706 2
705 733 2
706 707 1
706 734 4
707 708 3
707 735 5
708 709 3
708 736 4
709 710 1
709 737 4
710 711 3
710 738 4
711 712 2
711 739 2
712 713 4
712 740 1
713 714 3
713 741 4
714 715 3
714 742 4
715 716 5
715 743 2
716 717 4
716 744 2
717 718 5
717 745 5
718 719 2
718 746 2
719 720 2
719 747 4
720 721 3
720 748 1
721 722 2
721 749 4
722 723 5
722 750 5
723 724 5
723 751 2
724 725 5
724 752 4
725 726 3
725 753 3
726 727 2
726 754 1
727 728 1
727 755 3
728 756 3
729 730 4
729 757 2
730 731 1
730 758 4
731 732 1
731 759 3
732 733 5
732 760 4
733 734 5
733 761 5
734 735 5
734 762 2
735 736 5
735 763 1
736 737 1
736 764 5
737 738 3
737 765 4
738 739 2
738 766 3
739 740 4
739 767 1
740 741 3
740 768 2
741 742 4
741 769 5
742 743 1
742 770 4
743 744 3
743 771 4
744 745 1
744 772 2
745 746 1
745 773 2
746 747 4
746 774 1
747 748 1
747 775 4
748 749 3
748 776 3
749 750 1
749 777 4
750 751 1
750 778 5
751 752 3
751 779 3
752 753 3
752 780 4
753 754 1
753 781 5
754 755 5
754 782 1
755 756 2
755 783 2
756 784 2
757 758 2
758 759 2
759 760 3
760 761 3
761 762 1
762 763 4
763 764 2
764 765 2
765 766 3
766 767 5
767 768 1
768 769 1
769 770 3
770 771 3
771 772 2
772 773 5
773 774 1
774 775 2
775 776 4
776 777 4
777 778 1
778 779 2
779 780 4
780 781 5
781 782 1
782 783 4
783 784 1
1 757 3
2 758 2
3 759 4
4 760 5
5 761 4
6 762 2
7 763 5
8 764 2
9 765 3
10 766 1
11 767 4
12 768 4
13 769 1
14 770 3
15 771 4
16 772 4
17 773 5
18 774 4
19 775 4
20 776 5
21 777 1
22 778 4
23 779 4
24 780 1
25 781 5
26 782 5
27 783 1
28 784 3
1 28 2
29 56 3
57 84 2
85 112 5
113 140 4
141 168 2
169 196 5
197 224 2
225 252 5
253 280 1
281 308 3
309 336 3
337 364 5
365 392 4
393 420 1
421 448 4
449 476 5
477 504 4
505 532 5
533 560 4
561 588 4
589 616 1
617 644 1
645 672 4
673 700 3
701 728 3
729 756 1
757 784 3
