1600 3200
1 2 5
1 41 5
2 3 5
2 42 4
3 4 2
3 43 2
4 5 1
4 44 1
5 6 5
5 45 4
6 7 5
6 46 1
7 8 1
7 47 2
8 9 2
8 48 4
9 10 5
9 49 4
10 11 1
10 50 3
11 12 2
11 51 2
12 13 5
12 52 3
13 14 2
13 53 3
14 15 2
14 54 1
15 16 3
15 55 3
16 17 1
16 56 2
17 18 3
17 57 1
18 19 5
18 58 3
19 20 3
19 59 5
20 21 4
20 60 2
21 22 4
21 61 1
22 23 5
22 62 3
23 24 4
23 63 2
24 25 1
24 64 2
25 26 5
25 65 2
26 27 4
26 66 1
27 28 3
27 67 1
28 29 2
28 68 1
29 30 4
29 69 1
30 31 3
30 70 4
31 32 5
31 71 3
32 33 5
32 72 3
33 34 3
33 73 3
34 35 5
34 74 4
35 36 1
35 75 5
36 37 5
36 76 3
37 38 2
37 77 3
38 39 3
38 78 3
39 40 3
39 79 5
40 80 2
41 42 5
41 81 4
42 43 5
42 82 2
43 44 5
43 83 2
44 45 5
44 84 5
45 46 3
45 85 4
46 47 2
46 86 2
47 48 3
47 87 4
48 49 2
48 88 3
49 50 3
49 89 2
50 51 1
50 90 1
51 52 5
51 91 4
52 53 2
52 92 2
53 54 1
53 93 1
54 55 2
54 94 4
55 56 3
55 95 4
56 57 2
56 96 2
57 58 2
57 97 2
58 59 4
58 98 3
59 60 2
59 99 1
60 61 5
60 100 5
61 62 3
61 101 4
62 63 1
62 102 5
63 64 2
63 103 1
64 65 2
64 104 3
65 66 5
65 105 2
66 67 4
66 106 1
67 68 5
67 107 2
68 69 1
68 108 2
69 70 4
69 109 1
70 71 3
70 110 1
71 72 5
71 111 2
72 73 4
72 112 1
73 74 2
73 113 5
74 75 1
74 114 5
75 76 2
75 115 2
76 77 1
76 116 3
77 78 4
77 117 5
78 79 3
78 118 4
79 80 5
79 119 5
80 120 1
81 82 1
81 121 4
82 83 3
82 122 3
83 84 3
83 123 1
84 85 5
84 124 5
85 86 2
85 125 1
86 87 2
86 126 3
87 88 2
87 127 3
88 89 2
88 128 1
89 90 2
89 129 3
90 91 2
90 130 2
91 92 5
91 131 3
92 93 5
92 132 1
93 94 3
93 133 3
94 95 2
94 134 4
95 96 3
95 135 3
96 97 1
96 136 5
97 98 2
97 137 5
98 99 5
98 138 2
99 100 1
99 139 1
100 101 3
100 140 4
101 102 5
101 141 2
102 103 5
102 142 2
103 104 2
103 143 5
104 105 5
104 144 5
105 106 1
105 145 1
106 107 3
106 146 2
107 108 5
107 147 2
108 109 3
108 148 5
109 110 4
109 149 3
110 111 3
110 150 1
111 112 4
111 151 4
112 113 1
112 152 1
113 114 5
113 153 2
114 115 2
114 154 5
115 116 1
115 155 4
116 117 3
116 156 3
117 118 3
117 157 5
118 119 5
118 158 5
119 120 4
119 159 1
120 160 4
121 122 5
121 161 3
122 123 5
122 162 1
123 124 5
123 163 5
124 125 1
124 164 5
125 126 2
125 165 4
126 127 1
126 166 2
127 128 4
127 167 3
128 129 2
128 168 2
129 130 2
129 169 4
130 131 5
130 170 1
131 132 4
131 171 4
132 133 4
132 172 5
133 134 5
133 173 4
134 135 4
134 174 3
135 136 4
135 175 1
136 137 2
136 176 4
137 138 2
137 177 4
138 139 5
138 178 4
139 140 3
139 179 1
140 141 5
140 180 4
141 142 4
141 181 2
142 143 2
142 182 2
143 144 1
143 183 4
144 145 2
144 184 4
145 146 1
145 185 5
146 147 2
146 186 1
147 148 2
147 187 5
148 149 4
148 188 1
149 150 1
149 189 5
150 151 1
150 190 5
151 152 2
151 191 4
152 153 3
152 192 4
153 154 5
153 193 2
154 155 1
154 194 4
155 156 2
155 195 4
156 157 1
156 196 4
157 158 2
157 197 5
158 159 2
158 198 5
159 160 4
159 199 3
160 200 1
161 162 4
161 201 2
162 163 2
162 202 3
163 164 3
163 203 1
164 165 4
164 204 1
165 166 1
165 205 2
166 167 2
166 206 4
167 168 2
167 207 5
168 169 5
168 208 5
169 170 2
169 209 4
170 171 2
170 210 3
171 172 2
171 211 1
172 173 3
172 212 3
173 174 4
173 213 4
174 175 3
174 214 5
175 176 2
175 215 2
176 177 2
176 216 3
177 178 2
177 217 4
178 179 2
178 218 3
179 180 3
179 219 1
180 181 4
180 220 5
181 182 3
181 221 4
182 183 3
182 222 2
183 184 4
183 223 4
184 185 2
184 224 2
185 186 5
185 225 1
186 187 5
186 226 4
187 188 5
187 227 1
188 189 2
188 228 3
189 190 2
189 229 3
190 191 5
190 230 3
191 192 4
191 231 4
192 193 5
192 232 5
193 194 2
193 233 5
194 195 5
194 234 2
195 196 1
195 235 4
196 197 1
196 236 3
197 198 1
197 237 3
198 199 2
198 238 1
199 200 3
199 239 2
200 240 4
201 202 4
201 241 4
202 203 1
202 242 4
203 204 1
203 243 5
204 205 2
204 244 2
205 206 1
205 245 4
206 207 1
206 246 4
207 208 4
207 247 3
208 209 3
208 248 2
209 210 3
209 249 3
210 211 3
210 250 5
211 212 1
211 251 1
212 213 2
212 252 3
213 214 2
213 253 2
214 215 3
214 254 5
215 216 1
215 255 1
216 217 3
216 256 5
217 218 3
217 257 2
218 219 2
218 258 3
219 220 3
219 259 3
220 221 1
220 260 3
221 222 4
221 261 1
222 223 1
222 262 5
223 224 4
223 263 1
224 225 1
224 264 4
225 226 2
225 265 1
226 227 2
226 266 2
227 228 5
227 267 5
228 229 2
228 268 4
229 230 1
229 269 5
230 231 2
230 270 2
231 232 1
231 271 2
232 233 5
232 272 3
233 234 3
233 273 4
234 235 3
234 274 2
235 236 4
235 275 5
236 237 5
236 276 2
237 238 1
237 277 5
238 239 2
238 278 5
239 240 4
239 279 3
240 280 5
241 242 1
241 281 2
242 243 3
242 282 1
243 244 1
243 283 3
244 245 2
244 284 2
245 246 5
245 285 1
246 247 2
246 286 5
247 248 1
247 287 4
248 249 3
248 288 4
249 250 4
249 289 1
250 251 4
250 290 1
251 252 4
251 291 2
252 253 1
252 292 3
253 254 3
253 293 2
254 255 3
254 294 2
255 256 1
255 295 5
256 257 1
256 296 3
257 258 3
257 297 1
258 259 1
258 298 5
259 260 3
259 299 1
260 261 5
260 300 4
261 262 3
261 301 5
262 263 3
262 302 5
263 264 5
263 303 5
264 265 3
264 304 3
265 266 1
265 305 1
266 267 5
266 306 2
267 268 4
267 307 1
268 269 5
268 308 1
269 270 3
269 309 1
270 271 5
270 310 4
271 272 3
271 311 2
272 273 4
272 312 1
273 274 3
273 313 4
274 275 5
274 314 2
275 276 1
275 315 3
276 277 5
276 316 2
277 278 1
277 317 1
278 279 4
278 318 1
279 280 4
279 319 5
280 320 5
281 282 2
281 321 1
282 283 4
282 322 5
283 284 3
283 323 5
284 285 4
284 324 4
285 286 3
285 325 2
286 287 1
286 326 1
287 288 2
287 327 2
288 289 2
288 328 3
289 290 4
289 329 4
290 291 5
290 330 2
291 292 1
291 331 3
292 293 5
292 332 2
293 294 4
293 333 3
294 295 2
294 334 5
295 296 1
295 335 2
296 297 2
296 336 5
297 298 1
297 337 2
298 299 4
298 338 2
299 300 5
299 339 4
300 301 3
300 340 4
301 302 1
301 341 2
302 303 5
302 342 4
303 304 5
303 343 2
304 305 2
304 344 5
305 306 5
305 345 1
306 307 2
306 346 3
307 308 2
307 347 2
308 309 2
308 348 2
309 310 5
309 349 5
310 311 2
310 350 4
311 312 5
311 351 1
312 313 4
312 352 3
313 314 1
313 353 5
314 315 2
314 354 3
315 316 5
315 355 1
316 317 1
316 356 3
317 318 5
317 357 5
318 319 5
318 358 5
319 320 1
319 359 4
320 360 4
321 322 2
321 361 1
322 323 2
322 362 3
323 324 4
323 363 5
324 325 4
324 364 2
325 326 5
325 365 4
326 327 5
326 366 1
327 328 3
327 367 1
328 329 4
328 368 5
329 330 2
329 369 4
330 331 2
330 370 5
331 332 5
331 371 5
332 333 5
332 372 2
333 334 1
333 373 5
334 335 3
334 374 4
335 336 3
335 375 2
336 337 1
336 376 2
337 338 4
337 377 2
338 339 5
338 378 1
339 340 4
339 379 4
340 341 1
340 380 5
341 342 5
341 381 3
342 343 4
342 382 2
343 344 4
343 383 5
344 345 3
344 384 1
345 346 4
345 385 4
346 347 4
346 386 3
347 348 3
347 387 4
348 349 2
348 388 3
349 350 2
349 389 2
350 351 5
350 390 1
351 352 4
351 391 4
352 353 4
352 392 2
353 354 4
353 393 2
354 355 3
354 394 2
355 356 3
355 395 4
356 357 3
356 396 4
357 358 5
357 397 3
358 359 4
358 398 2
359 360 4
359 399 3
360 400 1
361 362 3
361 401 4
362 363 1
362 402 5
363 364 2
363 403 4
364 365 1
364 404 3
365 366 2
365 405 2
366 367 2
366 406 4
367 368 3
367 407 4
368 369 1
368 408 2
369 370 4
369 409 1
370 371 5
370 410 4
371 372 1
371 411 3
372 373 3
372 412 4
373 374 5
373 413 3
374 375 1
374 414 3
375 376 5
375 415 5
376 377 1
376 416 2
377 378 3
377 417 1
378 379 1
378 418 2
379 380 4
379 419 2
380 381 2
380 420 3
381 382 4
381 421 2
382 383 1
382 422 2
383 384 5
383 423 5
384 385 3
384 424 1
385 386 3
385 425 1
386 387 5
386 426 4
387 388 1
387 427 3
388 389 5
388 428 3
389 390 2
389 429 4
390 391 1
390 430 5
391 392 1
391 431 4
392 393 5
392 432 2
393 394 5
393 433 5
394 395 1
394 434 1
395 396 2
395 435 1
396 397 5
396 436 5
397 398 3
397 437 5
398 399 1
398 438 1
399 400 1
399 439 4
400 440 2
401 402 1
401 441 3
402 403 4
402 442 3
403 404 3
403 443 3
404 405 2
404 444 1
405 406 5
405 445 4
406 407 4
406 446 4
407 408 1
407 447 4
408 409 3
408 448 3
409 410 4
409 449 4
410 411 2
410 450 5
411 412 2
411 451 1
412 413 2
412 452 5
413 414 1
413 453 4
414 415 5
414 454 3
415 416 3
415 455 5
416 417 4
416 456 4
417 418 4
417 457 3
418 419 4
418 458 2
419 420 2
419 459 5
420 421 5
420 460 3
421 422 5
421 461 3
422 423 3
422 462 1
423 424 5
423 463 5
424 425 5
424 464 4
425 426 3
425 465 4
426 427 4
426 466 4
427 428 2
427 467 3
428 429 1
428 468 1
429 430 4
429 469 2
430 431 2
430 470 3
431 432 5
431 471 2
432 433 3
432 472 2
433 434 3
433 473 4
434 435 5
434 474 3
435 436 1
435 475 3
436 437 1
436 476 4
437 438 5
437 477 3
438 439 2
438 478 2
439 440 4
439 479 4
440 480 4
441 442 5
441 481 4
442 443 1
442 482 2
443 444 3
443 483 3
444 445 5
444 484 5
445 446 4
445 485 3
446 447 4
446 486 2
447 448 3
447 487 2
448 449 1
448 488 1
449 450 1
449 489 3
450 451 3
450 490 2
451 452 3
451 491 3
452 453 5
452 492 3
453 454 4
453 493 1
454 455 3
454 494 1
455 456 5
455 495 2
456 457 1
456 496 2
457 458 2
457 497 4
458 459 2
458 498 3
459 460 1
459 499 4
460 461 3
460 500 2
461 462 3
461 501 5
462 463 5
462 502 2
463 464 4
463 503 5
464 465 3
464 504 1
465 466 2
465 505 3
466 467 1
466 506 1
467 468 2
467 507 3
468 469 3
468 508 3
469 470 3
469 509 2
470 471 4
470 510 5
471 472 2
471 511 2
472 473 5
472 512 5
473 474 1
473 513 5
474 475 4
474 514 2
475 476 1
475 515 1
476 477 4
476 516 4
477 478 4
477 517 2
478 479 3
478 518 4
479 480 2
479 519 4
480 520 1
481 482 5
481 521 4
482 483 3
482 522 1
483 484 5
483 523 4
484 485 5
484 524 1
485 486 4
485 525 2
486 487 4
486 526 1
487 488 2
487 527 1
488 489 3
488 528 2
489 490 4
489 529 1
490 491 5
490 530 5
491 492 4
491 531 4
492 493 2
492 532 2
493 494 5
493 533 5
494 495 3
494 534 5
495 496 3
495 535 4
496 497 5
496 536 5
497 498 3
497 537 1
498 499 5
498 538 4
499 500 5
499 539 4
500 501 4
500 540 3
501 502 1
501 541 4
502 503 1
502 542 5
503 504 5
503 543 1
504 505 5
504 544 5
505 506 3
505 545 3
506 507 3
506 546 3
507 508 1
507 547 2
508 509 2
508 548 2
509 510 2
509 549 5
510 511 2
510 550 3
511 512 3
511 551 5
512 513 4
512 552 4
513 514 2
513 553 5
514 515 5
514 554 3
515 516 1
515 555 3
516 517 2
516 556 1
517 518 5
517 557 4
518 519 5
518 558 3
519 520 2
519 559 1
520 560 3
521 522 3
521 561 4
522 523 5
522 562 2
523 524 3
523 563 4
524 525 3
524 564 4
525 526 5
525 565 4
526 527 2
526 566 2
527 528 1
527 567 5
528 529 5
528 568 3
529 530 2
529 569 5
530 531 1
530 570 5
531 532 4
531 571 5
532 533 3
532 572 1
533 534 5
533 573 2
534 535 5
534 574 2
535 536 3
535 575 1
536 537 5
536 576 5
537 538 3
537 577 2
538 539 1
538 578 5
539 540 4
539 579 2
540 541 1
540 580 5
541 542 5
541 581 2
542 543 2
542 582 3
543 544 1
543 583 4
544 545 4
544 584 2
545 546 4
545 585 2
546 547 4
546 586 4
547 548 5
547 587 4
548 549 4
548 588 5
549 550 2
549 589 3
550 551 1
550 590 5
551 552 1
551 591 3
552 553 1
552 592 4
553 554 5
553 593 4
554 555 2
554 594 4
555 556 2
555 595 5
556 557 2
556 596 5
557 558 1
557 597 5
558 559 2
558 598 1
559 560 1
559 599 2
560 600 1
561 562 4
561 601 1
562 563 2
562 602 3
563 564 1
563 603 2
564 565 2
564 604 2
565 566 2
565 605 2
566 567 4
566 606 1
567 568 2
567 607 2
568 569 3
568 608 1
569 570 5
569 609 3
570 571 3
570 610 4
571 572 4
571 611 5
572 573 4
572 612 4
573 574 3
573 613 2
574 575 2
574 614 1
575 576 5
575 615 2
576 577 2
576 616 1
577 578 1
577 617 3
578 579 2
578 618 5
579 580 4
579 619 3
580 581 3
580 620 3
581 582 3
581 621 3
582 583 2
582 622 3
583 584 4
583 623 2
584 585 2
584 624 1
585 586 2
585 625 1
586 587 1
586 626 3
587 588 3
587 627 1
588 589 5
588 628 2
589 590 3
589 629 3
590 591 2
590 630 1
591 592 3
591 631 4
592 593 4
592 632 5
593 594 4
593 633 4
594 595 1
594 634 4
595 596 4
595 635 3
596 597 5
596 636 3
597 598 2
597 637 1
598 599 3
598 638 1
599 600 4
599 639 5
600 640 2
601 602 2
601 641 2
602 603 3
602 642 1
603 604 5
603 643 1
604 605 2
604 644 4
605 606 3
605 645 2
606 607 1
606 646 3
607 608 2
607 647 4
608 609 3
608 648 3
609 610 2
609 649 3
610 611 2
610 650 1
611 612 3
611 651 4
612 613 2
612 652 4
613 614 5
613 653 4
614 615 2
614 654 1
615 616 5
615 655 4
616 617 3
616 656 5
617 618 5
617 657 5
618 619 3
618 658 3
619 620 2
619 659 5
620 621 1
620 660 4
621 622 4
621 661 4
622 623 4
622 662 2
623 624 4
623 663 4
624 625 2
624 664 1
625 626 4
625 665 4
626 627 1
626 666 2
627 628 1
627 667 2
628 629 5
628 668 3
629 630 1
629 669 2
630 631 4
630 670 3
631 632 2
631 671 1
632 633 2
632 672 2
633 634 3
633 673 2
634 635 2
634 674 1
635 636 5
635 675 4
636 637 3
636 676 4
637 638 1
637 677 2
638 639 4
638 678 4
639 640 2
639 679 5
640 680 3
641 642 1
641 681 2
642 643 2
642 682 3
643 644 4
643 683 5
644 645 4
644 684 5
645 646 1
645 685 4
646 647 3
646 686 4
647 648 1
647 687 3
648 649 4
648 688 2
649 650 5
649 689 2
650 651 1
650 690 3
651 652 2
651 691 2
652 653 3
652 692 2
653 654 1
653 693 3
654 655 2
654 694 1
655 656 5
655 695 2
656 657 5
656 696 2
657 658 4
657 697 3
658 659 4
658 698 5
659 660 1
659 699 4
660 661 5
660 700 2
661 662 4
661 701 1
662 663 5
662 702 4
663 664 5
663 703 1
664 665 4
664 704 2
665 666 1
665 705 1
666 667 2
666 706 3
667 668 1
667 707 1
668 669 3
668 708 1
669 670 3
669 709 4
670 671 4
670 710 4
671 672 1
671 711 4
672 673 3
672 712 3
673 674 3
673 713 3
674 675 4
674 714 5
675 676 1
675 715 2
676 677 1
676 716 3
677 678 1
677 717 4
678 679 4
678 718 2
679 680 5
679 719 1
680 720 5
681 682 4
681 721 3
682 683 2
682 722 3
683 684 5
683 723 4
684 685 1
684 724 4
685 686 2
685 725 5
686 687 2
686 726 1
687 688 3
687 727 4
688 689 5
688 728 5
689 690 2
689 729 3
690 691 2
690 730 3
691 692 1
691 731 5
692 693 4
692 732 5
693 694 5
693 733 4
694 695 3
694 734 1
695 696 3
695 735 3
696 697 3
696 736 3
697 698 4
697 737 2
698 699 4
698 738 2
699 700 4
699 739 5
700 701 2
700 740 4
701 702 4
701 741 1
702 703 1
702 742 1
703 704 1
703 743 3
704 705 5
704 744 5
705 706 5
705 745 1
706 707 3
706 746 2
707 708 3
707 747 3
708 709 2
708 748 1
709 710 3
709 749 2
710 711 4
710 750 5
711 712 3
711 751 2
712 713 3
712 752 4
713 714 4
713 753 1
714 715 1
714 754 5
715 716 5
715 755 1
716 717 4
716 756 3
717 718 3
717 757 2
718 719 1
718 758 4
719 720 4
719 759 2
720 760 1
721 722 4
721 761 3
722 723 5
722 762 2
723 724 5
723 763 1
724 725 2
724 764 5
725 726 5
725 765 5
726 727 4
726 766 3
727 728 1
727 767 3
728 729 4
728 768 3
729 730 2
729 769 3
730 731 5
730 770 2
731 732 4
731 771 1
732 733 2
732 772 3
733 734 4
733 773 5
734 735 1
734 774 4
735 736 2
735 775 2
736 737 4
736 776 5
737 738 5
737 777 3
738 739 1
738 778 5
739 740 5
739 779 1
740 741 4
740 780 1
741 742 1
741 781 2
742 743 3
742 782 1
743 744 4
743 783 5
744 745 4
744 784 3
745 746 3
745 785 2
746 747 5
746 786 1
747 748 1
747 787 2
748 749 3
748 788 5
749 750 3
749 789 4
750 751 5
750 790 5
751 752 1
751 791 1
752 753 4
752 792 3
753 754 2
753 793 5
754 755 3
754 794 4
755 756 1
755 795 2
756 757 4
756 796 2
757 758 4
757 797 5
758 759 4
758 798 4
759 760 5
759 799 5
760 800 4
761 762 2
761 801 5
762 763 3
762 802 3
763 764 2
763 803 3
764 765 4
764 804 5
765 766 2
765 805 1
766 767 4
766 806 5
767 768 5
767 807 5
768 769 3
768 808 3
769 770 5
769 809 3
770 771 1
770 810 5
771 772 1
771 811 5
772 773 1
772 812 1
773 774 4
773 813 5
774 775 1
774 814 2
775 776 2
775 815 4
776 777 3
776 816 5
777 778 5
777 817 5
778 779 1
778 818 1
779 780 4
779 819 4
780 781 3
780 820 3
781 782 5
781 821 1
782 783 2
782 822 2
783 784 3
783 823 4
784 785 5
784 824 4
785 786 1
785 825 3
786 787 4
786 826 2
787 788 4
787 827 3
788 789 5
788 828 3
789 790 2
789 829 3
790 791 1
790 830 3
791 792 5
791 831 5
792 793 1
792 832 2
793 794 1
793 833 2
794 795 1
794 834 5
795 796 4
795 835 1
796 797 3
796 836 4
797 798 2
797 837 4
798 799 4
798 838 2
799 800 1
799 839 2
800 840 2
801 802 2
801 841 5
802 803 3
802 842 2
803 804 5
803 843 1
804 805 2
804 844 1
805 806 3
805 845 2
806 807 2
806 846 3
807 808 1
807 847 2
808 809 2
808 848 5
809 810 2
809 849 2
810 811 4
810 850 2
811 812 3
811 851 4
812 813 2
812 852 3
813 814 2
813 853 4
814 815 1
814 854 4
815 816 3
815 855 3
816 817 2
816 856 5
817 818 5
817 857 5
818 819 4
818 858 1
819 820 4
819 859 2
820 821 4
820 860 4
821 822 3
821 861 2
822 823 1
822 862 2
823 824 4
823 863 4
824 825 2
824 864 3
825 826 5
825 865 4
826 827 5
826 866 1
827 828 1
827 867 5
828 829 5
828 868 5
829 830 5
829 869 1
830 831 1
830 870 5
831 832 5
831 871 3
832 833 5
832 872 2
833 834 2
833 873 3
834 835 2
834 874 4
835 836 2
835 875 4
836 837 2
836 876 2
837 838 4
837 877 5
838 839 4
838 878 4
839 840 3
839 879 5
840 880 3
841 842 5
841 881 3
842 843 5
842 882 5
843 844 1
843 883 5
844 845 4
844 884 2
845 846 3
845 885 1
846 847 4
846 886 3
847 848 2
847 887 1
848 849 5
848 888 4
849 850 2
849 889 5
850 851 1
850 890 1
851 852 5
851 891 3
852 853 3
852 892 2
853 854 4
853 893 5
854 855 2
854 894 5
855 856 3
855 895 2
856 857 3
856 896 5
857 858 5
857 897 4
858 859 2
858 898 3
859 860 3
859 899 3
860 861 2
860 900 1
861 862 4
861 901 3
862 863 5
862 902 1
863 864 3
863 903 2
864 865 2
864 904 4
865 866 3
865 905 5
866 867 2
866 906 5
867 868 3
867 907 5
868 869 2
868 908 1
869 870 1
869 909 1
870 871 5
870 910 3
871 872 3
871 911 2
872 873 1
872 912 4
873 874 5
873 913 3
874 875 2
874 914 1
875 876 1
875 915 2
876 877 2
876 916 1
877 878 4
877 917 2
878 879 1
878 918 1
879 880 1
879 919 5
880 920 4
881 882 1
881 921 3
882 883 4
882 922 3
883 884 4
883 923 1
884 885 4
884 924 1
885 886 5
885 925 5
886 887 4
886 926 1
887 888 2
887 927 5
888 889 4
888 928 2
889 890 3
889 929 5
890 891 4
890 930 5
891 892 4
891 931 4
892 893 1
892 932 1
893 894 3
893 933 4
894 895 2
894 934 2
895 896 2
895 935 4
896 897 5
896 936 1
897 898 3
897 937 4
898 899 3
898 938 2
899 900 5
899 939 5
900 901 5
900 940 4
901 902 1
901 941 5
902 903 3
902 942 3
903 904 1
903 943 5
904 905 2
904 944 4
905 906 4
905 945 1
906 907 2
906 946 4
907 908 2
907 947 2
908 909 3
908 948 2
909 910 3
909 949 2
910 911 1
910 950 2
911 912 3
911 951 2
912 913 2
912 952 2
913 914 4
913 953 1
914 915 1
914 954 1
915 916 3
915 955 1
916 917 5
916 956 3
917 918 4
917 957 2
918 919 1
918 958 3
919 920 5
919 959 4
920 960 3
921 922 1
921 961 1
922 923 5
922 962 1
923 924 2
923 963 1
924 925 3
924 964 4
925 926 1
925 965 3
926 927 4
926 966 1
927 928 5
927 967 3
928 929 2
928 968 2
929 930 2
929 969 4
930 931 4
930 970 2
931 932 5
931 971 3
932 933 2
932 972 3
933 934 1
933 973 3
934 935 1
934 974 2
935 936 4
935 975 4
936 937 4
936 976 1
937 938 3
937 977 2
938 939 4
938 978 2
939 940 2
939 979 3
940 941 3
940 980 2
941 942 5
941 981 5
942 943 1
942 982 1
943 944 5
943 983 1
944 945 4
944 984 3
945 946 1
945 985 3
946 947 2
946 986 5
947 948 3
947 987 4
948 949 4
948 988 3
949 950 2
949 989 5
950 951 2
950 990 3
951 952 3
951 991 4
952 953 3
952 992 4
953 954 2
953 993 4
954 955 3
954 994 5
955 956 2
955 995 4
956 957 4
956 996 2
957 958 1
957 997 4
958 959 4
958 998 1
959 960 5
959 999 1
960 1000 4
961 962 1
961 1001 5
962 963 3
962 1002 1
963 964 2
963 1003 3
964 965 4
964 1004 2
965 966 1
965 1005 5
966 967 1
966 1006 4
967 968 2
967 1007 1
968 969 1
968 1008 4
969 970 1
969 1009 5
970 971 1
970 1010 4
971 972 2
971 1011 1
972 973 4
972 1012 2
973 974 4
973 1013 4
974 975 5
974 1014 1
975 976 5
975 1015 5
976 977 5
976 1016 5
977 978 3
977 1017 2
978 979 4
978 1018 4
979 980 5
979 1019 1
980 981 4
980 1020 4
981 982 5
981 1021 3
982 983 4
982 1022 2
983 984 4
983 1023 5
984 985 2
984 1024 3
985 986 5
985 1025 1
986 987 4
986 1026 4
987 988 1
987 1027 2
988 989 5
988 1028 3
989 990 5
989 1029 3
990 991 3
990 1030 3
991 992 2
991 1031 1
992 993 2
992 1032 3
993 994 3
993 1033 3
994 995 1
994 1034 5
995 996 2
995 1035 4
996 997 2
996 1036 2
997 998 5
997 1037 4
998 999 3
998 1038 1
999 1000 3
999 1039 4
1000 1040 1
1001 1002 3
1001 1041 4
1002 1003 2
1002 1042 4
1003 1004 4
1003 1043 2
1004 1005 5
1004 1044 5
1005 1006 5
1005 1045 3
1006 1007 4
1006 1046 3
1007 1008 2
1007 1047 1
1008 1009 5
1008 1048 1
1009 1010 5
1009 1049 3
1010 1011 1
1010 1050 5
1011 1012 1
1011 1051 2
1012 1013 3
1012 1052 1
1013 1014 2
1013 1053 1
1014 1015 4
1014 1054 1
1015 1016 5
1015 1055 3
1016 1017 2
1016 1056 3
1017 1018 3
1017 1057 3
1018 1019 4
1018 1058 3
1019 1020 3
1019 1059 2
1020 1021 5
1020 1060 5
1021 1022 4
1021 1061 3
1022 1023 1
1022 1062 4
1023 1024 4
1023 1063 1
1024 1025 5
1024 1064 5
1025 1026 1
1025 1065 1
1026 1027 3
1026 1066 5
1027 1028 1
1027 1067 4
1028 1029 1
1028 1068 5
1029 1030 2
1029 1069 3
1030 1031 3
1030 1070 2
1031 1032 2
1031 1071 3
1032 1033 4
1032 1072 5
1033 1034 3
1033 1073 5
1034 1035 4
1034 1074 4
1035 1036 5
1035 1075 1
1036 1037 1
1036 1076 4
1037 1038 4
1037 1077 5
1038 1039 3
1038 1078 5
1039 1040 4
1039 1079 5
1040 1080 5
1041 1042 5
1041 1081 1
1042 1043 4
1042 1082 1
1043 1044 2
1043 1083 2
1044 1045 2
1044 1084 5
1045 1046 2
1045 1085 1
1046 1047 1
1046 1086 3
1047 1048 5
1047 1087 1
1048 1049 1
1048 1088 5
1049 1050 5
1049 1089 3
1050 1051 4
1050 1090 1
1051 1052 5
1051 1091 5
1052 1053 1
1052 1092 3
1053 1054 5
1053 1093 3
1054 1055 5
1054 1094 3
1055 1056 5
1055 1095 5
1056 1057 1
1056 1096 3
1057 1058 2
1057 1097 3
1058 1059 3
1058 1098 5
1059 1060 2
1059 1099 2
1060 1061 4
1060 1100 1
1061 1062 3
1061 1101 2
1062 1063 4
1062 1102 4
1063 1064 5
1063 1103 2
1064 1065 5
1064 1104 5
1065 1066 5
1065 1105 3
1066 1067 5
1066 1106 5
1067 1068 4
1067 1107 3
1068 1069 5
1068 1108 4
1069 1070 3
1069 1109 1
1070 1071 2
1070 1110 5
1071 1072 1
1071 1111 3
1072 1073 2
1072 1112 1
1073 1074 1
1073 1113 1
1074 1075 5
1074 1114 1
1075 1076 2
1075 1115 5
1076 1077 1
1076 1116 1
1077 1078 4
1077 1117 3
1078 1079 4
1078 1118 1
1079 1080 2
1079 1119 3
1080 1120 4
1081 1082 2
1081 1121 2
1082 1083 2
1082 1122 1
1083 1084 3
1083 1123 2
1084 1085 3
1084 1124 1
1085 1086 5
1085 1125 4
1086 1087 5
1086 1126 4
1087 1088 3
1087 1127 3
1088 1089 2
1088 1128 1
1089 1090 4
1089 1129 2
1090 1091 1
1090 1130 4
1091 1092 4
1091 1131 4
1092 1093 5
1092 1132 5
1093 1094 4
1093 1133 2
1094 1095 1
1094 1134 4
1095 1096 5
1095 1135 1
1096 1097 5
1096 1136 5
1097 1098 5
1097 1137 5
1098 1099 4
1098 1138 5
1099 1100 2
1099 1139 2
1100 1101 2
1100 1140 4
1101 1102 2
1101 1141 4
1102 1103 4
1102 1142 2
1103 1104 1
1103 1143 2
1104 1105 1
1104 1144 3
1105 1106 4
1105 1145 3
1106 1107 3
1106 1146 1
1107 1108 2
1107 1147 2
1108 1109 4
1108 1148 1
1109 1110 2
1109 1149 2
1110 1111 4
1110 1150 2
1111 1112 1
1111 1151 3
1112 1113 5
1112 1152 2
1113 1114 4
1113 1153 1
1114 1115 1
1114 1154 4
1115 1116 2
1115 1155 2
1116 1117 2
1116 1156 2
1117 1118 1
1117 1157 1
1118 1119 1
1118 1158 3
1119 1120 3
1119 1159 1
1120 1160 1
1121 1122 5
1121 1161 4
1122 1123 4
1122 1162 2
1123 1124 1
1123 1163 1
1124 1125 3
1124 1164 1
1125 1126 4
1125 1165 4
1126 1127 5
1126 1166 5
1127 1128 1
1127 1167 5
1128 1129 2
1128 1168 1
1129 1130 4
1129 1169 2
1130 1131 1
1130 1170 1
1131 1132 1
1131 1171 1
1132 1133 3
1132 1172 3
1133 1134 5
1133 1173 5
1134 1135 4
1134 1174 3
1135 1136 2
1135 1175 3
1136 1137 2
1136 1176 2
1137 1138 3
1137 1177 5
1138 1139 1
1138 1178 1
1139 1140 4
1139 1179 5
1140 1141 5
1140 1180 1
1141 1142 3
1141 1181 3
1142 1143 4
1142 1182 1
1143 1144 3
1143 1183 1
1144 1145 4
1144 1184 1
1145 1146 4
1145 1185 3
1146 1147 4
1146 1186 2
1147 1148 3
1147 1187 4
1148 1149 1
1148 1188 1
1149 1150 2
1149 1189 5
1150 1151 4
1150 1190 4
1151 1152 1
1151 1191 5
1152 1153 3
1152 1192 2
1153 1154 5
1153 1193 2
1154 1155 3
1154 1194 1
1155 1156 1
1155 1195 3
1156 1157 3
1156 1196 3
1157 1158 4
1157 1197 4
1158 1159 3
1158 1198 5
1159 1160 2
1159 1199 2
1160 1200 4
1161 1162 1
1161 1201 3
1162 1163 1
1162 1202 5
1163 1164 5
1163 1203 5
1164 1165 5
1164 1204 5
1165 1166 4
1165 1205 4
1166 1167 5
1166 1206 2
1167 1168 3
1167 1207 3
1168 1169 5
1168 1208 1
1169 1170 4
1169 1209 3
1170 1171 2
1170 1210 5
1171 1172 1
1171 1211 4
1172 1173 3
1172 1212 5
1173 1174 3
1173 1213 3
1174 1175 5
1174 1214 3
1175 1176 5
1175 1215 4
1176 1177 4
1176 1216 5
1177 1178 5
1177 1217 1
1178 1179 4
1178 1218 2
1179 1180 3
1179 1219 4
1180 1181 2
1180 1220 4
1181 1182 1
1181 1221 5
1182 1183 4
1182 1222 5
1183 1184 1
1183 1223 5
1184 1185 4
1184 1224 1
1185 1186 5
1185 1225 3
1186 1187 4
1186 1226 5
1187 1188 2
1187 1227 3
1188 1189 3
1188 1228 2
1189 1190 1
1189 1229 1
1190 1191 4
1190 1230 5
1191 1192 4
1191 1231 1
1192 1193 4
1192 1232 5
1193 1194 4
1193 1233 4
1194 1195 4
1194 1234 5
1195 1196 1
1195 1235 5
1196 1197 1
1196 1236 2
1197 1198 1
1197 1237 2
1198 1199 5
1198 1238 2
1199 1200 3
1199 1239 3
1200 1240 4
1201 1202 2
1201 1241 1
1202 1203 5
1202 1242 4
1203 1204 5
1203 1243 1
1204 1205 3
1204 1244 5
1205 1206 5
1205 1245 1
1206 1207 4
1206 1246 3
1207 1208 2
1207 1247 1
1208 1209 1
1208 1248 1
1209 1210 4
1209 1249 5
1210 1211 5
1210 1250 2
1211 1212 3
1211 1251 1
1212 1213 2
1212 1252 3
1213 1214 5
1213 1253 5
1214 1215 3
1214 1254 4
1215 1216 1
1215 1255 3
1216 1217 3
1216 1256 2
1217 1218 1
1217 1257 3
1218 1219 3
1218 1258 3
1219 1220 3
1219 1259 1
1220 1221 2
1220 1260 4
1221 1222 1
1221 1261 3
1222 1223 1
1222 1262 1
1223 1224 2
1223 1263 3
1224 1225 5
1224 1264 1
1225 1226 3
1225 1265 5
1226 1227 3
1226 1266 4
1227 1228 5
1227 1267 3
1228 1229 5
1228 1268 3
1229 1230 3
1229 1269 3
1230 1231 1
1230 1270 3
1231 1232 3
1231 1271 5
1232 1233 4
1232 1272 5
1233 1234 2
1233 1273 2
1234 1235 3
1234 1274 4
1235 1236 2
1235 1275 4
1236 1237 1
1236 1276 1
1237 1238 4
1237 1277 5
1238 1239 4
1238 1278 2
1239 1240 3
1239 1279 5
1240 1280 1
1241 1242 4
1241 1281 5
1242 1243 1
1242 1282 3
1243 1244 4
1243 1283 2
1244 1245 2
1244 1284 5
1245 1246 5
1245 1285 5
1246 1247 3
1246 1286 4
1247 1248 5
1247 1287 2
1248 1249 1
1248 1288 2
1249 1250 2
1249 1289 5
1250 1251 5
1250 1290 4
1251 1252 2
1251 1291 5
1252 1253 5
1252 1292 3
1253 1254 4
1253 1293 5
1254 1255 3
1254 1294 5
1255 1256 5
1255 1295 3
1256 1257 1
1256 1296 1
1257 1258 4
1257 1297 3
1258 1259 2
1258 1298 3
1259 1260 1
1259 1299 4
1260 1261 4
1260 1300 3
1261 1262 2
1261 1301 4
1262 1263 5
1262 1302 5
1263 1264 4
1263 1303 5
1264 1265 2
1264 1304 3
1265 1266 5
1265 1305 1
1266 1267 2
1266 1306 2
1267 1268 3
1267 1307 3
1268 1269 3
1268 1308 5
1269 1270 4
1269 1309 5
1270 1271 5
1270 1310 4
1271 1272 1
1271 1311 4
1272 1273 1
1272 1312 3
1273 1274 5
1273 1313 5
1274 1275 2
1274 1314 2
1275 1276 2
1275 1315 3
1276 1277 1
1276 1316 1
1277 1278 5
1277 1317 5
1278 1279 2
1278 1318 1
1279 1280 4
1279 1319 5
1280 1320 3
1281 1282 4
1281 1321 3
1282 1283 1
1282 1322 1
1283 1284 2
1283 1323 1
1284 1285 2
1284 1324 5
1285 1286 4
1285 1325 3
1286 1287 1
1286 1326 1
1287 1288 4
1287 1327 5
1288 1289 1
1288 1328 1
1289 1290 1
1289 1329 1
1290 1291 2
1290 1330 5
1291 1292 5
1291 1331 3
1292 1293 5
1292 1332 4
1293 1294 1
1293 1333 2
1294 1295 5
1294 1334 4
1295 1296 2
1295 1335 1
1296 1297 3
1296 1336 1
1297 1298 5
1297 1337 3
1298 1299 5
1298 1338 5
1299 1300 5
1299 1339 5
1300 1301 2
1300 1340 1
1301 1302 3
1301 1341 2
1302 1303 3
1302 1342 2
1303 1304 2
1303 1343 1
1304 1305 5
1304 1344 4
1305 1306 2
1305 1345 1
1306 1307 2
1306 1346 1
1307 1308 1
1307 1347 4
1308 1309 4
1308 1348 3
1309 1310 3
1309 1349 3
1310 1311 4
1310 1350 3
1311 1312 1
1311 1351 5
1312 1313 4
1312 1352 3
1313 1314 4
1313 1353 3
1314 1315 1
1314 1354 1
1315 1316 2
1315 1355 3
1316 1317 4
1316 1356 2
1317 1318 4
1317 1357 3
1318 1319 3
1318 1358 5
1319 1320 3
1319 1359 5
1320 1360 1
1321 1322 2
1321 1361 5
1322 1323 4
1322 1362 5
1323 1324 5
1323 1363 3
1324 1325 4
1324 1364 1
1325 1326 4
1325 1365 4
1326 1327 3
1326 1366 4
1327 1328 2
1327 1367 5
1328 1329 4
1328 1368 1
1329 1330 3
1329 1369 5
1330 1331 1
1330 1370 5
1331 1332 1
1331 1371 1
1332 1333 5
1332 1372 4
1333 1334 3
1333 1373 1
1334 1335 4
1334 1374 5
1335 1336 3
1335 1375 1
1336 1337 3
1336 1376 5
1337 1338 4
1337 1377 4
1338 1339 1
1338 1378 2
1339 1340 4
1339 1379 5
1340 1341 3
1340 1380 4
1341 1342 1
1341 1381 3
1342 1343 4
1342 1382 1
1343 1344 2
1343 1383 5
1344 1345 3
1344 1384 1
1345 1346 5
1345 1385 2
1346 1347 1
1346 1386 2
1347 1348 4
1347 1387 5
1348 1349 4
1348 1388 1
1349 1350 4
1349 1389 3
1350 1351 3
1350 1390 2
1351 1352 3
1351 1391 1
1352 1353 1
1352 1392 2
1353 1354 1
1353 1393 4
1354 1355 5
1354 1394 4
1355 1356 3
1355 1395 5
1356 1357 5
1356 1396 2
1357 1358 4
1357 1397 5
1358 1359 5
1358 1398 2
1359 1360 2
1359 1399 3
1360 1400 3
1361 1362 1
1361 1401 5
1362 1363 4
1362 1402 4
1363 1364 2
1363 1403 1
1364 1365 2
1364 1404 4
1365 1366 3
1365 1405 1
1366 1367 5
1366 1406 3
1367 1368 2
1367 1407 1
1368 1369 3
1368 1408 1
1369 1370 4
1369 1409 1
1370 1371 2
1370 1410 2
1371 1372 1
1371 1411 4
1372 1373 4
1372 1412 4
1373 1374 3
1373 1413 4
1374 1375 3
1374 1414 4
1375 1376 1
1375 1415 1
1376 1377 4
1376 1416 4
1377 1378 1
1377 1417 4
1378 1379 3
1378 1418 4
1379 1380 3
1379 1419 3
1380 1381 4
1380 1420 5
1381 1382 1
1381 1421 3
1382 1383 2
1382 1422 1
1383 1384 4
1383 1423 1
1384 1385 4
1384 1424 4
1385 1386 4
1385 1425 5
1386 1387 4
1386 1426 4
1387 1388 5
1387 1427 5
1388 1389 2
1388 1428 2
1389 1390 4
1389 1429 1
1390 1391 4
1390 1430 2
1391 1392 1
1391 1431 2
1392 1393 1
1392 1432 2
1393 1394 5
1393 1433 4
1394 1395 2
1394 1434 1
1395 1396 4
1395 1435 2
1396 1397 2
1396 1436 3
1397 1398 2
1397 1437 3
1398 1399 1
1398 1438 2
1399 1400 1
1399 1439 2
1400 1440 1
1401 1402 4
1401 1441 3
1402 1403 5
1402 1442 1
1403 1404 5
1403 1443 2
1404 1405 2
1404 1444 5
1405 1406 2
1405 1445 3
1406 1407 5
1406 1446 2
1407 1408 5
1407 1447 3
1408 1409 1
1408 1448 5
1409 1410 5
1409 1449 2
1410 1411 5
1410 1450 5
1411 1412 3
1411 1451 3
1412 1413 3
1412 1452 1
1413 1414 2
1413 1453 1
1414 1415 3
1414 1454 1
1415 1416 4
1415 1455 5
1416 1417 5
1416 1456 5
1417 1418 2
1417 1457 5
1418 1419 1
1418 1458 3
1419 1420 5
1419 1459 1
1420 1421 1
1420 1460 3
1421 1422 4
1421 1461 2
1422 1423 2
1422 1462 4
1423 1424 1
1423 1463 1
1424 1425 5
1424 1464 1
1425 1426 4
1425 1465 2
1426 1427 4
1426 1466 5
1427 1428 4
1427 1467 1
1428 1429 3
1428 1468 4
1429 1430 5
1429 1469 1
1430 1431 3
1430 1470 4
1431 1432 3
1431 1471 1
1432 1433 2
1432 1472 2
1433 1434 2
1433 1473 2
1434 1435 2
1434 1474 3
1435 1436 4
1435 1475 4
1436 1437 3
1436 1476 2
1437 1438 2
1437 1477 5
1438 1439 1
1438 1478 1
1439 1440 3
1439 1479 2
1440 1480 2
1441 1442 1
1441 1481 3
1442 1443 1
1442 1482 1
1443 1444 1
1443 1483 3
1444 1445 2
1444 1484 1
1445 1446 2
1445 1485 1
1446 1447 4
1446 1486 4
1447 1448 5
1447 1487 1
1448 1449 3
1448 1488 3
1449 1450 3
1449 1489 2
1450 1451 5
1450 1490 2
1451 1452 5
1451 1491 1
1452 1453 4
1452 1492 5
1453 1454 5
1453 1493 2
1454 1455 1
1454 1494 2
1455 1456 2
1455 1495 5
1456 1457 5
1456 1496 2
1457 1458 2
1457 1497 4
1458 1459 2
1458 1498 3
1459 1460 3
1459 1499 5
1460 1461 2
1460 1500 5
1461 1462 5
1461 1501 3
1462 1463 1
1462 1502 2
1463 1464 2
1463 1503 2
1464 1465 1
1464 1504 5
1465 1466 4
1465 1505 5
1466 1467 4
1466 1506 2
1467 1468 2
1467 1507 1
1468 1469 4
1468 1508 3
1469 1470 2
1469 1509 5
1470 1471 3
1470 1510 4
1471 1472 4
1471 1511 3
1472 1473 2
1472 1512 3
1473 1474 3
1473 1513 2
1474 1475 2
1474 1514 3
1475 1476 1
1475 1515 2
1476 1477 2
1476 1516 4
1477 1478 5
1477 1517 4
1478 1479 3
1478 1518 1
1479 1480 2
1479 1519 1
1480 1520 3
1481 1482 4
1481 1521 3
1482 1483 5
1482 1522 3
1483 1484 1
1483 1523 4
1484 1485 1
1484 1524 1
1485 1486 2
1485 1525 4
1486 1487 1
1486 1526 1
1487 1488 4
1487 1527 2
1488 1489 5
1488 1528 5
1489 1490 5
1489 1529 3
1490 1491 2
1490 1530 2
1491 1492 2
1491 1531 2
1492 1493 1
1492 1532 2
1493 1494 1
1493 1533 1
1494 1495 1
1494 1534 1
1495 1496 1
1495 1535 4
1496 1497 2
1496 1536 1
1497 1498 3
1497 1537 1
1498 1499 1
1498 1538 2
1499 1500 2
1499 1539 1
1500 1501 1
1500 1540 3
1501 1502 5
1501 1541 2
1502 1503 1
1502 1542 4
1503 1504 5
1503 1543 3
1504 1505 1
1504 1544 1
1505 1506 2
1505 1545 2
1506 1507 1
1506 1546 3
1507 1508 3
1507 1547 2
1508 1509 3
1508 1548 4
1509 1510 1
1509 1549 5
1510 1511 2
1510 1550 2
1511 1512 4
1511 1551 5
1512 1513 5
1512 1552 4
1513 1514 4
1513 1553 2
1514 1515 4
1514 1554 5
1515 1516 4
1515 1555 4
1516 1517 4
1516 1556 2
1517 1518 2
1517 1557 3
1518 1519 2
1518 1558 1
1519 1520 4
1519 1559 1
1520 1560 1
1521 1522 1
1521 1561 4
1522 1523 1
1522 1562 4
1523 1524 2
1523 1563 3
1524 1525 4
1524 1564 1
1525 1526 2
1525 1565 3
1526 1527 1
1526 1566 2
1527 1528 5
1527 1567 2
1528 1529 4
1528 1568 1
1529 1530 3
1529 1569 3
1530 1531 3
1530 1570 5
1531 1532 2
1531 1571 5
1532 1533 5
1532 1572 2
1533 1534 2
1533 1573 2
1534 1535 1
1534 1574 2
1535 1536 5
1535 1575 1
1536 1537 3
1536 1576 3
1537 1538 4
1537 1577 3
1538 1539 2
1538 1578 4
1539 1540 4
1539 1579 3
1540 1541 2
1540 1580 2
1541 1542 2
1541 1581 2
1542 1543 5
1542 1582 3
1543 1544 3
1543 1583 5
1544 1545 5
1544 1584 1
1545 1546 5
1545 1585 3
1546 1547 3
1546 1586 4
1547 1548 2
1547 1587 4
1548 1549 4
1548 1588 4
1549 1550 4
1549 1589 2
1550 1551 4
1550 1590 4
1551 1552 3
1551 1591 2
1552 1553 3
1552 1592 4
1553 1554 3
1553 1593 4
1554 1555 1
1554 1594 4
1555 1556 3
1555 1595 2
1556 1557 2
1556 1596 2
1557 1558 2
1557 1597 2
1558 1559 5
1558 1598 4
1559 1560 5
1559 1599 4
1560 1600 3
1561 1562 2
1562 1563 3
1563 1564 3
1564 1565 1
1565 1566 1
1566 1567 3
1567 1568 5
1568 1569 5
1569 1570 1
1570 1571 3
1571 1572 4
1572 1573 2
1573 1574 4
1574 1575 3
1575 1576 1
1576 1577 5
1577 1578 1
1578 1579 4
1579 1580 3
1580 1581 1
1581 1582 3
1582 1583 3
1583 1584 2
1584 1585 4
1585 1586 4
1586 1587 3
1587 1588 1
1588 1589 5
1589 1590 2
1590 1591 4
1591 1592 1
1592 1593 2
1593 1594 1
1594 1595 2
1595 1596 4
1596 1597 2
1597 1598 2
1598 1599 4
1599 1600 2
1 1561 1
2 1562 3
3 1563 4
4 1564 5
5 1565 4
6 1566 5
7 1567 2
8 1568 3
9 1569 2
10 1570 5
11 1571 1
12 1572 4
13 1573 4
14 1574 3
15 1575 1
16 1576 2
17 1577 3
18 1578 4
19 1579 4
20 1580 2
21 1581 3
22 1582 1
23 1583 4
24 1584 2
25 1585 1
26 1586 1
27 1587 4
28 1588 3
29 1589 1
30 1590 1
31 1591 3
32 1592 2
33 1593 1
34 1594 4
35 1595 2
36 1596 5
37 1597 1
38 1598 4
39 1599 3
40 1600 2
1 40 1
41 80 2
81 120 1
121 160 1
161 200 3
201 240 2
241 280 3
281 320 5
321 360 1
361 400 2
401 440 1
441 480 2
481 520 4
521 560 2
561 600 2
601 640 2
641 680 4
681 720 3
721 760 2
761 800 2
801 840 2
841 880 3
881 920 2
921 960 2
961 1000 4
1001 1040 1
1041 1080 4
1081 1120 3
1121 1160 2
1161 1200 1
1201 1240 3
1241 1280 2
1281 1320 1
1321 1360 4
1361 1400 2
1401 1440 2
1441 1480 4
1481 1520 5
1521 1560 1
1561 1600 3
