1600 3200
1 2 5
1 41 2
2 3 2
2 42 3
3 4 2
3 43 5
4 5 1
4 44 5
5 6 1
5 45 5
6 7 5
6 46 4
7 8 1
7 47 4
8 9 3
8 48 2
9 10 1
9 49 3
10 11 3
10 50 4
11 12 1
11 51 5
12 13 1
12 52 3
13 14 4
13 53 2
14 15 3
14 54 2
15 16 2
15 55 4
16 17 4
16 56 5
17 18 1
17 57 3
18 19 5
18 58 5
19 20 4
19 59 1
20 21 3
20 60 4
21 22 2
21 61 1
22 23 3
22 62 2
23 24 1
23 63 3
24 25 2
24 64 5
25 26 4
25 65 3
26 27 2
26 66 2
27 28 2
27 67 3
28 29 4
28 68 2
29 30 3
29 69 3
30 31 5
30 70 2
31 32 2
31 71 2
32 33 4
32 72 1
33 34 5
33 73 5
34 35 2
34 74 3
35 36 5
35 75 4
36 37 2
36 76 3
37 38 1
37 77 2
38 39 4
38 78 2
39 40 1
39 79 2
40 80 3
41 42 1
41 81 4
42 43 3
42 82 3
43 44 2
43 83 1
44 45 1
44 84 2
45 46 2
45 85 5
46 47 5
46 86 2
47 48 4
47 87 3
48 49 5
48 88 1
49 50 4
49 89 1
50 51 4
50 90 1
51 52 5
51 91 5
52 53 1
52 92 4
53 54 5
53 93 2
54 55 2
54 94 1
55 56 3
55 95 3
56 57 1
56 96 2
57 58 5
57 97 1
58 59 2
58 98 3
59 60 1
59 99 5
60 61 2
60 100 2
61 62 4
61 101 4
62 63 1
62 102 2
63 64 5
63 103 3
64 65 3
64 104 2
65 66 4
65 105 3
66 67 4
66 106 5
67 68 1
67 107 5
68 69 2
68 108 4
69 70 1
69 109 3
70 71 5
70 110 2
71 72 1
71 111 5
72 73 4
72 112 4
73 74 2
73 113 5
74 75 5
74 114 4
75 76 5
75 115 2
76 77 1
76 116 5
77 78 2
77 117 2
78 79 1
78 118 5
79 80 2
79 119 3
80 120 2
81 82 2
81 121 4
82 83 1
82 122 2
83 84 1
83 123 2
84 85 3
84 124 1
85 86 3
85 125 3
86 87 4
86 126 2
87 88 1
87 127 5
88 89 5
88 128 1
89 90 4
89 129 5
90 91 1
90 130 3
91 92 3
91 131 1
92 93 1
92 132 1
93 94 4
93 133 3
94 95 2
94 134 2
95 96 3
95 135 3
96 97 3
96 136 4
97 98 2
97 137 1
98 99 3
98 138 2
99 100 1
99 139 1
100 101 1
100 140 1
101 102 5
101 141 1
102 103 1
102 142 3
103 104 4
103 143 1
104 105 3
104 144 2
105 106 3
105 145 4
106 107 4
106 146 5
107 108 1
107 147 5
108 109 1
108 148 2
109 110 4
109 149 1
110 111 4
110 150 3
111 112 1
111 151 2
112 113 5
112 152 2
113 114 3
113 153 4
114 115 2
114 154 1
115 116 4
115 155 3
116 117 5
116 156 3
117 118 3
117 157 1
118 119 1
118 158 2
119 120 4
119 159 1
120 160 2
121 122 4
121 161 5
122 123 1
122 162 5
123 124 5
123 163 1
124 125 2
124 164 4
125 126 3
125 165 1
126 127 1
126 166 2
127 128 2
127 167 2
128 129 4
128 168 2
129 130 3
129 169 3
130 131 5
130 170 1
131 132 5
131 171 1
132 133 2
132 172 3
133 134 5
133 173 3
134 135 3
134 174 2
135 136 3
135 175 2
136 137 2
136 176 2
137 138 1
137 177 4
138 139 4
138 178 4
139 140 5
139 179 5
140 141 3
140 180 1
141 142 1
141 181 4
142 143 2
142 182 4
143 144 2
143 183 1
144 145 3
144 184 3
145 146 5
145 185 2
146 147 3
146 186 3
147 148 5
147 187 3
148 149 5
148 188 5
149 150 4
149 189 2
150 151 3
150 190 3
151 152 1
151 191 3
152 153 5
152 192 4
153 154 4
153 193 3
154 155 5
154 194 5
155 156 4
155 195 3
156 157 2
156 196 1
157 158 1
157 197 2
158 159 5
158 198 1
159 160 2
159 199 5
160 200 5
161 162 1
161 201 3
162 163 2
162 202 5
163 164 5
163 203 4
164 165 4
164 204 3
165 166 4
165 205 3
166 167 3
166 206 1
167 168 1
167 207 4
168 169 3
168 208 2
169 170 1
169 209 3
170 171 2
170 210 2
171 172 4
171 211 2
172 173 1
172 212 3
173 174 1
173 213 5
174 175 1
174 214 3
175 176 3
175 215 4
176 177 4
176 216 1
177 178 3
177 217 5
178 179 2
178 218 1
179 180 4
179 219 5
180 181 2
180 220 4
181 182 2
181 221 4
182 183 2
182 222 5
183 184 5
183 223 4
184 185 2
184 224 2
185 186 5
185 225 2
186 187 4
186 226 5
187 188 2
187 227 5
188 189 2
188 228 4
189 190 5
189 229 2
190 191 2
190 230 5
191 192 2
191 231 1
192 193 3
192 232 2
193 194 5
193 233 2
194 195 2
194 234 2
195 196 2
195 235 5
196 197 4
196 236 1
197 198 5
197 237 2
198 199 1
198 238 3
199 200 4
199 239 1
200 240 3
201 202 2
201 241 4
202 203 2
202 242 4
203 204 4
203 243 4
204 205 3
204 244 5
205 206 3
205 245 1
206 207 2
206 246 4
207 208 5
207 247 5
208 209 1
208 248 2
209 210 4
209 249 4
210 211 4
210 250 3
211 212 2
211 251 2
212 213 3
212 252 2
213 214 3
213 253 4
214 215 3
214 254 3
215 216 1
215 255 5
216 217 4
216 256 3
217 218 3
217 257 5
218 219 2
218 258 5
219 220 2
219 259 1
220 221 4
220 260 2
221 222 5
221 261 1
222 223 4
222 262 3
223 224 1
223 263 5
224 225 5
224 264 5
225 226 4
225 265 5
226 227 4
226 266 1
227 228 4
227 267 2
228 229 1
228 268 5
229 230 3
229 269 4
230 231 2
230 270 1
231 232 4
231 271 3
232 233 1
232 272 1
233 234 2
233 273 5
234 235 2
234 274 1
235 236 1
235 275 4
236 237 2
236 276 2
237 238 5
237 277 2
238 239 4
238 278 4
239 240 2
239 279 3
240 280 1
241 242 4
241 281 2
242 243 2
242 282 3
243 244 1
243 283 4
244 245 1
244 284 4
245 246 3
245 285 4
246 247 1
246 286 1
247 248 2
247 287 2
248 249 3
248 288 1
249 250 4
249 289 5
250 251 4
250 290 5
251 252 2
251 291 5
252 253 4
252 292 3
253 254 1
253 293 1
254 255 1
254 294 3
255 256 2
255 295 5
256 257 4
256 296 4
257 258 2
257 297 5
258 259 2
258 298 1
259 260 4
259 299 2
260 261 5
260 300 1
261 262 4
261 301 3
262 263 3
262 302 1
263 264 5
263 303 2
264 265 1
264 304 1
265 266 4
265 305 5
266 267 2
266 306 3
267 268 3
267 307 3
268 269 4
268 308 4
269 270 5
269 309 4
270 271 1
270 310 2
271 272 5
271 311 2
272 273 4
272 312 1
273 274 3
273 313 3
274 275 3
274 314 1
275 276 4
275 315 4
276 277 5
276 316 1
277 278 1
277 317 2
278 279 4
278 318 4
279 280 5
279 319 2
280 320 4
281 282 3
281 321 5
282 283 5
282 322 4
283 284 3
283 323 1
284 285 2
284 324 2
285 286 2
285 325 4
286 287 3
286 326 3
287 288 5
287 327 3
288 289 1
288 328 4
289 290 1
289 329 5
290 291 3
290 330 2
291 292 4
291 331 4
292 293 2
292 332 5
293 294 5
293 333 2
294 295 1
294 334 4
295 296 5
295 335 1
296 297 3
296 336 4
297 298 2
297 337 3
298 299 1
298 338 4
299 300 3
299 339 4
300 301 4
300 340 1
301 302 5
301 341 5
302 303 3
302 342 4
303 304 3
303 343 3
304 305 2
304 344 5
305 306 3
305 345 2
306 307 5
306 346 3
307 308 1
307 347 4
308 309 4
308 348 5
309 310 2
309 349 5
310 311 3
310 350 1
311 312 2
311 351 1
312 313 5
312 352 3
313 314 2
313 353 5
314 315 4
314 354 5
315 316 1
315 355 2
316 317 5
316 356 5
317 318 1
317 357 5
318 319 4
318 358 1
319 320 5
319 359 1
320 360 3
321 322 1
321 361 2
322 323 3
322 362 4
323 324 2
323 363 4
324 325 2
324 364 3
325 326 1
325 365 5
326 327 4
326 366 1
327 328 2
327 367 3
328 329 3
328 368 4
329 330 4
329 369 3
330 331 1
330 370 5
331 332 1
331 371 3
332 333 3
332 372 5
333 334 5
333 373 4
334 335 4
334 374 2
335 336 4
335 375 5
336 337 2
336 376 1
337 338 4
337 377 4
338 339 5
338 378 5
339 340 1
339 379 3
340 341 4
340 380 5
341 342 3
341 381 1
342 343 1
342 382 1
343 344 5
343 383 5
344 345 1
344 384 3
345 346 3
345 385 4
346 347 3
346 386 3
347 348 3
347 387 1
348 349 3
348 388 4
349 350 2
349 389 5
350 351 4
350 390 5
351 352 2
351 391 4
352 353 1
352 392 5
353 354 1
353 393 4
354 355 4
354 394 4
355 356 3
355 395 5
356 357 5
356 396 4
357 358 3
357 397 1
358 359 3
358 398 4
359 360 1
359 399 3
360 400 3
361 362 3
361 401 3
362 363 1
362 402 4
363 364 3
363 403 5
364 365 4
364 404 1
365 366 5
365 405 1
366 367 3
366 406 1
367 368 2
367 407 2
368 369 3
368 408 3
369 370 2
369 409 3
370 371 4
370 410 1
371 372 1
371 411 4
372 373 4
372 412 4
373 374 1
373 413 5
374 375 2
374 414 5
375 376 3
375 415 3
376 377 2
376 416 3
377 378 1
377 417 5
378 379 2
378 418 5
379 380 1
379 419 2
380 381 3
380 420 3
381 382 2
381 421 5
382 383 1
382 422 5
383 384 2
383 423 5
384 385 5
384 424 3
385 386 4
385 425 1
386 387 4
386 426 5
387 388 4
387 427 3
388 389 2
388 428 5
389 390 2
389 429 4
390 391 2
390 430 2
391 392 3
391 431 5
392 393 2
392 432 1
393 394 1
393 433 2
394 395 2
394 434 3
395 396 3
395 435 1
396 397 5
396 436 3
397 398 4
397 437 2
398 399 1
398 438 2
399 400 2
399 439 1
400 440 1
401 402 5
401 441 1
402 403 1
402 442 1
403 404 4
403 443 3
404 405 2
404 444 3
405 406 2
405 445 3
406 407 2
406 446 4
407 408 1
407 447 4
408 409 3
408 448 2
409 410 5
409 449 4
410 411 5
410 450 5
411 412 5
411 451 5
412 413 1
412 452 3
413 414 2
413 453 5
414 415 4
414 454 4
415 416 4
415 455 3
416 417 4
416 456 3
417 418 1
417 457 3
418 419 1
418 458 1
419 420 1
419 459 1
420 421 4
420 460 5
421 422 3
421 461 1
422 423 3
422 462 5
423 424 2
423 463 5
424 425 3
424 464 2
425 426 1
425 465 1
426 427 3
426 466 4
427 428 5
427 467 3
428 429 1
428 468 3
429 430 3
429 469 3
430 431 1
430 470 5
431 432 4
431 471 2
432 433 5
432 472 2
433 434 2
433 473 1
434 435 2
434 474 3
435 436 1
435 475 3
436 437 2
436 476 4
437 438 4
437 477 1
438 439 1
438 478 1
439 440 1
439 479 1
440 480 3
441 442 5
441 481 5
442 443 3
442 482 5
443 444 2
443 483 1
444 445 3
444 484 5
445 446 4
445 485 4
446 447 3
446 486 1
447 448 2
447 487 1
448 449 1
448 488 1
449 450 5
449 489 4
450 451 5
450 490 4
451 452 5
451 491 3
452 453 5
452 492 2
453 454 2
453 493 3
454 455 4
454 494 1
455 456 3
455 495 4
456 457 3
456 496 5
457 458 3
457 497 2
458 459 1
458 498 4
459 460 2
459 499 3
460 461 4
460 500 1
461 462 5
461 501 5
462 463 1
462 502 5
463 464 4
463 503 1
464 465 1
464 504 2
465 466 4
465 505 1
466 467 5
466 506 3
467 468 5
467 507 5
468 469 1
468 508 1
469 470 4
469 509 2
470 471 2
470 510 5
471 472 1
471 511 3
472 473 4
472 512 4
473 474 2
473 513 3
474 475 5
474 514 4
475 476 4
475 515 4
476 477 2
476 516 3
477 478 3
477 517 5
478 479 1
478 518 5
479 480 3
479 519 2
480 520 1
481 482 4
481 521 4
482 483 2
482 522 5
483 484 4
483 523 5
484 485 3
484 524 3
485 486 5
485 525 1
486 487 1
486 526 1
487 488 4
487 527 1
488 489 5
488 528 2
489 490 3
489 529 4
490 491 3
490 530 5
491 492 5
491 531 4
492 493 2
492 532 1
493 494 3
493 533 2
494 495 4
494 534 5
495 496 2
495 535 5
496 497 4
496 536 2
497 498 3
497 537 2
498 499 2
498 538 1
499 500 4
499 539 4
500 501 3
500 540 1
501 502 1
501 541 1
502 503 4
502 542 3
503 504 3
503 543 4
504 505 5
504 544 3
505 506 4
505 545 3
506 507 2
506 546 3
507 508 3
507 547 5
508 509 5
508 548 5
509 510 4
509 549 2
510 511 2
510 550 3
511 512 2
511 551 3
512 513 3
512 552 3
513 514 2
513 553 4
514 515 2
514 554 2
515 516 5
515 555 4
516 517 1
516 556 4
517 518 1
517 557 4
518 519 2
518 558 3
519 520 5
519 559 3
520 560 5
521 522 4
521 561 2
522 523 5
522 562 2
523 524 2
523 563 2
524 525 4
524 564 1
525 526 1
525 565 2
526 527 1
526 566 4
527 528 4
527 567 2
528 529 1
528 568 1
529 530 5
529 569 1
530 531 3
530 570 5
531 532 3
531 571 4
532 533 1
532 572 4
533 534 1
533 573 3
534 535 2
534 574 1
535 536 4
535 575 1
536 537 1
536 576 4
537 538 1
537 577 1
538 539 5
538 578 5
539 540 3
539 579 3
540 541 2
540 580 3
541 542 2
541 581 1
542 543 2
542 582 4
543 544 2
543 583 3
544 545 3
544 584 2
545 546 5
545 585 3
546 547 2
546 586 4
547 548 2
547 587 1
548 549 2
548 588 3
549 550 2
549 589 3
550 551 2
550 590 5
551 552 3
551 591 5
552 553 3
552 592 5
553 554 5
553 593 1
554 555 1
554 594 3
555 556 1
555 595 1
556 557 5
556 596 5
557 558 4
557 597 3
558 559 1
558 598 5
559 560 3
559 599 4
560 600 5
561 562 2
561 601 5
562 563 2
562 602 4
563 564 2
563 603 3
564 565 2
564 604 4
565 566 3
565 605 5
566 567 2
566 606 4
567 568 5
567 607 3
568 569 2
568 608 4
569 570 1
569 609 5
570 571 2
570 610 3
571 572 5
571 611 5
572 573 1
572 612 2
573 574 4
573 613 1
574 575 5
574 614 1
575 576 5
575 615 4
576 577 3
576 616 4
577 578 2
577 617 4
578 579 3
578 618 4
579 580 5
579 619 1
580 581 5
580 620 1
581 582 4
581 621 1
582 583 3
582 622 3
583 584 4
583 623 3
584 585 3
584 624 4
585 586 3
585 625 1
586 587 3
586 626 1
587 588 1
587 627 1
588 589 2
588 628 2
589 590 1
589 629 1
590 591 4
590 630 4
591 592 1
591 631 2
592 593 1
592 632 2
593 594 4
593 633 4
594 595 2
594 634 2
595 596 2
595 635 2
596 597 4
596 636 4
597 598 4
597 637 1
598 599 2
598 638 4
599 600 3
599 639 2
600 640 5
601 602 2
601 641 3
602 603 1
602 642 1
603 604 2
603 643 1
604 605 3
604 644 2
605 606 2
605 645 4
606 607 5
606 646 4
607 608 3
607 647 2
608 609 5
608 648 4
609 610 3
609 649 3
610 611 1
610 650 4
611 612 3
611 651 4
612 613 4
612 652 3
613 614 5
613 653 4
614 615 2
614 654 2
615 616 2
615 655 5
616 617 1
616 656 3
617 618 2
617 657 2
618 619 2
618 658 3
619 620 1
619 659 3
620 621 5
620 660 1
621 622 2
621 661 4
622 623 1
622 662 5
623 624 4
623 663 2
624 625 1
624 664 2
625 626 3
625 665 5
626 627 2
626 666 5
627 628 3
627 667 1
628 629 3
628 668 5
629 630 4
629 669 1
630 631 5
630 670 4
631 632 1
631 671 2
632 633 5
632 672 3
633 634 4
633 673 4
634 635 1
634 674 5
635 636 5
635 675 1
636 637 2
636 676 3
637 638 5
637 677 2
638 639 5
638 678 1
639 640 2
639 679 1
640 680 2
641 642 3
641 681 4
642 643 2
642 682 2
643 644 5
643 683 3
644 645 3
644 684 2
645 646 2
645 685 1
646 647 5
646 686 1
647 648 4
647 687 5
648 649 5
648 688 5
649 650 4
649 689 2
650 651 2
650 690 4
651 652 2
651 691 3
652 653 3
652 692 2
653 654 1
653 693 4
654 655 3
654 694 5
655 656 4
655 695 3
656 657 4
656 696 3
657 658 4
657 697 1
658 659 1
658 698 1
659 660 1
659 699 4
660 661 2
660 700 2
661 662 4
661 701 2
662 663 5
662 702 1
663 664 4
663 703 2
664 665 2
664 704 1
665 666 5
665 705 4
666 667 1
666 706 5
667 668 3
667 707 2
668 669 1
668 708 2
669 670 4
669 709 1
670 671 4
670 710 4
671 672 3
671 711 2
672 673 1
672 712 3
673 674 2
673 713 1
674 675 5
674 714 2
675 676 4
675 715 4
676 677 3
676 716 1
677 678 2
677 717 5
678 679 1
678 718 3
679 680 1
679 719 1
680 720 2
681 682 4
681 721 5
682 683 3
682 722 5
683 684 4
683 723 2
684 685 4
684 724 3
685 686 5
685 725 2
686 687 5
686 726 4
687 688 4
687 727 3
688 689 4
688 728 3
689 690 1
689 729 3
690 691 2
690 730 2
691 692 3
691 731 4
692 693 3
692 732 1
693 694 5
693 733 4
694 695 5
694 734 3
695 696 4
695 735 3
696 697 2
696 736 3
697 698 5
697 737 1
698 699 3
698 738 2
699 700 5
699 739 4
700 701 2
700 740 1
701 702 2
701 741 4
702 703 1
702 742 2
703 704 4
703 743 1
704 705 2
704 744 1
705 706 3
705 745 2
706 707 1
706 746 2
707 708 5
707 747 4
708 709 2
708 748 3
709 710 1
709 749 3
710 711 2
710 750 2
711 712 3
711 751 4
712 713 1
712 752 4
713 714 1
713 753 4
714 715 3
714 754 5
715 716 2
715 755 4
716 717 2
716 756 3
717 718 2
717 757 1
718 719 4
718 758 2
719 720 1
719 759 1
720 760 1
721 722 5
721 761 3
722 723 1
722 762 4
723 724 1
723 763 3
724 725 1
724 764 4
725 726 2
725 765 1
726 727 3
726 766 4
727 728 1
727 767 1
728 729 2
728 768 5
729 730 4
729 769 3
730 731 1
730 770 5
731 732 2
731 771 3
732 733 4
732 772 3
733 734 2
733 773 2
734 735 4
734 774 2
735 736 5
735 775 4
736 737 3
736 776 4
737 738 1
737 777 3
738 739 4
738 778 4
739 740 5
739 779 3
740 741 5
740 780 3
741 742 5
741 781 2
742 743 2
742 782 3
743 744 1
743 783 3
744 745 2
744 784 3
745 746 5
745 785 2
746 747 1
746 786 2
747 748 4
747 787 5
748 749 1
748 788 5
749 750 3
749 789 5
750 751 3
750 790 4
751 752 3
751 791 2
752 753 4
752 792 1
753 754 2
753 793 5
754 755 5
754 794 3
755 756 1
755 795 5
756 757 5
756 796 1
757 758 5
757 797 4
758 759 5
758 798 1
759 760 5
759 799 4
760 800 4
761 762 2
761 801 4
762 763 4
762 802 2
763 764 5
763 803 2
764 765 4
764 804 4
765 766 1
765 805 3
766 767 1
766 806 1
767 768 5
767 807 5
768 769 2
768 808 1
769 770 2
769 809 5
770 771 5
770 810 4
771 772 4
771 811 3
772 773 4
772 812 1
773 774 4
773 813 2
774 775 4
774 814 3
775 776 4
775 815 5
776 777 1
776 816 4
777 778 4
777 817 4
778 779 1
778 818 2
779 780 4
779 819 2
780 781 1
780 820 3
781 782 3
781 821 5
782 783 3
782 822 1
783 784 2
783 823 1
784 785 5
784 824 4
785 786 3
785 825 3
786 787 3
786 826 2
787 788 1
787 827 1
788 789 1
788 828 2
789 790 5
789 829 3
790 791 4
790 830 1
791 792 5
791 831 1
792 793 1
792 832 1
793 794 3
793 833 4
794 795 5
794 834 2
795 796 2
795 835 1
796 797 2
796 836 3
797 798 4
797 837 1
798 799 4
798 838 5
799 800 5
799 839 5
800 840 5
801 802 4
801 841 1
802 803 2
802 842 4
803 804 4
803 843 4
804 805 4
804 844 4
805 806 5
805 845 5
806 807 4
806 846 3
807 808 4
807 847 2
808 809 5
808 848 2
809 810 5
809 849 1
810 811 2
810 850 3
811 812 1
811 851 1
812 813 2
812 852 3
813 814 1
813 853 5
814 815 1
814 854 3
815 816 3
815 855 1
816 817 2
816 856 1
817 818 5
817 857 5
818 819 4
818 858 2
819 820 2
819 859 2
820 821 2
820 860 5
821 822 4
821 861 1
822 823 4
822 862 1
823 824 4
823 863 3
824 825 1
824 864 3
825 826 3
825 865 1
826 827 3
826 866 5
827 828 5
827 867 2
828 829 5
828 868 2
829 830 1
829 869 3
830 831 1
830 870 4
831 832 2
831 871 4
832 833 4
832 872 5
833 834 1
833 873 4
834 835 5
834 874 3
835 836 1
835 875 2
836 837 5
836 876 3
837 838 5
837 877 2
838 839 2
838 878 4
839 840 4
839 879 2
840 880 4
841 842 2
841 881 4
842 843 4
842 882 1
843 844 3
843 883 3
844 845 1
844 884 4
845 846 2
845 885 3
846 847 1
846 886 1
847 848 4
847 887 2
848 849 5
848 888 1
849 850 1
849 889 4
850 851 1
850 890 1
851 852 3
851 891 3
852 853 1
852 892 4
853 854 2
853 893 3
854 855 3
854 894 5
855 856 1
855 895 4
856 857 5
856 896 5
857 858 1
857 897 1
858 859 1
858 898 3
859 860 4
859 899 3
860 861 3
860 900 4
861 862 5
861 901 2
862 863 4
862 902 3
863 864 3
863 903 1
864 865 4
864 904 2
865 866 5
865 905 1
866 867 4
866 906 5
867 868 3
867 907 3
868 869 2
868 908 5
869 870 3
869 909 1
870 871 5
870 910 2
871 872 1
871 911 4
872 873 1
872 912 1
873 874 1
873 913 2
874 875 5
874 914 3
875 876 4
875 915 5
876 877 5
876 916 1
877 878 3
877 917 3
878 879 4
878 918 1
879 880 1
879 919 1
880 920 5
881 882 3
881 921 4
882 883 1
882 922 1
883 884 5
883 923 2
884 885 1
884 924 1
885 886 2
885 925 3
886 887 3
886 926 1
887 888 5
887 927 1
888 889 5
888 928 2
889 890 5
889 929 1
890 891 2
890 930 1
891 892 2
891 931 1
892 893 2
892 932 5
893 894 5
893 933 2
894 895 2
894 934 2
895 896 1
895 935 2
896 897 4
896 936 1
897 898 4
897 937 3
898 899 5
898 938 1
899 900 4
899 939 3
900 901 2
900 940 5
901 902 4
901 941 2
902 903 3
902 942 4
903 904 1
903 943 5
904 905 3
904 944 1
905 906 3
905 945 5
906 907 5
906 946 5
907 908 2
907 947 3
908 909 3
908 948 4
909 910 2
909 949 4
910 911 3
910 950 5
911 912 5
911 951 2
912 913 2
912 952 4
913 914 4
913 953 5
914 915 2
914 954 4
915 916 4
915 955 4
916 917 4
916 956 1
917 918 2
917 957 4
918 919 1
918 958 1
919 920 5
919 959 5
920 960 2
921 922 5
921 961 3
922 923 1
922 962 3
923 924 5
923 963 2
924 925 5
924 964 4
925 926 3
925 965 1
926 927 1
926 966 5
927 928 4
927 967 3
928 929 1
928 968 3
929 930 2
929 969 4
930 931 4
930 970 1
931 932 5
931 971 4
932 933 1
932 972 4
933 934 2
933 973 4
934 935 3
934 974 2
935 936 2
935 975 3
936 937 3
936 976 3
937 938 2
937 977 5
938 939 1
938 978 3
939 940 1
939 979 2
940 941 3
940 980 5
941 942 1
941 981 3
942 943 3
942 982 4
943 944 5
943 983 5
944 945 2
944 984 5
945 946 2
945 985 2
946 947 2
946 986 5
947 948 3
947 987 5
948 949 5
948 988 3
949 950 4
949 989 1
950 951 5
950 990 5
951 952 4
951 991 3
952 953 3
952 992 3
953 954 5
953 993 1
954 955 5
954 994 5
955 956 5
955 995 5
956 957 3
956 996 2
957 958 2
957 997 3
958 959 4
958 998 5
959 960 3
959 999 4
960 1000 4
961 962 5
961 1001 4
962 963 1
962 1002 3
963 964 3
963 1003 3
964 965 1
964 1004 5
965 966 4
965 1005 2
966 967 5
966 1006 3
967 968 2
967 1007 4
968 969 3
968 1008 3
969 970 2
969 1009 2
970 971 1
970 1010 1
971 972 2
971 1011 4
972 973 2
972 1012 4
973 974 1
973 1013 4
974 975 1
974 1014 4
975 976 1
975 1015 4
976 977 2
976 1016 4
977 978 5
977 1017 2
978 979 1
978 1018 2
979 980 4
979 1019 4
980 981 2
980 1020 5
981 982 5
981 1021 5
982 983 5
982 1022 4
983 984 1
983 1023 1
984 985 3
984 1024 4
985 986 4
985 1025 1
986 987 1
986 1026 1
987 988 1
987 1027 3
988 989 3
988 1028 2
989 990 3
989 1029 4
990 991 1
990 1030 1
991 992 4
991 1031 2
992 993 1
992 1032 1
993 994 5
993 1033 3
994 995 5
994 1034 2
995 996 3
995 1035 1
996 997 1
996 1036 4
997 998 3
997 1037 3
998 999 1
998 1038 3
999 1000 1
999 1039 1
1000 1040 1
1001 1002 2
1001 1041 4
1002 1003 2
1002 1042 5
1003 1004 4
1003 1043 4
1004 1005 2
1004 1044 4
1005 1006 1
1005 1045 1
1006 1007 3
1006 1046 4
1007 1008 4
1007 1047 4
1008 1009 2
1008 1048 5
1009 1010 3
1009 1049 3
1010 1011 4
1010 1050 1
1011 1012 4
1011 1051 1
1012 1013 2
1012 1052 5
1013 1014 3
1013 1053 3
1014 1015 2
1014 1054 3
1015 1016 4
1015 1055 3
1016 1017 4
1016 1056 3
1017 1018 4
1017 1057 5
1018 1019 3
1018 1058 4
1019 1020 2
1019 1059 4
1020 1021 5
1020 1060 2
1021 1022 4
1021 1061 3
1022 1023 2
1022 1062 1
1023 1024 5
1023 1063 5
1024 1025 2
1024 1064 5
1025 1026 1
1025 1065 1
1026 1027 1
1026 1066 5
1027 1028 4
1027 1067 2
1028 1029 1
1028 1068 1
1029 1030 3
1029 1069 5
1030 1031 5
1030 1070 4
1031 1032 5
1031 1071 5
1032 1033 4
1032 1072 4
1033 1034 2
1033 1073 4
1034 1035 1
1034 1074 4
1035 1036 5
1035 1075 3
1036 1037 4
1036 1076 3
1037 1038 4
1037 1077 5
1038 1039 2
1038 1078 5
1039 1040 1
1039 1079 2
1040 1080 2
1041 1042 1
1041 1081 1
1042 1043 1
1042 1082 5
1043 1044 5
1043 1083 5
1044 1045 5
1044 1084 4
1045 1046 3
1045 1085 5
1046 1047 2
1046 1086 5
1047 1048 4
1047 1087 3
1048 1049 3
1048 1088 1
1049 1050 1
1049 1089 1
1050 1051 3
1050 1090 3
1051 1052 5
1051 1091 1
1052 1053 3
1052 1092 4
1053 1054 4
1053 1093 1
1054 1055 3
1054 1094 5
1055 1056 5
1055 1095 2
1056 1057 2
1056 1096 5
1057 1058 5
1057 1097 2
1058 1059 2
1058 1098 2
1059 1060 5
1059 1099 4
1060 1061 5
1060 1100 3
1061 1062 4
1061 1101 5
1062 1063 2
1062 1102 3
1063 1064 2
1063 1103 1
1064 1065 3
1064 1104 5
1065 1066 1
1065 1105 5
1066 1067 3
1066 1106 4
1067 1068 2
1067 1107 4
1068 1069 3
1068 1108 2
1069 1070 4
1069 1109 2
1070 1071 2
1070 1110 3
1071 1072 3
1071 1111 4
1072 1073 4
1072 1112 1
1073 1074 4
1073 1113 2
1074 1075 5
1074 1114 3
1075 1076 4
1075 1115 1
1076 1077 2
1076 1116 1
1077 1078 3
1077 1117 2
1078 1079 2
1078 1118 3
1079 1080 3
1079 1119 3
1080 1120 4
1081 1082 5
1081 1121 5
1082 1083 4
1082 1122 5
1083 1084 2
1083 1123 3
1084 1085 3
1084 1124 1
1085 1086 4
1085 1125 1
1086 1087 1
1086 1126 4
1087 1088 1
1087 1127 4
1088 1089 4
1088 1128 2
1089 1090 4
1089 1129 3
1090 1091 5
1090 1130 2
1091 1092 4
1091 1131 4
1092 1093 2
1092 1132 4
1093 1094 3
1093 1133 2
1094 1095 1
1094 1134 3
1095 1096 4
1095 1135 2
1096 1097 2
1096 1136 3
1097 1098 2
1097 1137 5
1098 1099 2
1098 1138 3
1099 1100 3
1099 1139 4
1100 1101 1
1100 1140 3
1101 1102 1
1101 1141 3
1102 1103 3
1102 1142 5
1103 1104 2
1103 1143 3
1104 1105 4
1104 1144 2
1105 1106 4
1105 1145 1
1106 1107 4
1106 1146 5
1107 1108 2
1107 1147 5
1108 1109 3
1108 1148 2
1109 1110 2
1109 1149 3
1110 1111 5
1110 1150 2
1111 1112 5
1111 1151 4
1112 1113 3
1112 1152 3
1113 1114 3
1113 1153 5
1114 1115 2
1114 1154 4
1115 1116 1
1115 1155 2
1116 1117 2
1116 1156 5
1117 1118 3
1117 1157 2
1118 1119 2
1118 1158 4
1119 1120 3
1119 1159 5
1120 1160 5
1121 1122 2
1121 1161 4
1122 1123 4
1122 1162 2
1123 1124 2
1123 1163 1
1124 1125 3
1124 1164 3
1125 1126 4
1125 1165 3
1126 1127 3
1126 1166 4
1127 1128 3
1127 1167 5
1128 1129 5
1128 1168 4
1129 1130 4
1129 1169 3
1130 1131 2
1130 1170 3
1131 1132 1
1131 1171 1
1132 1133 5
1132 1172 5
1133 1134 1
1133 1173 5
1134 1135 5
1134 1174 1
1135 1136 1
1135 1175 5
1136 1137 5
1136 1176 4
1137 1138 1
1137 1177 4
1138 1139 2
1138 1178 4
1139 1140 5
1139 1179 4
1140 1141 1
1140 1180 5
1141 1142 5
1141 1181 5
1142 1143 4
1142 1182 4
1143 1144 1
1143 1183 1
1144 1145 2
1144 1184 5
1145 1146 4
1145 1185 2
1146 1147 3
1146 1186 1
1147 1148 3
1147 1187 3
1148 1149 3
1148 1188 3
1149 1150 3
1149 1189 3
1150 1151 1
1150 1190 1
1151 1152 2
1151 1191 2
1152 1153 2
1152 1192 4
1153 1154 4
1153 1193 1
1154 1155 5
1154 1194 2
1155 1156 4
1155 1195 5
1156 1157 2
1156 1196 2
1157 1158 3
1157 1197 4
1158 1159 1
1158 1198 1
1159 1160 5
1159 1199 2
1160 1200 5
1161 1162 4
1161 1201 2
1162 1163 5
1162 1202 4
1163 1164 4
1163 1203 1
1164 1165 5
1164 1204 1
1165 1166 4
1165 1205 5
1166 1167 3
1166 1206 4
1167 1168 2
1167 1207 5
1168 1169 2
1168 1208 1
1169 1170 2
1169 1209 3
1170 1171 2
1170 1210 4
1171 1172 1
1171 1211 1
1172 1173 5
1172 1212 3
1173 1174 5
1173 1213 1
1174 1175 3
1174 1214 4
1175 1176 3
1175 1215 5
1176 1177 5
1176 1216 2
1177 1178 5
1177 1217 1
1178 1179 4
1178 1218 4
1179 1180 5
1179 1219 3
1180 1181 1
1180 1220 1
1181 1182 3
1181 1221 1
1182 1183 2
1182 1222 2
1183 1184 1
1183 1223 3
1184 1185 2
1184 1224 2
1185 1186 2
1185 1225 2
1186 1187 4
1186 1226 3
1187 1188 4
1187 1227 1
1188 1189 5
1188 1228 3
1189 1190 4
1189 1229 2
1190 1191 4
1190 1230 2
1191 1192 5
1191 1231 3
1192 1193 4
1192 1232 2
1193 1194 3
1193 1233 1
1194 1195 3
1194 1234 1
1195 1196 5
1195 1235 1
1196 1197 3
1196 1236 4
1197 1198 4
1197 1237 3
1198 1199 1
1198 1238 5
1199 1200 3
1199 1239 2
1200 1240 1
1201 1202 5
1201 1241 1
1202 1203 3
1202 1242 1
1203 1204 2
1203 1243 5
1204 1205 1
1204 1244 3
1205 1206 2
1205 1245 3
1206 1207 3
1206 1246 5
1207 1208 3
1207 1247 2
1208 1209 3
1208 1248 4
1209 1210 1
1209 1249 4
1210 1211 3
1210 1250 2
1211 1212 2
1211 1251 1
1212 1213 2
1212 1252 3
1213 1214 1
1213 1253 1
1214 1215 5
1214 1254 3
1215 1216 5
1215 1255 3
1216 1217 4
1216 1256 1
1217 1218 4
1217 1257 3
1218 1219 2
1218 1258 5
1219 1220 4
1219 1259 4
1220 1221 2
1220 1260 1
1221 1222 4
1221 1261 3
1222 1223 2
1222 1262 5
1223 1224 5
1223 1263 5
1224 1225 1
1224 1264 4
1225 1226 3
1225 1265 2
1226 1227 5
1226 1266 1
1227 1228 5
1227 1267 5
1228 1229 5
1228 1268 2
1229 1230 2
1229 1269 3
1230 1231 4
1230 1270 4
1231 1232 4
1231 1271 3
1232 1233 5
1232 1272 2
1233 1234 4
1233 1273 3
1234 1235 2
1234 1274 3
1235 1236 2
1235 1275 4
1236 1237 4
1236 1276 1
1237 1238 2
1237 1277 3
1238 1239 5
1238 1278 2
1239 1240 2
1239 1279 2
1240 1280 2
1241 1242 4
1241 1281 4
1242 1243 5
1242 1282 1
1243 1244 3
1243 1283 3
1244 1245 4
1244 1284 4
1245 1246 3
1245 1285 1
1246 1247 4
1246 1286 4
1247 1248 4
1247 1287 2
1248 1249 5
1248 1288 3
1249 1250 3
1249 1289 3
1250 1251 2
1250 1290 3
1251 1252 4
1251 1291 5
1252 1253 3
1252 1292 4
1253 1254 2
1253 1293 3
1254 1255 5
1254 1294 4
1255 1256 4
1255 1295 5
1256 1257 1
1256 1296 1
1257 1258 1
1257 1297 1
1258 1259 2
1258 1298 3
1259 1260 5
1259 1299 5
1260 1261 1
1260 1300 1
1261 1262 1
1261 1301 5
1262 1263 2
1262 1302 3
1263 1264 5
1263 1303 4
1264 1265 2
1264 1304 5
1265 1266 1
1265 1305 5
1266 1267 2
1266 1306 2
1267 1268 2
1267 1307 4
1268 1269 4
1268 1308 2
1269 1270 5
1269 1309 1
1270 1271 1
1270 1310 2
1271 1272 1
1271 1311 3
1272 1273 5
1272 1312 5
1273 1274 5
1273 1313 3
1274 1275 3
1274 1314 2
1275 1276 5
1275 1315 1
1276 1277 2
1276 1316 1
1277 1278 4
1277 1317 5
1278 1279 1
1278 1318 4
1279 1280 4
1279 1319 2
1280 1320 3
1281 1282 5
1281 1321 3
1282 1283 1
1282 1322 4
1283 1284 1
1283 1323 1
1284 1285 5
1284 1324 5
1285 1286 1
1285 1325 5
1286 1287 5
1286 1326 1
1287 1288 4
1287 1327 5
1288 1289 3
1288 1328 4
1289 1290 3
1289 1329 4
1290 1291 2
1290 1330 4
1291 1292 2
1291 1331 1
1292 1293 5
1292 1332 3
1293 1294 5
1293 1333 2
1294 1295 4
1294 1334 1
1295 1296 1
1295 1335 3
1296 1297 2
1296 1336 5
1297 1298 4
1297 1337 1
1298 1299 2
1298 1338 3
1299 1300 4
1299 1339 5
1300 1301 3
1300 1340 2
1301 1302 1
1301 1341 1
1302 1303 4
1302 1342 1
1303 1304 3
1303 1343 5
1304 1305 4
1304 1344 3
1305 1306 1
1305 1345 5
1306 1307 5
1306 1346 2
1307 1308 1
1307 1347 4
1308 1309 1
1308 1348 5
1309 1310 2
1309 1349 2
1310 1311 1
1310 1350 2
1311 1312 1
1311 1351 3
1312 1313 4
1312 1352 1
1313 1314 3
1313 1353 1
1314 1315 1
1314 1354 4
1315 1316 5
1315 1355 1
1316 1317 1
1316 1356 3
1317 1318 4
1317 1357 3
1318 1319 3
1318 1358 1
1319 1320 5
1319 1359 2
1320 1360 3
1321 1322 4
1321 1361 4
1322 1323 5
1322 1362 3
1323 1324 4
1323 1363 2
1324 1325 2
1324 1364 1
1325 1326 1
1325 1365 1
1326 1327 3
1326 1366 3
1327 1328 5
1327 1367 3
1328 1329 4
1328 1368 4
1329 1330 3
1329 1369 2
1330 1331 2
1330 1370 1
1331 1332 2
1331 1371 3
1332 1333 2
1332 1372 5
1333 1334 3
1333 1373 5
1334 1335 2
1334 1374 1
1335 1336 1
1335 1375 5
1336 1337 1
1336 1376 4
1337 1338 5
1337 1377 4
1338 1339 2
1338 1378 3
1339 1340 1
1339 1379 3
1340 1341 5
1340 1380 1
1341 1342 4
1341 1381 4
1342 1343 4
1342 1382 2
1343 1344 4
1343 1383 1
1344 1345 4
1344 1384 3
1345 1346 3
1345 1385 1
1346 1347 5
1346 1386 3
1347 1348 1
1347 1387 4
1348 1349 3
1348 1388 3
1349 1350 2
1349 1389 2
1350 1351 2
1350 1390 1
1351 1352 1
1351 1391 2
1352 1353 2
1352 1392 5
1353 1354 3
1353 1393 3
1354 1355 2
1354 1394 3
1355 1356 3
1355 1395 5
1356 1357 2
1356 1396 5
1357 1358 1
1357 1397 4
1358 1359 2
1358 1398 2
1359 1360 3
1359 1399 2
1360 1400 5
1361 1362 2
1361 1401 2
1362 1363 3
1362 1402 1
1363 1364 5
1363 1403 4
1364 1365 5
1364 1404 1
1365 1366 2
1365 1405 3
1366 1367 1
1366 1406 5
1367 1368 5
1367 1407 5
1368 1369 5
1368 1408 1
1369 1370 1
1369 1409 2
1370 1371 4
1370 1410 5
1371 1372 3
1371 1411 1
1372 1373 4
1372 1412 2
1373 1374 1
1373 1413 4
1374 1375 2
1374 1414 5
1375 1376 4
1375 1415 2
1376 1377 1
1376 1416 2
1377 1378 2
1377 1417 2
1378 1379 4
1378 1418 1
1379 1380 5
1379 1419 3
1380 1381 4
1380 1420 4
1381 1382 2
1381 1421 5
1382 1383 5
1382 1422 2
1383 1384 3
1383 1423 5
1384 1385 1
1384 1424 1
1385 1386 2
1385 1425 1
1386 1387 2
1386 1426 1
1387 1388 1
1387 1427 5
1388 1389 2
1388 1428 2
1389 1390 5
1389 1429 3
1390 1391 2
1390 1430 3
1391 1392 3
1391 1431 2
1392 1393 4
1392 1432 2
1393 1394 4
1393 1433 5
1394 1395 1
1394 1434 5
1395 1396 4
1395 1435 1
1396 1397 4
1396 1436 4
1397 1398 2
1397 1437 5
1398 1399 1
1398 1438 1
1399 1400 1
1399 1439 1
1400 1440 1
1401 1402 4
1401 1441 1
1402 1403 1
1402 1442 2
1403 1404 4
1403 1443 4
1404 1405 1
1404 1444 1
1405 1406 2
1405 1445 1
1406 1407 5
1406 1446 4
1407 1408 3
1407 1447 1
1408 1409 4
1408 1448 2
1409 1410 4
1409 1449 1
1410 1411 1
1410 1450 1
1411 1412 4
1411 1451 3
1412 1413 2
1412 1452 3
1413 1414 5
1413 1453 5
1414 1415 4
1414 1454 2
1415 1416 1
1415 1455 1
1416 1417 4
1416 1456 4
1417 1418 4
1417 1457 1
1418 1419 5
1418 1458 4
1419 1420 2
1419 1459 2
1420 1421 5
1420 1460 5
1421 1422 5
1421 1461 1
1422 1423 2
1422 1462 1
1423 1424 4
1423 1463 4
1424 1425 5
1424 1464 4
1425 1426 4
1425 1465 2
1426 1427 5
1426 1466 1
1427 1428 5
1427 1467 2
1428 1429 5
1428 1468 5
1429 1430 1
1429 1469 5
1430 1431 4
1430 1470 5
1431 1432 4
1431 1471 1
1432 1433 2
1432 1472 1
1433 1434 3
1433 1473 1
1434 1435 3
1434 1474 4
1435 1436 3
1435 1475 2
1436 1437 3
1436 1476 3
1437 1438 5
1437 1477 5
1438 1439 3
1438 1478 5
1439 1440 1
1439 1479 3
1440 1480 1
1441 1442 2
1441 1481 5
1442 1443 2
1442 1482 3
1443 1444 1
1443 1483 5
1444 1445 1
1444 1484 5
1445 1446 3
1445 1485 2
1446 1447 4
1446 1486 4
1447 1448 4
1447 1487 3
1448 1449 2
1448 1488 2
1449 1450 2
1449 1489 2
1450 1451 5
1450 1490 3
1451 1452 2
1451 1491 5
1452 1453 4
1452 1492 1
1453 1454 4
1453 1493 1
1454 1455 1
1454 1494 2
1455 1456 5
1455 1495 1
1456 1457 4
1456 1496 1
1457 1458 5
1457 1497 1
1458 1459 2
1458 1498 1
1459 1460 3
1459 1499 3
1460 1461 4
1460 1500 4
1461 1462 2
1461 1501 2
1462 1463 4
1462 1502 1
1463 1464 1
1463 1503 1
1464 1465 5
1464 1504 2
1465 1466 5
1465 1505 5
1466 1467 1
1466 1506 5
1467 1468 2
1467 1507 3
1468 1469 1
1468 1508 5
1469 1470 1
1469 1509 3
1470 1471 5
1470 1510 2
1471 1472 4
1471 1511 3
1472 1473 2
1472 1512 4
1473 1474 3
1473 1513 3
1474 1475 3
1474 1514 5
1475 1476 2
1475 1515 2
1476 1477 4
1476 1516 2
1477 1478 4
1477 1517 2
1478 1479 4
1478 1518 1
1479 1480 3
1479 1519 1
1480 1520 2
1481 1482 2
1481 1521 2
1482 1483 1
1482 1522 1
1483 1484 4
1483 1523 1
1484 1485 1
1484 1524 1
1485 1486 3
1485 1525 5
1486 1487 2
1486 1526 4
1487 1488 3
1487 1527 1
1488 1489 3
1488 1528 3
1489 1490 2
1489 1529 2
1490 1491 2
1490 1530 4
1491 1492 2
1491 1531 5
1492 1493 2
1492 1532 2
1493 1494 2
1493 1533 3
1494 1495 1
1494 1534 4
1495 1496 1
1495 1535 1
1496 1497 1
1496 1536 3
1497 1498 1
1497 1537 4
1498 1499 3
1498 1538 2
1499 1500 4
1499 1539 3
1500 1501 1
1500 1540 1
1501 1502 5
1501 1541 3
1502 1503 1
1502 1542 2
1503 1504 3
1503 1543 1
1504 1505 4
1504 1544 4
1505 1506 1
1505 1545 4
1506 1507 4
1506 1546 1
1507 1508 5
1507 1547 2
1508 1509 4
1508 1548 3
1509 1510 3
1509 1549 1
1510 1511 5
1510 1550 5
1511 1512 1
1511 1551 5
1512 1513 1
1512 1552 3
1513 1514 2
1513 1553 1
1514 1515 2
1514 1554 1
1515 1516 2
1515 1555 3
1516 1517 1
1516 1556 2
1517 1518 2
1517 1557 4
1518 1519 3
1518 1558 4
1519 1520 4
1519 1559 1
1520 1560 3
1521 1522 5
1521 1561 3
1522 1523 2
1522 1562 1
1523 1524 4
1523 1563 2
1524 1525 3
1524 1564 3
1525 1526 3
1525 1565 5
1526 1527 4
1526 1566 5
1527 1528 5
1527 1567 1
1528 1529 1
1528 1568 4
1529 1530 2
1529 1569 3
1530 1531 4
1530 1570 3
1531 1532 5
1531 1571 4
1532 1533 3
1532 1572 4
1533 1534 3
1533 1573 5
1534 1535 5
1534 1574 4
1535 1536 2
1535 1575 3
1536 1537 5
1536 1576 1
1537 1538 5
1537 1577 3
1538 1539 5
1538 1578 3
1539 1540 1
1539 1579 4
1540 1541 2
1540 1580 3
1541 1542 4
1541 1581 4
1542 1543 4
1542 1582 2
1543 1544 1
1543 1583 1
1544 1545 2
1544 1584 5
1545 1546 2
1545 1585 4
1546 1547 2
1546 1586 2
1547 1548 2
1547 1587 4
1548 1549 5
1548 1588 3
1549 1550 3
1549 1589 2
1550 1551 4
1550 1590 4
1551 1552 5
1551 1591 4
1552 1553 2
1552 1592 5
1553 1554 2
1553 1593 1
1554 1555 3
1554 1594 3
1555 1556 1
1555 1595 5
1556 1557 5
1556 1596 2
1557 1558 1
1557 1597 1
1558 1559 5
1558 1598 4
1559 1560 3
1559 1599 4
1560 1600 4
1561 1562 1
1562 1563 4
1563 1564 1
1564 1565 4
1565 1566 5
1566 1567 4
1567 1568 3
1568 1569 2
1569 1570 4
1570 1571 4
1571 1572 5
1572 1573 2
1573 1574 2
1574 1575 4
1575 1576 3
1576 1577 2
1577 1578 4
1578 1579 4
1579 1580 3
1580 1581 5
1581 1582 3
1582 1583 2
1583 1584 1
1584 1585 1
1585 1586 1
1586 1587 2
1587 1588 3
1588 1589 1
1589 1590 4
1590 1591 3
1591 1592 2
1592 1593 2
1593 1594 3
1594 1595 2
1595 1596 3
1596 1597 5
1597 1598 2
1598 1599 5
1599 1600 3
1 1561 5
2 1562 1
3 1563 5
4 1564 2
5 1565 3
6 1566 1
7 1567 5
8 1568 1
9 1569 3
10 1570 5
11 1571 2
12 1572 1
13 1573 1
14 1574 4
15 1575 5
16 1576 5
17 1577 3
18 1578 5
19 1579 2
20 1580 5
21 1581 2
22 1582 2
23 1583 4
24 1584 2
25 1585 4
26 1586 4
27 1587 5
28 1588 4
29 1589 4
30 1590 1
31 1591 3
32 1592 2
33 1593 1
34 1594 3
35 1595 4
36 1596 2
37 1597 4
38 1598 3
39 1599 3
40 1600 2
1 40 4
41 80 2
81 120 1
121 160 3
161 200 5
201 240 1
241 280 1
281 320 5
321 360 3
361 400 2
401 440 2
441 480 3
481 520 2
521 560 5
561 600 2
601 640 2
641 680 3
681 720 3
721 760 2
761 800 3
801 840 5
841 880 5
881 920 2
921 960 2
961 1000 5
1001 1040 4
1041 1080 5
1081 1120 3
1121 1160 3
1161 1200 2
1201 1240 3
1241 1280 4
1281 1320 1
1321 1360 5
1361 1400 3
1401 1440 4
1441 1480 1
1481 1520 2
1521 1560 2
1561 1600 5
