784 1568
1 2 1
1 29 1
2 3 5
2 30 2
3 4 4
3 31 3
4 5 4
4 32 2
5 6 1
5 33 4
6 7 1
6 34 2
7 8 5
7 35 4
8 9 4
8 36 2
9 10 4
9 37 3
10 11 4
10 38 5
11 12 2
11 39 5
12 13 2
12 40 2
13 14 3
13 41 5
14 15 3
14 42 4
15 16 1
15 43 5
16 17 1
16 44 4
17 18 2
17 45 1
18 19 2
18 46 3
19 20 2
19 47 5
20 21 2
20 48 1
21 22 2
21 49 2
22 23 3
22 50 1
23 24 5
23 51 2
24 25 1
24 52 2
25 26 5
25 53 1
26 27 1
26 54 5
27 28 4
27 55 1
28 56 3
29 30 4
29 57 5
30 31 4
30 58 2
31 32 1
31 59 2
32 33 1
32 60 4
33 34 1
33 61 2
34 35 4
34 62 4
35 36 5
35 63 4
36 37 4
36 64 3
37 38 3
37 65 3
38 39 3
38 66 5
39 40 2
39 67 1
40 41 2
40 68 5
41 42 3
41 69 5
42 43 4
42 70 5
43 44 2
43 71 3
44 45 2
44 72 5
45 46 4
45 73 2
46 47 5
46 74 4
47 48 1
47 75 2
48 49 3
48 76 5
49 50 3
49 77 1
50 51 4
50 78 4
51 52 5
51 79 1
52 53 2
52 80 3
53 54 3
53 81 2
54 55 2
54 82 2
55 56 1
55 83 5
56 84 4
57 58 2
57 85 1
58 59 1
58 86 3
59 60 2
59 87 5
60 61 1
60 88 1
61 62 1
61 89 3
62 63 4
62 90 2
63 64 4
63 91 2
64 65 3
64 92 1
65 66 1
65 93 1
66 67 3
66 94 2
67 68 4
67 95 3
68 69 4
68 96 2
69 70 4
69 97 1
70 71 5
70 98 3
71 72 5
71 99 4
72 73 5
72 100 3
73 74 5
73 101 3
74 75 2
74 102 2
75 76 5
75 103 1
76 77 4
76 104 5
77 78 2
77 105 5
78 79 4
78 106 5
79 80 5
79 107 4
80 81 5
80 108 5
81 82 3
81 109 3
82 83 4
82 110 5
83 84 3
83 111 2
84 112 5
85 86 1
85 113 5
86 87 3
86 114 3
87 88 1
87 115 3
88 89 5
88 116 1
89 90 1
89 117 4
90 91 2
90 118 4
91 92 4
91 119 5
92 93 3
92 120 3
93 94 4
93 121 3
94 95 2
94 122 2
95 96 4
95 123 4
96 97 3
96 124 4
97 98 1
97 125 3
98 99 1
98 126 3
99 100 3
99 127 5
100 101 3
100 128 2
101 102 4
101 129 3
102 103 4
102 130 5
103 104 1
103 131 2
104 105 1
104 132 3
105 106 1
105 133 3
106 107 3
106 134 5
107 108 1
107 135 4
108 109 2
108 136 3
109 110 1
109 137 1
110 111 1
110 138 3
111 112 2
111 139 1
112 140 4
113 114 5
113 141 3
114 115 5
114 142 4
115 116 4
115 143 3
116 117 3
116 144 3
117 118 3
117 145 2
118 119 3
118 146 5
119 120 5
119 147 4
120 121 5
120 148 5
121 122 4
121 149 1
122 123 2
122 150 1
123 124 5
123 151 1
124 125 2
124 152 3
125 126 3
125 153 4
126 127 4
126 154 4
127 128 2
127 155 5
128 129 3
128 156 3
129 130 3
129 157 2
130 131 1
130 158 4
131 132 3
131 159 3
132 133 4
132 160 3
133 134 4
133 161 3
134 135 5
134 162 5
135 136 1
135 163 5
136 137 5
136 164 4
137 138 4
137 165 3
138 139 2
138 166 4
139 140 5
139 167 5
140 168 5
141 142 2
141 169 4
142 143 3
142 170 2
143 144 5
143 171 3
144 145 2
144 172 1
145 146 3
145 173 5
146 147 1
146 174 5
147 148 5
147 175 4
148 149 5
148 176 2
149 150 1
149 177 3
150 151 3
150 178 4
151 152 5
151 179 5
152 153 2
152 180 2
153 154 2
153 181 3
154 155 4
154 182 3
155 156 4
155 183 3
156 157 5
156 184 5
157 158 4
157 185 1
158 159 2
158 186 4
159 160 4
159 187 4
160 161 1
160 188 1
161 162 5
161 189 4
162 163 5
162 190 1
163 164 4
163 191 3
164 165 5
164 192 1
165 166 3
165 193 5
166 167 3
166 194 4
167 168 1
167 195 2
168 196 3
169 170 2
169 197 2
170 171 3
170 198 4
171 172 5
171 199 2
172 173 5
172 200 3
173 174 3
173 201 3
174 175 3
174 202 4
175 176 3
175 203 2
176 177 5
176 204 1
177 178 4
177 205 2
178 179 3
178 206 2
179 180 4
179 207 4
180 181 5
180 208 1
181 182 1
181 209 4
182 183 1
182 210 4
183 184 5
183 211 1
184 185 4
184 212 2
185 186 2
185 213 5
186 187 2
186 214 1
187 188 3
187 215 5
188 189 5
188 216 2
189 190 2
189 217 5
190 191 1
190 218 3
191 192 2
191 219 3
192 193 2
192 220 2
193 194 5
193 221 3
194 195 2
194 222 1
195 196 5
195 223 1
196 224 4
197 198 3
197 225 2
198 199 1
198 226 4
199 200 5
199 227 4
200 201 3
200 228 2
201 202 3
201 229 1
202 203 5
202 230 5
203 204 3
203 231 2
204 205 1
204 232 2
205 206 1
205 233 3
206 207 1
206 234 3
207 208 2
207 235 4
208 209 2
208 236 5
209 210 1
209 237 4
210 211 3
210 238 2
211 212 4
211 239 2
212 213 5
212 240 3
213 214 3
213 241 3
214 215 4
214 242 2
215 216 5
215 243 3
216 217 2
216 244 1
217 218 5
217 245 1
218 219 4
218 246 3
219 220 4
219 247 5
220 221 2
220 248 5
221 222 2
221 249 5
222 223 2
222 250 4
223 224 3
223 251 4
224 252 1
225 226 1
225 253 4
226 227 2
226 254 4
227 228 1
227 255 5
228 229 1
228 256 5
229 230 2
229 257 4
230 231 3
230 258 2
231 232 2
231 259 1
232 233 4
232 260 5
233 234 3
233 261 1
234 235 5
234 262 4
235 236 3
235 263 5
236 237 3
236 264 2
237 238 1
237 265 1
238 239 5
238 266 5
239 240 5
239 267 5
240 241 5
240 268 2
241 242 2
241 269 3
242 243 1
242 270 2
243 244 1
243 271 5
244 245 1
244 272 1
245 246 2
245 273 3
246 247 2
246 274 4
247 248 4
247 275 4
248 249 4
248 276 1
249 250 3
249 277 2
250 251 4
250 278 1
251 252 2
251 279 1
252 280 3
253 254 5
253 281 2
254 255 1
254 282 1
255 256 5
255 283 1
256 257 4
256 284 3
257 258 4
257 285 4
258 259 2
258 286 4
259 260 4
259 287 2
260 261 3
260 288 2
261 262 1
261 289 3
262 263 5
262 290 5
263 264 1
263 291 3
264 265 5
264 292 1
265 266 1
265 293 4
266 267 1
266 294 3
267 268 3
267 295 2
268 269 1
268 296 5
269 270 2
269 297 1
270 271 2
270 298 5
271 272 3
271 299 4
272 273 4
272 300 2
273 274 1
273 301 5
274 275 5
274 302 1
275 276 3
275 303 5
276 277 1
276 304 3
277 278 1
277 305 3
278 279 5
278 306 1
279 280 3
279 307 2
280 308 3
281 282 1
281 309 1
282 283 5
282 310 1
283 284 1
283 311 4
284 285 5
284 312 5
285 286 5
285 313 3
286 287 4
286 314 5
287 288 5
287 315 3
288 289 4
288 316 3
289 290 3
289 317 2
290 291 3
290 318 2
291 292 2
291 319 4
292 293 5
292 320 4
293 294 2
293 321 2
294 295 5
294 322 5
295 296 1
295 323 4
296 297 4
296 324 2
297 298 4
297 325 2
298 299 4
298 326 5
299 300 5
299 327 2
300 301 1
300 328 4
301 302 5
301 329 1
302 303 4
302 330 2
303 304 5
303 331 4
304 305 3
304 332 4
305 306 4
305 333 4
306 307 5
306 334 3
307 308 2
307 335 1
308 336 5
309 310 4
309 337 2
310 311 2
310 338 5
311 312 4
311 339 5
312 313 2
312 340 1
313 314 4
313 341 3
314 315 4
314 342 1
315 316 5
315 343 4
316 317 5
316 344 2
317 318 2
317 345 2
318 319 4
318 346 3
319 320 3
319 347 1
320 321 5
320 348 3
321 322 2
321 349 3
322 323 5
322 350 2
323 324 5
323 351 4
324 325 3
324 352 2
325 326 3
325 353 1
326 327 4
326 354 1
327 328 3
327 355 4
328 329 1
328 356 3
329 330 2
329 357 1
330 331 2
330 358 3
331 332 5
331 359 5
332 333 4
332 360 3
333 334 2
333 361 3
334 335 5
334 362 1
335 336 1
335 363 4
336 364 1
337 338 4
337 365 3
338 339 1
338 366 1
339 340 1
339 367 5
340 341 1
340 368 3
341 342 1
341 369 2
342 343 4
342 370 3
343 344 2
343 371 5
344 345 2
344 372 3
345 346 5
345 373 4
346 347 5
346 374 3
347 348 4
347 375 4
348 349 1
348 376 2
349 350 5
349 377 3
350 351 1
350 378 1
351 352 2
351 379 3
352 353 5
352 380 2
353 354 1
353 381 4
354 355 1
354 382 1
355 356 3
355 383 1
356 357 4
356 384 5
357 358 3
357 385 4
358 359 2
358 386 2
359 360 1
359 387 5
360 361 4
360 388 2
361 362 1
361 389 4
362 363 1
362 390 5
363 364 5
363 391 1
364 392 3
365 366 5
365 393 2
366 367 5
366 394 1
367 368 4
367 395 4
368 369 5
368 396 2
369 370 3
369 397 2
370 371 5
370 398 3
371 372 3
371 399 2
372 373 2
372 400 1
373 374 5
373 401 1
374 375 5
374 402 4
375 376 5
375 403 5
376 377 5
376 404 4
377 378 3
377 405 1
378 379 5
378 406 5
379 380 2
379 407 5
380 381 4
380 408 5
381 382 5
381 409 5
382 383 1
382 410 1
383 384 4
383 411 3
384 385 2
384 412 2
385 386 5
385 413 4
386 387 1
386 414 2
387 388 2
387 415 4
388 389 2
388 416 3
389 390 5
389 417 2
390 391 2
390 418 4
391 392 3
391 419 4
392 420 1
393 394 3
393 421 5
394 395 4
394 422 2
395 396 3
395 423 4
396 397 4
396 424 4
397 398 2
397 425 1
398 399 1
398 426 2
399 400 5
399 427 3
400 401 5
400 428 5
401 402 3
401 429 1
402 403 3
402 430 2
403 404 5
403 431 2
404 405 5
404 432 3
405 406 1
405 433 1
406 407 3
406 434 3
407 408 1
407 435 4
408 409 4
408 436 2
409 410 1
409 437 1
410 411 5
410 438 5
411 412 2
411 439 2
412 413 3
412 440 2
413 414 4
413 441 4
414 415 3
414 442 1
415 416 4
415 443 2
416 417 2
416 444 3
417 418 1
417 445 5
418 419 4
418 446 2
419 420 1
419 447 4
420 448 5
421 422 1
421 449 3
422 423 2
422 450 4
423 424 5
423 451 5
424 425 4
424 452 2
425 426 1
425 453 2
426 427 4
426 454 4
427 428 5
427 455 3
428 429 4
428 456 1
429 430 1
429 457 4
430 431 1
430 458 1
431 432 5
431 459 3
432 433 5
432 460 3
433 434 1
433 461 2
434 435 2
434 462 4
435 436 4
435 463 3
436 437 3
436 464 3
437 438 2
437 465 2
438 439 3
438 466 3
439 440 5
439 467 5
440 441 1
440 468 5
441 442 2
441 469 4
442 443 4
442 470 1
443 444 3
443 471 4
444 445 5
444 472 4
445 446 2
445 473 1
446 447 1
446 474 4
447 448 3
447 475 3
448 476 1
449 450 1
449 477 4
450 451 1
450 478 1
451 452 2
451 479 1
452 453 5
452 480 2
453 454 2
453 481 5
454 455 3
454 482 1
455 456 4
455 483 1
456 457 5
456 484 2
457 458 3
457 485 5
458 459 3
458 486 3
459 460 4
459 487 3
460 461 4
460 488 5
461 462 1
461 489 5
462 463 2
462 490 4
463 464 2
463 491 3
464 465 2
464 492 3
465 466 1
465 493 1
466 467 1
466 494 4
467 468 4
467 495 3
468 469 3
468 496 3
469 470 2
469 497 4
470 471 3
470 498 2
471 472 2
471 499 3
472 473 1
472 500 1
473 474 3
473 501 3
474 475 2
474 502 4
475 476 1
475 503 2
476 504 4
477 478 4
477 505 1
478 479 2
478 506 5
479 480 4
479 507 2
480 481 2
480 508 2
481 482 5
481 509 3
482 483 2
482 510 5
483 484 5
483 511 5
484 485 5
484 512 2
485 486 5
485 513 5
486 487 4
486 514 4
487 488 3
487 515 2
488 489 1
488 516 2
489 490 5
489 517 4
490 491 3
490 518 3
491 492 1
491 519 4
492 493 5
492 520 3
493 494 4
493 521 5
494 495 4
494 522 2
495 496 5
495 523 5
496 497 3
496 524 3
497 498 3
497 525 5
498 499 2
498 526 5
499 500 5
499 527 2
500 501 4
500 528 3
501 502 4
501 529 4
502 503 5
502 530 2
503 504 2
503 531 3
504 532 4
505 506 4
505 533 2
506 507 1
506 534 2
507 508 4
507 535 1
508 509 4
508 536 1
509 510 3
509 537 3
510 511 3
510 538 4
511 512 5
511 539 4
512 513 1
512 540 2
513 514 3
513 541 4
514 515 2
514 542 5
515 516 5
515 543 2
516 517 1
516 544 1
517 518 5
517 545 4
518 519 4
518 546 1
519 520 1
519 547 4
520 521 2
520 548 1
521 522 1
521 549 4
522 523 1
522 550 2
523 524 3
523 551 3
524 525 4
524 552 1
525 526 3
525 553 4
526 527 4
526 554 5
527 528 2
527 555 4
528 529 4
528 556 1
529 530 3
529 557 1
530 531 4
530 558 1
531 532 2
531 559 5
532 560 3
533 534 2
533 561 2
534 535 1
534 562 3
535 536 4
535 563 1
536 537 4
536 564 2
537 538 4
537 565 2
538 539 3
538 566 4
539 540 3
539 567 5
540 541 4
540 568 4
541 542 4
541 569 4
542 543 3
542 570 1
543 544 5
543 571 5
544 545 4
544 572 3
545 546 2
545 573 3
546 547 5
546 574 1
547 548 2
547 575 2
548 549 5
548 576 5
549 550 2
549 577 5
550 551 5
550 578 4
551 552 1
551 579 3
552 553 3
552 580 5
553 554 2
553 581 5
554 555 3
554 582 1
555 556 3
555 583 2
556 557 4
556 584 5
557 558 5
557 585 5
558 559 1
558 586 2
559 560 2
559 587 2
560 588 3
561 562 1
561 589 5
562 563 4
562 590 3
563 564 3
563 591 5
564 565 5
564 592 5
565 566 5
565 593 4
566 567 4
566 594 4
567 568 4
567 595 3
568 569 4
568 596 4
569 570 4
569 597 3
570 571 4
570 598 3
571 572 2
571 599 2
572 573 5
572 600 5
573 574 3
573 601 3
574 575 5
574 602 1
575 576 2
575 603 5
576 577 3
576 604 5
577 578 1
577 605 1
578 579 5
578 606 3
579 580 3
579 607 5
580 581 5
580 608 5
581 582 3
581 609 1
582 583 3
582 610 3
583 584 2
583 611 1
584 585 4
584 612 5
585 586 5
585 613 5
586 587 1
586 614 4
587 588 3
587 615 4
588 616 2
589 590 4
589 617 4
590 591 3
590 618 2
591 592 5
591 619 2
592 593 4
592 620 2
593 594 2
593 621 3
594 595 4
594 622 3
595 596 5
595 623 2
596 597 1
596 624 2
597 598 5
597 625 4
598 599 3
598 626 4
599 600 2
599 627 2
600 601 4
600 628 2
601 602 3
601 629 1
602 603 3
602 630 5
603 604 1
603 631 3
604 605 3
604 632 3
605 606 5
605 633 5
606 607 4
606 634 3
607 608 3
607 635 4
608 609 2
608 636 5
609 610 2
609 637 3
610 611 4
610 638 2
611 612 2
611 639 1
612 613 5
612 640 5
613 614 4
613 641 2
614 615 3
614 642 3
615 616 2
615 643 2
616 644 4
617 618 5
617 645 3
618 619 1
618 646 3
619 620 5
619 647 3
620 621 1
620 648 4
621 622 1
621 649 3
622 623 3
622 650 2
623 624 4
623 651 1
624 625 2
624 652 5
625 626 1
625 653 2
626 627 5
626 654 4
627 628 1
627 655 5
628 629 1
628 656 1
629 630 4
629 657 3
630 631 2
630 658 2
631 632 4
631 659 3
632 633 1
632 660 3
633 634 3
633 661 1
634 635 4
634 662 3
635 636 4
635 663 2
636 637 2
636 664 4
637 638 2
637 665 3
638 639 5
638 666 1
639 640 5
639 667 1
640 641 2
640 668 4
641 642 4
641 669 1
642 643 2
642 670 5
643 644 3
643 671 1
644 672 4
645 646 2
645 673 4
646 647 1
646 674 5
647 648 2
647 675 4
648 649 1
648 676 4
649 650 3
649 677 2
650 651 3
650 678 5
651 652 1
651 679 5
652 653 4
652 680 3
653 654 5
653 681 3
654 655 2
654 682 5
655 656 5
655 683 1
656 657 4
656 684 5
657 658 4
657 685 1
658 659 1
658 686 3
659 660 5
659 687 2
660 661 1
660 688 4
661 662 5
661 689 2
662 663 2
662 690 4
663 664 1
663 691 5
664 665 3
664 692 3
665 666 3
665 693 2
666 667 5
666 694 2
667 668 5
667 695 4
668 669 5
668 696 2
669 670 3
669 697 4
670 671 1
670 698 2
671 672 5
671 699 1
672 700 5
673 674 4
673 701 5
674 675 2
674 702 3
675 676 5
675 703 5
676 677 3
676 704 4
677 678 2
677 705 3
678 679 1
678 706 4
679 680 2
679 707 4
680 681 1
680 708 1
681 682 4
681 709 4
682 683 3
682 710 1
683 684 5
683 711 2
684 685 1
684 712 2
685 686 4
685 713 3
686 687 2
686 714 4
687 688 5
687 715 1
688 689 3
688 716 1
689 690 3
689 717 3
690 691 5
690 718 4
691 692 4
691 719 4
692 693 3
692 720 3
693 694 1
693 721 3
694 695 1
694 722 5
695 696 3
695 723 4
696 697 5
696 724 3
697 698 4
697 725 3
698 699 4
698 726 1
699 700 2
699 727 1
700 728 1
701 702 5
701 729 5
702 703 3
702 730 5
703 704 2
703 731 5
704 705 4
704 732 2
705 706 5
705 733 4
706 707 5
706 734 5
707 708 5
707 735 1
708 709 2
708 736 1
709 710 4
709 737 2
710 711 1
710 738 3
711 712 1
711 739 3
712 713 4
712 740 1
713 714 1
713 741 4
714 715 5
714 742 1
715 716 5
715 743 5
716 717 1
716 744 4
717 718 5
717 745 5
718 719 2
718 746 2
719 720 5
719 747 5
720 721 2
720 748 5
721 722 4
721 749 3
722 723 2
722 750 1
723 724 5
723 751 1
724 725 5
724 752 2
725 726 2
725 753 1
726 727 3
726 754 5
727 728 4
727 755 2
728 756 2
729 730 5
729 757 1
730 731 2
730 758 2
731 732 2
731 759 2
732 733 5
732 760 3
733 734 1
733 761 5
734 735 1
734 762 5
735 736 4
735 763 5
736 737 5
736 764 1
737 738 5
737 765 5
738 739 1
738 766 1
739 740 2
739 767 2
740 741 4
740 768 3
741 742 4
741 769 1
742 743 5
742 770 1
743 744 4
743 771 2
744 745 2
744 772 4
745 746 5
745 773 2
746 747 4
746 774 2
747 748 3
747 775 5
748 749 3
748 776 1
749 750 4
749 777 2
750 751 3
750 778 2
751 752 3
751 779 1
752 753 4
752 780 2
753 754 3
753 781 2
754 755 1
754 782 4
755 756 4
755 783 4
756 784 1
757 758 3
758 759 3
759 760 2
760 761 4
761 762 5
762 763 1
763 764 5
764 765 2
765 766 5
766 767 4
767 768 3
768 769 1
769 770 4
770 771 2
771 772 5
772 773 5
773 774 5
774 775 5
775 776 4
776 777 2
777 778 5
778 779 4
779 780 3
780 781 5
781 782 2
782 783 2
783 784 2
1 757 2
2 758 4
3 759 3
4 760 5
5 761 5
6 762 1
7 763 4
8 764 1
9 765 5
10 766 1
11 767 2
12 768 3
13 769 1
14 770 2
15 771 2
16 772 4
17 773 2
18 774 4
19 775 2
20 776 5
21 777 1
22 778 3
23 779 4
24 780 4
25 781 2
26 782 1
27 783 4
28 784 2
1 28 2
29 56 2
57 84 5
85 112 4
113 140 1
141 168 1
169 196 3
197 224 1
225 252 3
253 280 2
281 308 5
309 336 4
337 364 4
365 392 1
393 420 3
421 448 5
449 476 4
477 504 3
505 532 4
533 560 1
561 588 1
589 616 5
617 644 3
645 672 5
673 700 2
701 728 3
729 756 3
757 784 1
