400 800
1 2 5
1 21 4
2 3 3
2 22 2
3 4 3
3 23 1
4 5 3
4 24 4
5 6 2
5 25 4
6 7 2
6 26 1
7 8 2
7 27 1
8 9 2
8 28 1
9 10 1
9 29 4
10 11 5
10 30 1
11 12 5
11 31 1
12 13 2
12 32 1
13 14 4
13 33 1
14 15 5
14 34 2
15 16 2
15 35 1
16 17 4
16 36 4
17 18 3
17 37 1
18 19 3
18 38 5
19 20 1
19 39 4
20 40 2
21 22 3
21 41 3
22 23 1
22 42 2
23 24 2
23 43 1
24 25 3
24 44 2
25 26 4
25 45 4
26 27 4
26 46 4
27 28 3
27 47 4
28 29 4
28 48 2
29 30 5
29 49 2
30 31 3
30 50 2
31 32 2
31 51 5
32 33 1
32 52 3
33 34 5
33 53 3
34 35 5
34 54 5
35 36 4
35 55 1
36 37 2
36 56 5
37 38 1
37 57 4
38 39 3
38 58 3
39 40 1
39 59 4
40 60 1
41 42 4
41 61 3
42 43 5
42 62 3
43 44 5
43 63 5
44 45 3
44 64 4
45 46 3
45 65 1
46 47 5
46 66 3
47 48 1
47 67 1
48 49 4
48 68 4
49 50 3
49 69 4
50 51 3
50 70 3
51 52 3
51 71 3
52 53 1
52 72 3
53 54 3
53 73 1
54 55 3
54 74 5
55 56 5
55 75 2
56 57 1
56 76 3
57 58 3
57 77 5
58 59 5
58 78 4
59 60 3
59 79 3
60 80 4
61 62 5
61 81 5
62 63 5
62 82 3
63 64 4
63 83 5
64 65 3
64 84 3
65 66 4
65 85 1
66 67 3
66 86 5
67 68 3
67 87 1
68 69 5
68 88 2
69 70 4
69 89 4
70 71 3
70 90 1
71 72 3
71 91 4
72 73 3
72 92 5
73 74 2
73 93 5
74 75 1
74 94 5
75 76 1
75 95 4
76 77 3
76 96 4
77 78 4
77 97 5
78 79 5
78 98 4
79 80 2
79 99 1
80 100 3
81 82 2
81 101 3
82 83 2
82 102 1
83 84 3
83 103 4
84 85 3
84 104 1
85 86 4
85 105 5
86 87 1
86 106 4
87 88 3
87 107 5
88 89 1
88 108 5
89 90 5
89 109 1
90 91 4
90 110 2
91 92 2
91 111 1
92 93 2
92 112 5
93 94 1
93 113 5
94 95 3
94 114 2
95 96 4
95 115 3
96 97 5
96 116 3
97 98 4
97 117 4
98 99 3
98 118 4
99 100 5
99 119 2
100 120 1
101 102 3
101 121 5
102 103 1
102 122 3
103 104 5
103 123 2
104 105 2
104 124 2
105 106 1
105 125 1
106 107 3
106 126 5
107 108 3
107 127 5
108 109 2
108 128 4
109 110 1
109 129 3
110 111 4
110 130 1
111 112 2
111 131 5
112 113 3
112 132 1
113 114 2
113 133 4
114 115 2
114 134 3
115 116 3
115 135 5
116 117 1
116 136 2
117 118 3
117 137 2
118 119 3
118 138 5
119 120 4
119 139 2
120 140 2
121 122 5
121 141 3
122 123 4
122 142 1
123 124 4
123 143 1
124 125 5
124 144 2
125 126 3
125 145 4
126 127 2
126 146 2
127 128 2
127 147 1
128 129 3
128 148 3
129 130 3
129 149 2
130 131 1
130 150 5
131 132 1
131 151 5
132 133 3
132 152 3
133 134 1
133 153 4
134 135 2
134 154 1
135 136 3
135 155 2
136 137 5
136 156 5
137 138 1
137 157 4
138 139 3
138 158 4
139 140 1
139 159 4
140 160 3
141 142 2
141 161 3
142 143 1
142 162 2
143 144 1
143 163 1
144 145 2
144 164 2
145 146 2
145 165 4
146 147 1
146 166 1
147 148 4
147 167 5
148 149 4
148 168 2
149 150 2
149 169 3
150 151 5
150 170 3
151 152 3
151 171 2
152 153 5
152 172 3
153 154 4
153 173 3
154 155 1
154 174 3
155 156 1
155 175 5
156 157 4
156 176 1
157 158 3
157 177 2
158 159 5
158 178 3
159 160 2
159 179 5
160 180 5
161 162 3
161 181 4
162 163 5
162 182 1
163 164 5
163 183 1
164 165 1
164 184 4
165 166 2
165 185 1
166 167 1
166 186 1
167 168 2
167 187 1
168 169 3
168 188 2
169 170 4
169 189 1
170 171 5
170 190 5
171 172 3
171 191 4
172 173 2
172 192 4
173 174 2
173 193 5
174 175 1
174 194 3
175 176 2
175 195 4
176 177 3
176 196 5
177 178 4
177 197 5
178 179 1
178 198 5
179 180 3
179 199 5
180 200 4
181 182 1
181 201 4
182 183 4
182 202 5
183 184 2
183 203 3
184 185 4
184 204 2
185 186 4
185 205 4
186 187 3
186 206 5
187 188 5
187 207 1
188 189 4
188 208 5
189 190 4
189 209 5
190 191 3
190 210 3
191 192 5
191 211 4
192 193 1
192 212 2
193 194 2
193 213 1
194 195 4
194 214 3
195 196 5
195 215 2
196 197 2
196 216 4
197 198 3
197 217 5
198 199 2
198 218 3
199 200 2
199 219 5
200 220 4
201 202 4
201 221 5
202 203 4
202 222 3
203 204 4
203 223 1
204 205 4
204 224 1
205 206 5
205 225 1
206 207 3
206 226 1
207 208 3
207 227 1
208 209 5
208 228 3
209 210 2
209 229 5
210 211 1
210 230 5
211 212 4
211 231 4
212 213 3
212 232 1
213 214 5
213 233 4
214 215 5
214 234 3
215 216 5
215 235 5
216 217 3
216 236 3
217 218 4
217 237 4
218 219 1
218 238 3
219 220 1
219 239 2
220 240 4
221 222 5
221 241 4
222 223 4
222 242 4
223 224 3
223 243 4
224 225 2
224 244 4
225 226 3
225 245 4
226 227 3
226 246 4
227 228 3
227 247 1
228 229 3
228 248 4
229 230 3
229 249 1
230 231 5
230 250 5
231 232 2
231 251 4
232 233 2
232 252 4
233 234 2
233 253 2
234 235 1
234 254 3
235 236 2
235 255 3
236 237 3
236 256 2
237 238 1
237 257 1
238 239 3
238 258 1
239 240 4
239 259 5
240 260 3
241 242 4
241 261 2
242 243 1
242 262 1
243 244 5
243 263 3
244 245 3
244 264 3
245 246 3
245 265 5
246 247 1
246 266 2
247 248 4
247 267 5
248 249 2
248 268 4
249 250 3
249 269 3
250 251 1
250 270 5
251 252 1
251 271 5
252 253 1
252 272 5
253 254 1
253 273 1
254 255 1
254 274 2
255 256 1
255 275 2
256 257 1
256 276 2
257 258 1
257 277 4
258 259 3
258 278 3
259 260 2
259 279 3
260 280 2
261 262 1
261 281 5
262 263 2
262 282 4
263 264 4
263 283 1
264 265 4
264 284 3
265 266 2
265 285 4
266 267 1
266 286 2
267 268 3
267 287 5
268 269 3
268 288 1
269 270 2
269 289 3
270 271 3
270 290 3
271 272 3
271 291 5
272 273 3
272 292 5
273 274 1
273 293 4
274 275 1
274 294 3
275 276 1
275 295 2
276 277 5
276 296 3
277 278 1
277 297 5
278 279 2
278 298 3
279 280 4
279 299 1
280 300 1
281 282 5
281 301 2
282 283 1
282 302 2
283 284 4
283 303 5
284 285 5
284 304 3
285 286 3
285 305 3
286 287 3
286 306 3
287 288 2
287 307 5
288 289 3
288 308 3
289 290 3
289 309 1
290 291 5
290 310 2
291 292 2
291 311 3
292 293 1
292 312 3
293 294 5
293 313 1
294 295 3
294 314 1
295 296 5
295 315 5
296 297 5
296 316 1
297 298 4
297 317 5
298 299 3
298 318 2
299 300 4
299 319 3
300 320 4
301 302 1
301 321 2
302 303 4
302 322 2
303 304 2
303 323 2
304 305 5
304 324 4
305 306 5
305 325 1
306 307 5
306 326 5
307 308 4
307 327 2
308 309 4
308 328 1
309 310 4
309 329 2
310 311 1
310 330 2
311 312 2
311 331 3
312 313 4
312 332 5
313 314 4
313 333 1
314 315 2
314 334 2
315 316 3
315 335 3
316 317 4
316 336 1
317 318 5
317 337 1
318 319 3
318 338 2
319 320 5
319 339 4
320 340 3
321 322 4
321 341 1
322 323 1
322 342 4
323 324 4
323 343 4
324 325 2
324 344 5
325 326 1
325 345 4
326 327 3
326 346 2
327 328 5
327 347 3
328 329 4
328 348 4
329 330 5
329 349 1
330 331 1
330 350 5
331 332 4
331 351 1
332 333 4
332 352 2
333 334 5
333 353 4
334 335 2
334 354 2
335 336 4
335 355 4
336 337 3
336 356 4
337 338 4
337 357 4
338 339 1
338 358 5
339 340 4
339 359 4
340 360 2
341 342 2
341 361 3
342 343 5
342 362 4
343 344 1
343 363 1
344 345 5
344 364 2
345 346 5
345 365 5
346 347 2
346 366 5
347 348 4
347 367 2
348 349 5
348 368 4
349 350 1
349 369 3
350 351 5
350 370 2
351 352 2
351 371 2
352 353 1
352 372 5
353 354 1
353 373 1
354 355 1
354 374 2
355 356 4
355 375 2
356 357 4
356 376 3
357 358 2
357 377 5
358 359 5
358 378 5
359 360 2
359 379 3
360 380 2
361 362 3
361 381 4
362 363 2
362 382 1
363 364 5
363 383 4
364 365 4
364 384 3
365 366 4
365 385 5
366 367 2
366 386 1
367 368 1
367 387 5
368 369 2
368 388 3
369 370 3
369 389 4
370 371 1
370 390 1
371 372 1
371 391 3
372 373 1
372 392 5
373 374 1
373 393 2
374 375 5
374 394 5
375 376 4
375 395 1
376 377 5
376 396 3
377 378 3
377 397 1
378 379 4
378 398 3
379 380 3
379 399 5
380 400 2
381 382 2
382 383 1
383 384 1
384 385 5
385 386 3
386 387 1
387 388 3
388 389 3
389 390 5
390 391 5
391 392 3
392 393 4
393 394 1
394 395 5
395 396 2
396 397 5
397 398 2
398 399 5
399 400 5
1 381 1
2 382 5
3 383 1
4 384 3
5 385 5
6 386 5
7 387 1
8 388 5
9 389 1
10 390 1
11 391 3
12 392 2
13 393 5
14 394 2
15 395 5
16 396 5
17 397 2
18 398 1
19 399 3
20 400 1
1 20 5
21 40 2
41 60 4
61 80 4
81 100 2
101 120 2
121 140 1
141 160 3
161 180 1
181 200 4
201 220 4
221 240 5
241 260 4
261 280 1
281 300 3
301 320 2
321 340 1
341 360 1
361 380 4
381 400 2
