784 1568
1 2 3
1 29 4
2 3 4
2 30 1
3 4 4
3 31 4
4 5 5
4 32 1
5 6 1
5 33 1
6 7 4
6 34 5
7 8 4
7 35 3
8 9 1
8 36 5
9 10 4
9 37 2
10 11 2
10 38 2
11 12 4
11 39 4
12 13 3
12 40 1
13 14 1
13 41 2
14 15 5
14 42 5
15 16 5
15 43 4
16 17 5
16 44 2
17 18 3
17 45 1
18 19 5
18 46 1
19 20 4
19 47 5
20 21 1
20 48 2
21 22 1
21 49 5
22 23 1
22 50 3
23 24 5
23 51 3
24 25 5
24 52 2
25 26 1
25 53 3
26 27 3
26 54 2
27 28 2
27 55 5
28 56 2
29 30 1
29 57 3
30 31 3
30 58 3
31 32 2
31 59 2
32 33 3
32 60 1
33 34 4
33 61 1
34 35 5
34 62 1
35 36 2
35 63 4
36 37 1
36 64 1
37 38 1
37 65 4
38 39 3
38 66 2
39 40 2
39 67 3
40 41 3
40 68 2
41 42 4
41 69 3
42 43 1
42 70 2
43 44 4
43 71 4
44 45 5
44 72 3
45 46 5
45 73 3
46 47 2
46 74 4
47 48 2
47 75 4
48 49 4
48 76 3
49 50 4
49 77 5
50 51 1
50 78 2
51 52 5
51 79 4
52 53 2
52 80 4
53 54 1
53 81 1
54 55 3
54 82 4
55 56 2
55 83 4
56 84 5
57 58 4
57 85 5
58 59 4
58 86 3
59 60 2
59 87 5
60 61 2
60 88 2
61 62 3
61 89 3
62 63 3
62 90 5
63 64 2
63 91 5
64 65 4
64 92 1
65 66 3
65 93 1
66 67 5
66 94 5
67 68 2
67 95 1
68 69 2
68 96 5
69 70 4
69 97 1
70 71 3
70 98 4
71 72 2
71 99 2
72 73 2
72 100 4
73 74 2
73 101 5
74 75 2
74 102 3
75 76 5
75 103 3
76 77 1
76 104 2
77 78 2
77 105 5
78 79 4
78 106 1
79 80 5
79 107 5
80 81 4
80 108 5
81 82 1
81 109 4
82 83 4
82 110 1
83 84 2
83 111 3
84 112 1
85 86 4
85 113 4
86 87 2
86 114 1
87 88 1
87 115 3
88 89 3
88 116 5
89 90 2
89 117 1
90 91 4
90 118 2
91 92 2
91 119 3
92 93 1
92 120 2
93 94 5
93 121 4
94 95 1
94 122 3
95 96 1
95 123 1
96 97 3
96 124 1
97 98 5
97 125 4
98 99 2
98 126 2
99 100 4
99 127 2
100 101 3
100 128 4
101 102 3
101 129 3
102 103 3
102 130 4
103 104 5
103 131 4
104 105 3
104 132 2
105 106 3
105 133 5
106 107 5
106 134 5
107 108 2
107 135 5
108 109 5
108 136 5
109 110 4
109 137 4
110 111 5
110 138 1
111 112 4
111 139 4
112 140 2
113 114 3
113 141 3
114 115 1
114 142 5
115 116 1
115 143 5
116 117 3
116 144 5
117 118 4
117 145 5
118 119 1
118 146 1
119 120 3
119 147 4
120 121 2
120 148 3
121 122 1
121 149 2
122 123 4
122 150 1
123 124 2
123 151 1
124 125 4
124 152 1
125 126 1
125 153 2
126 127 1
126 154 2
127 128 5
127 155 2
128 129 3
128 156 2
129 130 3
129 157 5
130 131 4
130 158 4
131 132 3
131 159 1
132 133 4
132 160 3
133 134 3
133 161 5
134 135 4
134 162 1
135 136 5
135 163 1
136 137 2
136 164 4
137 138 2
137 165 2
138 139 1
138 166 3
139 140 2
139 167 4
140 168 4
141 142 1
141 169 1
142 143 1
142 170 4
143 144 5
143 171 3
144 145 1
144 172 4
145 146 4
145 173 1
146 147 2
146 174 4
147 148 5
147 175 5
148 149 1
148 176 4
149 150 3
149 177 2
150 151 5
150 178 1
151 152 5
151 179 2
152 153 2
152 180 5
153 154 3
153 181 2
154 155 4
154 182 1
155 156 3
155 183 5
156 157 4
156 184 3
157 158 2
157 185 2
158 159 3
158 186 2
159 160 1
159 187 4
160 161 4
160 188 4
161 162 1
161 189 5
162 163 3
162 190 1
163 164 4
163 191 3
164 165 5
164 192 4
165 166 1
165 193 4
166 167 5
166 194 1
167 168 3
167 195 3
168 196 2
169 170 5
169 197 3
170 171 5
170 198 5
171 172 2
171 199 3
172 173 5
172 200 4
173 174 5
173 201 2
174 175 2
174 202 4
175 176 3
175 203 3
176 177 5
176 204 2
177 178 4
177 205 2
178 179 5
178 206 1
179 180 3
179 207 2
180 181 1
180 208 2
181 182 1
181 209 2
182 183 1
182 210 1
183 184 3
183 211 4
184 185 2
184 212 3
185 186 1
185 213 1
186 187 1
186 214 1
187 188 3
187 215 3
188 189 4
188 216 2
189 190 5
189 217 1
190 191 4
190 218 2
191 192 2
191 219 4
192 193 3
192 220 4
193 194 3
193 221 1
194 195 2
194 222 5
195 196 2
195 223 2
196 224 2
197 198 2
197 225 2
198 199 1
198 226 4
199 200 3
199 227 5
200 201 3
200 228 1
201 202 2
201 229 4
202 203 5
202 230 5
203 204 2
203 231 5
204 205 4
204 232 2
205 206 2
205 233 4
206 207 1
206 234 2
207 208 1
207 235 4
208 209 2
208 236 3
209 210 5
209 237 2
210 211 3
210 238 4
211 212 3
211 239 2
212 213 4
212 240 2
213 214 2
213 241 4
214 215 1
214 242 2
215 216 5
215 243 1
216 217 5
216 244 2
217 218 3
217 245 3
218 219 3
218 246 2
219 220 2
219 247 1
220 221 4
220 248 1
221 222 1
221 249 3
222 223 3
222 250 4
223 224 2
223 251 1
224 252 2
225 226 5
225 253 2
226 227 2
226 254 1
227 228 1
227 255 5
228 229 4
228 256 4
229 230 2
229 257 4
230 231 2
230 258 4
231 232 3
231 259 1
232 233 1
232 260 3
233 234 3
233 261 2
234 235 1
234 262 4
235 236 3
235 263 4
236 237 2
236 264 1
237 238 1
237 265 1
238 239 4
238 266 3
239 240 3
239 267 2
240 241 5
240 268 4
241 242 2
241 269 4
242 243 5
242 270 4
243 244 2
243 271 5
244 245 2
244 272 2
245 246 5
245 273 5
246 247 1
246 274 1
247 248 2
247 275 2
248 249 4
248 276 4
249 250 5
249 277 1
250 251 3
250 278 3
251 252 5
251 279 4
252 280 5
253 254 4
253 281 1
254 255 1
254 282 5
255 256 4
255 283 1
256 257 2
256 284 1
257 258 3
257 285 5
258 259 2
258 286 3
259 260 3
259 287 4
260 261 1
260 288 2
261 262 5
261 289 4
262 263 3
262 290 2
263 264 2
263 291 2
264 265 1
264 292 5
265 266 3
265 293 3
266 267 4
266 294 5
267 268 4
267 295 3
268 269 3
268 296 3
269 270 5
269 297 3
270 271 5
270 298 4
271 272 4
271 299 5
272 273 1
272 300 4
273 274 4
273 301 3
274 275 3
274 302 1
275 276 2
275 303 1
276 277 4
276 304 4
277 278 1
277 305 2
278 279 4
278 306 4
279 280 4
279 307 2
280 308 5
281 282 5
281 309 5
282 283 4
282 310 4
283 284 5
283 311 3
284 285 5
284 312 1
285 286 4
285 313 1
286 287 5
286 314 2
287 288 3
287 315 3
288 289 1
288 316 5
289 290 5
289 317 5
290 291 3
290 318 1
291 292 5
291 319 5
292 293 3
292 320 1
293 294 2
293 321 1
294 295 1
294 322 5
295 296 4
295 323 2
296 297 4
296 324 4
297 298 2
297 325 2
298 299 1
298 326 5
299 300 3
299 327 3
300 301 2
300 328 4
301 302 5
301 329 3
302 303 5
302 330 3
303 304 5
303 331 4
304 305 4
304 332 1
305 306 5
305 333 1
306 307 4
306 334 5
307 308 3
307 335 2
308 336 2
309 310 2
309 337 5
310 311 2
310 338 2
311 312 4
311 339 3
312 313 1
312 340 1
313 314 4
313 341 3
314 315 5
314 342 2
315 316 2
315 343 1
316 317 1
316 344 2
317 318 2
317 345 2
318 319 1
318 346 2
319 320 4
319 347 4
320 321 4
320 348 4
321 322 5
321 349 4
322 323 3
322 350 1
323 324 4
323 351 4
324 325 1
324 352 1
325 326 3
325 353 3
326 327 5
326 354 1
327 328 2
327 355 3
328 329 3
328 356 4
329 330 2
329 357 4
330 331 3
330 358 1
331 332 1
331 359 4
332 333 4
332 360 2
333 334 2
333 361 5
334 335 4
334 362 1
335 336 4
335 363 4
336 364 3
337 338 3
337 365 5
338 339 5
338 366 3
339 340 2
339 367 5
340 341 4
340 368 5
341 342 1
341 369 5
342 343 2
342 370 4
343 344 2
343 371 5
344 345 4
344 372 3
345 346 4
345 373 4
346 347 5
346 374 3
347 348 5
347 375 1
348 349 4
348 376 4
349 350 5
349 377 3
350 351 4
350 378 5
351 352 5
351 379 2
352 353 2
352 380 2
353 354 3
353 381 1
354 355 4
354 382 5
355 356 2
355 383 2
356 357 3
356 384 4
357 358 4
357 385 1
358 359 4
358 386 2
359 360 5
359 387 4
360 361 5
360 388 2
361 362 5
361 389 2
362 363 1
362 390 1
363 364 4
363 391 5
364 392 1
365 366 1
365 393 2
366 367 2
366 394 2
367 368 5
367 395 4
368 369 2
368 396 5
369 370 1
369 397 1
370 371 2
370 398 4
371 372 2
371 399 2
372 373 1
372 400 3
373 374 2
373 401 2
374 375 5
374 402 5
375 376 4
375 403 5
376 377 2
376 404 4
377 378 3
377 405 2
378 379 3
378 406 3
379 380 4
379 407 2
380 381 5
380 408 5
381 382 4
381 409 3
382 383 3
382 410 1
383 384 3
383 411 5
384 385 2
384 412 5
385 386 4
385 413 2
386 387 4
386 414 3
387 388 2
387 415 3
388 389 1
388 416 2
389 390 3
389 417 4
390 391 5
390 418 1
391 392 4
391 419 5
392 420 1
393 394 2
393 421 2
394 395 4
394 422 3
395 396 3
395 423 3
396 397 5
396 424 1
397 398 2
397 425 1
398 399 4
398 426 1
399 400 4
399 427 2
400 401 5
400 428 2
401 402 4
401 429 3
402 403 1
402 430 4
403 404 1
403 431 2
404 405 3
404 432 2
405 406 2
405 433 1
406 407 4
406 434 1
407 408 4
407 435 1
408 409 3
408 436 4
409 410 2
409 437 4
410 411 3
410 438 3
411 412 1
411 439 1
412 413 3
412 440 2
413 414 4
413 441 5
414 415 5
414 442 4
415 416 2
415 443 3
416 417 5
416 444 3
417 418 1
417 445 3
418 419 4
418 446 2
419 420 2
419 447 2
420 448 1
421 422 2
421 449 3
422 423 5
422 450 4
423 424 5
423 451 1
424 425 5
424 452 5
425 426 1
425 453 1
426 427 5
426 454 3
427 428 3
427 455 2
428 429 4
428 456 2
429 430 3
429 457 1
430 431 5
430 458 1
431 432 3
431 459 2
432 433 5
432 460 5
433 434 5
433 461 3
434 435 4
434 462 5
435 436 4
435 463 4
436 437 2
436 464 5
437 438 2
437 465 4
438 439 2
438 466 1
439 440 4
439 467 3
440 441 2
440 468 2
441 442 3
441 469 1
442 443 2
442 470 2
443 444 5
443 471 2
444 445 5
444 472 1
445 446 5
445 473 1
446 447 3
446 474 4
447 448 4
447 475 4
448 476 1
449 450 3
449 477 2
450 451 2
450 478 2
451 452 3
451 479 2
452 453 4
452 480 3
453 454 2
453 481 5
454 455 4
454 482 3
455 456 5
455 483 4
456 457 1
456 484 1
457 458 1
457 485 5
458 459 4
458 486 5
459 460 2
459 487 1
460 461 2
460 488 5
461 462 2
461 489 2
462 463 5
462 490 5
463 464 1
463 491 4
464 465 4
464 492 1
465 466 5
465 493 5
466 467 2
466 494 2
467 468 2
467 495 1
468 469 5
468 496 2
469 470 3
469 497 3
470 471 3
470 498 4
471 472 4
471 499 4
472 473 5
472 500 1
473 474 5
473 501 5
474 475 1
474 502 3
475 476 3
475 503 1
476 504 5
477 478 1
477 505 4
478 479 2
478 506 2
479 480 1
479 507 5
480 481 1
480 508 1
481 482 4
481 509 5
482 483 1
482 510 3
483 484 4
483 511 2
484 485 5
484 512 1
485 486 3
485 513 1
486 487 4
486 514 5
487 488 5
487 515 4
488 489 5
488 516 4
489 490 5
489 517 1
490 491 1
490 518 1
491 492 1
491 519 3
492 493 2
492 520 2
493 494 1
493 521 5
494 495 2
494 522 4
495 496 3
495 523 2
496 497 4
496 524 3
497 498 5
497 525 2
498 499 4
498 526 3
499 500 5
499 527 2
500 501 5
500 528 3
501 502 4
501 529 2
502 503 4
502 530 2
503 504 3
503 531 5
504 532 1
505 506 5
505 533 1
506 507 2
506 534 4
507 508 3
507 535 2
508 509 5
508 536 4
509 510 3
509 537 4
510 511 2
510 538 5
511 512 5
511 539 2
512 513 5
512 540 4
513 514 3
513 541 5
514 515 3
514 542 3
515 516 2
515 543 3
516 517 5
516 544 2
517 518 1
517 545 1
518 519 4
518 546 5
519 520 2
519 547 5
520 521 4
520 548 2
521 522 1
521 549 3
522 523 1
522 550 5
523 524 4
523 551 4
524 525 1
524 552 4
525 526 1
525 553 3
526 527 5
526 554 1
527 528 4
527 555 3
528 529 1
528 556 5
529 530 4
529 557 2
530 531 2
530 558 2
531 532 3
531 559 2
532 560 5
533 534 2
533 561 3
534 535 5
534 562 2
535 536 5
535 563 3
536 537 1
536 564 4
537 538 3
537 565 2
538 539 1
538 566 5
539 540 4
539 567 1
540 541 5
540 568 1
541 542 2
541 569 2
542 543 4
542 570 1
543 544 3
543 571 3
544 545 2
544 572 1
545 546 5
545 573 4
546 547 2
546 574 1
547 548 1
547 575 4
548 549 1
548 576 4
549 550 2
549 577 5
550 551 3
550 578 1
551 552 5
551 579 2
552 553 5
552 580 1
553 554 3
553 581 5
554 555 2
554 582 3
555 556 1
555 583 4
556 557 4
556 584 5
557 558 1
557 585 4
558 559 2
558 586 5
559 560 4
559 587 1
560 588 5
561 562 3
561 589 2
562 563 5
562 590 2
563 564 4
563 591 4
564 565 2
564 592 1
565 566 3
565 593 1
566 567 5
566 594 4
567 568 5
567 595 4
568 569 2
568 596 3
569 570 1
569 597 2
570 571 5
570 598 4
571 572 5
571 599 3
572 573 3
572 600 5
573 574 4
573 601 1
574 575 4
574 602 4
575 576 5
575 603 3
576 577 1
576 604 2
577 578 4
577 605 3
578 579 1
578 606 1
579 580 2
579 607 2
580 581 5
580 608 1
581 582 1
581 609 1
582 583 4
582 610 5
583 584 1
583 611 3
584 585 4
584 612 5
585 586 5
585 613 4
586 587 3
586 614 3
587 588 2
587 615 5
588 616 3
589 590 4
589 617 1
590 591 2
590 618 3
591 592 1
591 619 2
592 593 1
592 620 4
593 594 3
593 621 5
594 595 3
594 622 3
595 596 5
595 623 1
596 597 1
596 624 3
597 598 2
597 625 3
598 599 4
598 626 1
599 600 5
599 627 5
600 601 2
600 628 3
601 602 5
601 629 1
602 603 2
602 630 4
603 604 2
603 631 2
604 605 2
604 632 1
605 606 3
605 633 1
606 607 3
606 634 1
607 608 5
607 635 4
608 609 1
608 636 1
609 610 3
609 637 4
610 611 4
610 638 5
611 612 1
611 639 5
612 613 4
612 640 4
613 614 5
613 641 2
614 615 1
614 642 4
615 616 3
615 643 4
616 644 4
617 618 4
617 645 4
618 619 3
618 646 3
619 620 2
619 647 2
620 621 4
620 648 4
621 622 5
621 649 1
622 623 1
622 650 4
623 624 1
623 651 5
624 625 4
624 652 1
625 626 5
625 653 4
626 627 2
626 654 4
627 628 5
627 655 4
628 629 4
628 656 3
629 630 4
629 657 1
630 631 4
630 658 3
631 632 1
631 659 4
632 633 5
632 660 2
633 634 4
633 661 2
634 635 3
634 662 2
635 636 1
635 663 1
636 637 4
636 664 2
637 638 3
637 665 3
638 639 5
638 666 4
639 640 4
639 667 4
640 641 5
640 668 4
641 642 4
641 669 1
642 643 4
642 670 1
643 644 1
643 671 1
644 672 4
645 646 5
645 673 2
646 647 1
646 674 1
647 648 5
647 675 5
648 649 1
648 676 5
649 650 2
649 677 5
650 651 3
650 678 2
651 652 2
651 679 5
652 653 4
652 680 1
653 654 4
653 681 4
654 655 5
654 682 2
655 656 4
655 683 2
656 657 1
656 684 2
657 658 4
657 685 5
658 659 5
658 686 2
659 660 1
659 687 4
660 661 1
660 688 5
661 662 4
661 689 5
662 663 4
662 690 1
663 664 2
663 691 2
664 665 1
664 692 4
665 666 3
665 693 1
666 667 1
666 694 1
667 668 1
667 695 2
668 669 1
668 696 3
669 670 5
669 697 1
670 671 1
670 698 2
671 672 4
671 699 5
672 700 2
673 674 3
673 701 5
674 675 4
674 702 3
675 676 3
675 703 3
676 677 3
676 704 5
677 678 1
677 705 5
678 679 2
678 706 4
679 680 3
679 707 3
680 681 4
680 708 4
681 682 3
681 709 2
682 683 1
682 710 4
683 684 5
683 711 3
684 685 3
684 712 5
685 686 5
685 713 2
686 687 2
686 714 2
687 688 4
687 715 3
688 689 4
688 716 2
689 690 5
689 717 4
690 691 3
690 718 4
691 692 4
691 719 1
692 693 2
692 720 4
693 694 3
693 721 1
694 695 3
694 722 1
695 696 4
695 723 5
696 697 1
696 724 3
697 698 2
697 725 5
698 699 4
698 726 2
699 700 5
699 727 3
700 728 1
701 702 1
701 729 2
702 703 3
702 730 1
703 704 4
703 731 2
704 705 1
704 732 4
705 706 1
705 733 5
706 707 3
706 734 4
707 708 1
707 735 1
708 709 5
708 736 2
709 710 5
709 737 4
710 711 1
710 738 3
711 712 5
711 739 3
712 713 1
712 740 1
713 714 3
713 741 3
714 715 5
714 742 4
715 716 3
715 743 1
716 717 3
716 744 5
717 718 1
717 745 2
718 719 2
718 746 4
719 720 2
719 747 1
720 721 5
720 748 1
721 722 4
721 749 2
722 723 2
722 750 2
723 724 3
723 751 4
724 725 2
724 752 3
725 726 4
725 753 1
726 727 1
726 754 4
727 728 1
727 755 3
728 756 1
729 730 2
729 757 2
730 731 3
730 758 3
731 732 1
731 759 2
732 733 5
732 760 2
733 734 1
733 761 4
734 735 5
734 762 2
735 736 5
735 763 5
736 737 5
736 764 1
737 738 3
737 765 5
738 739 3
738 766 5
739 740 3
739 767 1
740 741 5
740 768 3
741 742 2
741 769 5
742 743 2
742 770 3
743 744 2
743 771 1
744 745 3
744 772 2
745 746 1
745 773 2
746 747 2
746 774 2
747 748 4
747 775 5
748 749 3
748 776 5
749 750 1
749 777 3
750 751 5
750 778 5
751 752 2
751 779 1
752 753 1
752 780 1
753 754 5
753 781 3
754 755 4
754 782 2
755 756 5
755 783 5
756 784 1
757 758 2
758 759 1
759 760 5
760 761 2
761 762 4
762 763 2
763 764 3
764 765 5
765 766 3
766 767 4
767 768 5
768 769 2
769 770 2
770 771 3
771 772 3
772 773 3
773 774 5
774 775 4
775 776 5
776 777 3
777 778 2
778 779 3
779 780 2
780 781 2
781 782 3
782 783 3
783 784 4
1 757 2
2 758 4
3 759 3
4 760 4
5 761 3
6 762 4
7 763 5
8 764 2
9 765 3
10 766 5
11 767 3
12 768 2
13 769 1
14 770 5
15 771 2
16 772 1
17 773 5
18 774 4
19 775 1
20 776 1
21 777 4
22 778 1
23 779 1
24 780 5
25 781 1
26 782 2
27 783 2
28 784 2
1 28 3
29 56 3
57 84 2
85 112 5
113 140 1
141 168 2
169 196 2
197 224 4
225 252 5
253 280 3
281 308 3
309 336 2
337 364 3
365 392 5
393 420 5
421 448 1
449 476 3
477 504 4
505 532 2
533 560 5
561 588 3
589 616 1
617 644 2
645 672 1
673 700 4
701 728 5
729 756 1
757 784 4
