1600 3200
1 2 4
1 41 1
2 3 5
2 42 5
3 4 1
3 43 2
4 5 5
4 44 1
5 6 2
5 45 2
6 7 4
6 46 2
7 8 3
7 47 2
8 9 3
8 48 3
9 10 5
9 49 2
10 11 4
10 50 2
11 12 2
11 51 4
12 13 1
12 52 3
13 14 5
13 53 5
14 15 4
14 54 3
15 16 2
15 55 5
16 17 4
16 56 2
17 18 5
17 57 4
18 19 4
18 58 4
19 20 3
19 59 4
20 21 1
20 60 3
21 22 4
21 61 1
22 23 3
22 62 2
23 24 2
23 63 4
24 25 3
24 64 3
25 26 4
25 65 1
26 27 3
26 66 4
27 28 5
27 67 5
28 29 1
28 68 5
29 30 3
29 69 2
30 31 2
30 70 1
31 32 3
31 71 4
32 33 3
32 72 5
33 34 4
33 73 1
34 35 4
34 74 1
35 36 4
35 75 3
36 37 4
36 76 3
37 38 5
37 77 5
38 39 3
38 78 2
39 40 2
39 79 5
40 80 5
41 42 1
41 81 4
42 43 1
42 82 3
43 44 2
43 83 4
44 45 5
44 84 3
45 46 2
45 85 5
46 47 2
46 86 3
47 48 4
47 87 2
48 49 3
48 88 2
49 50 5
49 89 5
50 51 4
50 90 2
51 52 1
51 91 1
52 53 4
52 92 3
53 54 3
53 93 5
54 55 2
54 94 5
55 56 4
55 95 2
56 57 1
56 96 2
57 58 4
57 97 1
58 59 5
58 98 4
59 60 4
59 99 3
60 61 4
60 100 4
61 62 3
61 101 4
62 63 1
62 102 4
63 64 1
63 103 2
64 65 5
64 104 4
65 66 3
65 105 5
66 67 5
66 106 3
67 68 2
67 107 5
68 69 3
68 108 5
69 70 4
69 109 5
70 71 3
70 110 2
71 72 3
71 111 4
72 73 2
72 112 1
73 74 3
73 113 1
74 75 3
74 114 4
75 76 4
75 115 1
76 77 2
76 116 2
77 78 2
77 117 4
78 79 5
78 118 2
79 80 5
79 119 5
80 120 2
81 82 1
81 121 5
82 83 4
82 122 4
83 84 3
83 123 1
84 85 4
84 124 2
85 86 5
85 125 1
86 87 5
86 126 2
87 88 5
87 127 4
88 89 1
88 128 4
89 90 2
89 129 2
90 91 3
90 130 4
91 92 5
91 131 2
92 93 2
92 132 2
93 94 5
93 133 2
94 95 4
94 134 1
95 96 1
95 135 2
96 97 1
96 136 3
97 98 2
97 137 3
98 99 4
98 138 3
99 100 4
99 139 5
100 101 2
100 140 4
101 102 2
101 141 5
102 103 2
102 142 4
103 104 5
103 143 3
104 105 3
104 144 2
105 106 4
105 145 1
106 107 2
106 146 3
107 108 4
107 147 2
108 109 5
108 148 3
109 110 1
109 149 3
110 111 1
110 150 5
111 112 3
111 151 4
112 113 5
112 152 5
113 114 5
113 153 2
114 115 1
114 154 3
115 116 5
115 155 5
116 117 3
116 156 1
117 118 1
117 157 1
118 119 3
118 158 1
119 120 3
119 159 5
120 160 1
121 122 5
121 161 5
122 123 2
122 162 2
123 124 4
123 163 1
124 125 3
124 164 1
125 126 1
125 165 3
126 127 1
126 166 2
127 128 5
127 167 1
128 129 3
128 168 2
129 130 3
129 169 2
130 131 3
130 170 2
131 132 4
131 171 3
132 133 3
132 172 2
133 134 1
133 173 3
134 135 1
134 174 4
135 136 3
135 175 2
136 137 3
136 176 4
137 138 1
137 177 2
138 139 5
138 178 1
139 140 1
139 179 5
140 141 3
140 180 5
141 142 1
141 181 2
142 143 4
142 182 1
143 144 4
143 183 1
144 145 1
144 184 4
145 146 5
145 185 4
146 147 1
146 186 1
147 148 3
147 187 5
148 149 2
148 188 2
149 150 4
149 189 1
150 151 4
150 190 3
151 152 3
151 191 5
152 153 3
152 192 1
153 154 3
153 193 3
154 155 4
154 194 1
155 156 5
155 195 1
156 157 5
156 196 3
157 158 5
157 197 3
158 159 3
158 198 3
159 160 3
159 199 3
160 200 5
161 162 4
161 201 1
162 163 1
162 202 4
163 164 5
163 203 5
164 165 5
164 204 4
165 166 1
165 205 2
166 167 4
166 206 3
167 168 1
167 207 3
168 169 2
168 208 1
169 170 1
169 209 2
170 171 5
170 210 3
171 172 1
171 211 2
172 173 1
172 212 3
173 174 1
173 213 1
174 175 4
174 214 5
175 176 2
175 215 5
176 177 3
176 216 4
177 178 4
177 217 1
178 179 3
178 218 4
179 180 3
179 219 3
180 181 4
180 220 1
181 182 1
181 221 5
182 183 4
182 222 3
183 184 5
183 223 3
184 185 5
184 224 2
185 186 5
185 225 4
186 187 5
186 226 2
187 188 4
187 227 2
188 189 1
188 228 1
189 190 2
189 229 1
190 191 5
190 230 3
191 192 1
191 231 4
192 193 2
192 232 1
193 194 2
193 233 2
194 195 1
194 234 3
195 196 2
195 235 3
196 197 3
196 236 3
197 198 2
197 237 5
198 199 4
198 238 1
199 200 1
199 239 1
200 240 1
201 202 2
201 241 5
202 203 2
202 242 1
203 204 1
203 243 2
204 205 2
204 244 2
205 206 4
205 245 1
206 207 4
206 246 4
207 208 3
207 247 5
208 209 2
208 248 5
209 210 5
209 249 2
210 211 3
210 250 2
211 212 4
211 251 3
212 213 5
212 252 4
213 214 2
213 253 2
214 215 1
214 254 1
215 216 2
215 255 2
216 217 4
216 256 4
217 218 2
217 257 1
218 219 3
218 258 2
219 220 5
219 259 2
220 221 2
220 260 5
221 222 2
221 261 5
222 223 1
222 262 4
223 224 1
223 263 5
224 225 2
224 264 4
225 226 3
225 265 1
226 227 1
226 266 5
227 228 5
227 267 1
228 229 4
228 268 4
229 230 1
229 269 5
230 231 4
230 270 3
231 232 2
231 271 4
232 233 2
232 272 3
233 234 3
233 273 2
234 235 3
234 274 4
235 236 3
235 275 1
236 237 4
236 276 3
237 238 5
237 277 1
238 239 5
238 278 3
239 240 4
239 279 5
240 280 3
241 242 1
241 281 3
242 243 4
242 282 5
243 244 1
243 283 2
244 245 1
244 284 4
245 246 1
245 285 3
246 247 5
246 286 5
247 248 5
247 287 1
248 249 2
248 288 3
249 250 4
249 289 4
250 251 2
250 290 2
251 252 3
251 291 1
252 253 4
252 292 4
253 254 5
253 293 1
254 255 3
254 294 4
255 256 5
255 295 5
256 257 2
256 296 2
257 258 3
257 297 3
258 259 3
258 298 5
259 260 4
259 299 3
260 261 2
260 300 4
261 262 2
261 301 3
262 263 1
262 302 3
263 264 5
263 303 4
264 265 3
264 304 2
265 266 1
265 305 5
266 267 5
266 306 2
267 268 4
267 307 2
268 269 2
268 308 1
269 270 2
269 309 1
270 271 1
270 310 2
271 272 5
271 311 1
272 273 2
272 312 5
273 274 5
273 313 5
274 275 3
274 314 2
275 276 1
275 315 4
276 277 1
276 316 2
277 278 4
277 317 1
278 279 5
278 318 5
279 280 3
279 319 3
280 320 4
281 282 2
281 321 5
282 283 2
282 322 2
283 284 2
283 323 1
284 285 4
284 324 4
285 286 2
285 325 4
286 287 2
286 326 1
287 288 5
287 327 1
288 289 4
288 328 5
289 290 2
289 329 4
290 291 3
290 330 5
291 292 3
291 331 4
292 293 4
292 332 2
293 294 5
293 333 4
294 295 1
294 334 1
295 296 1
295 335 5
296 297 1
296 336 4
297 298 3
297 337 1
298 299 3
298 338 4
299 300 2
299 339 1
300 301 1
300 340 3
301 302 3
301 341 2
302 303 1
302 342 2
303 304 4
303 343 2
304 305 2
304 344 4
305 306 2
305 345 3
306 307 3
306 346 2
307 308 5
307 347 3
308 309 1
308 348 2
309 310 5
309 349 5
310 311 1
310 350 2
311 312 2
311 351 5
312 313 3
312 352 1
313 314 3
313 353 5
314 315 5
314 354 3
315 316 1
315 355 4
316 317 5
316 356 2
317 318 3
317 357 4
318 319 3
318 358 1
319 320 5
319 359 3
320 360 3
321 322 2
321 361 3
322 323 2
322 362 1
323 324 1
323 363 3
324 325 2
324 364 4
325 326 5
325 365 5
326 327 5
326 366 1
327 328 4
327 367 3
328 329 3
328 368 1
329 330 3
329 369 5
330 331 1
330 370 1
331 332 1
331 371 2
332 333 2
332 372 1
333 334 5
333 373 1
334 335 3
334 374 5
335 336 1
335 375 3
336 337 3
336 376 5
337 338 3
337 377 5
338 339 3
338 378 4
339 340 4
339 379 1
340 341 2
340 380 5
341 342 4
341 381 3
342 343 1
342 382 3
343 344 1
343 383 1
344 345 2
344 384 3
345 346 3
345 385 1
346 347 2
346 386 2
347 348 5
347 387 3
348 349 3
348 388 3
349 350 4
349 389 4
350 351 2
350 390 4
351 352 4
351 391 1
352 353 1
352 392 4
353 354 3
353 393 3
354 355 1
354 394 4
355 356 5
355 395 5
356 357 5
356 396 2
357 358 1
357 397 1
358 359 3
358 398 5
359 360 2
359 399 3
360 400 5
361 362 3
361 401 4
362 363 4
362 402 5
363 364 5
363 403 2
364 365 3
364 404 3
365 366 4
365 405 1
366 367 5
366 406 4
367 368 5
367 407 5
368 369 3
368 408 4
369 370 3
369 409 5
370 371 2
370 410 1
371 372 1
371 411 1
372 373 1
372 412 1
373 374 1
373 413 5
374 375 5
374 414 3
375 376 3
375 415 4
376 377 4
376 416 3
377 378 5
377 417 3
378 379 5
378 418 1
379 380 3
379 419 1
380 381 1
380 420 1
381 382 4
381 421 1
382 383 1
382 422 3
383 384 3
383 423 4
384 385 3
384 424 4
385 386 4
385 425 3
386 387 3
386 426 5
387 388 2
387 427 3
388 389 1
388 428 4
389 390 5
389 429 1
390 391 5
390 430 3
391 392 2
391 431 3
392 393 4
392 432 5
393 394 4
393 433 5
394 395 2
394 434 2
395 396 5
395 435 2
396 397 4
396 436 2
397 398 2
397 437 2
398 399 3
398 438 3
399 400 2
399 439 4
400 440 3
401 402 5
401 441 2
402 403 3
402 442 5
403 404 3
403 443 2
404 405 3
404 444 5
405 406 5
405 445 2
406 407 5
406 446 4
407 408 4
407 447 4
408 409 5
408 448 5
409 410 3
409 449 1
410 411 1
410 450 5
411 412 4
411 451 5
412 413 2
412 452 5
413 414 3
413 453 2
414 415 3
414 454 4
415 416 5
415 455 2
416 417 5
416 456 3
417 418 2
417 457 1
418 419 3
418 458 2
419 420 3
419 459 4
420 421 1
420 460 1
421 422 4
421 461 5
422 423 1
422 462 3
423 424 1
423 463 2
424 425 5
424 464 2
425 426 5
425 465 3
426 427 5
426 466 2
427 428 5
427 467 1
428 429 4
428 468 2
429 430 5
429 469 1
430 431 5
430 470 3
431 432 2
431 471 2
432 433 3
432 472 3
433 434 5
433 473 3
434 435 2
434 474 4
435 436 4
435 475 4
436 437 4
436 476 1
437 438 5
437 477 4
438 439 2
438 478 1
439 440 1
439 479 3
440 480 3
441 442 3
441 481 5
442 443 3
442 482 3
443 444 5
443 483 1
444 445 3
444 484 3
445 446 1
445 485 3
446 447 4
446 486 4
447 448 5
447 487 2
448 449 4
448 488 5
449 450 5
449 489 5
450 451 4
450 490 5
451 452 4
451 491 2
452 453 3
452 492 4
453 454 3
453 493 1
454 455 4
454 494 5
455 456 1
455 495 2
456 457 2
456 496 4
457 458 4
457 497 4
458 459 1
458 498 2
459 460 3
459 499 5
460 461 2
460 500 5
461 462 5
461 501 2
462 463 4
462 502 4
463 464 4
463 503 2
464 465 3
464 504 5
465 466 3
465 505 4
466 467 3
466 506 2
467 468 4
467 507 3
468 469 2
468 508 3
469 470 3
469 509 4
470 471 5
470 510 3
471 472 3
471 511 1
472 473 4
472 512 4
473 474 3
473 513 1
474 475 1
474 514 1
475 476 3
475 515 5
476 477 3
476 516 2
477 478 2
477 517 1
478 479 3
478 518 1
479 480 5
479 519 2
480 520 3
481 482 2
481 521 1
482 483 3
482 522 3
483 484 5
483 523 5
484 485 3
484 524 4
485 486 2
485 525 5
486 487 1
486 526 5
487 488 4
487 527 5
488 489 4
488 528 1
489 490 1
489 529 3
490 491 2
490 530 4
491 492 4
491 531 3
492 493 3
492 532 4
493 494 1
493 533 3
494 495 3
494 534 4
495 496 1
495 535 3
496 497 1
496 536 4
497 498 1
497 537 4
498 499 4
498 538 4
499 500 3
499 539 4
500 501 5
500 540 1
501 502 3
501 541 4
502 503 2
502 542 5
503 504 3
503 543 2
504 505 4
504 544 4
505 506 1
505 545 1
506 507 1
506 546 1
507 508 5
507 547 1
508 509 3
508 548 3
509 510 5
509 549 4
510 511 1
510 550 1
511 512 5
511 551 4
512 513 2
512 552 4
513 514 4
513 553 5
514 515 4
514 554 1
515 516 4
515 555 4
516 517 4
516 556 3
517 518 4
517 557 1
518 519 5
518 558 4
519 520 5
519 559 4
520 560 1
521 522 3
521 561 2
522 523 2
522 562 2
523 524 4
523 563 1
524 525 4
524 564 1
525 526 2
525 565 3
526 527 4
526 566 1
527 528 1
527 567 4
528 529 2
528 568 2
529 530 3
529 569 1
530 531 5
530 570 4
531 532 1
531 571 4
532 533 5
532 572 3
533 534 3
533 573 5
534 535 4
534 574 3
535 536 5
535 575 4
536 537 2
536 576 4
537 538 1
537 577 3
538 539 2
538 578 3
539 540 2
539 579 4
540 541 5
540 580 2
541 542 5
541 581 4
542 543 5
542 582 3
543 544 1
543 583 2
544 545 4
544 584 2
545 546 5
545 585 3
546 547 2
546 586 5
547 548 1
547 587 3
548 549 4
548 588 5
549 550 5
549 589 3
550 551 4
550 590 5
551 552 4
551 591 3
552 553 3
552 592 4
553 554 1
553 593 2
554 555 5
554 594 5
555 556 4
555 595 3
556 557 2
556 596 5
557 558 5
557 597 2
558 559 3
558 598 5
559 560 4
559 599 4
560 600 1
561 562 1
561 601 1
562 563 1
562 602 5
563 564 4
563 603 3
564 565 1
564 604 2
565 566 3
565 605 3
566 567 1
566 606 2
567 568 1
567 607 4
568 569 2
568 608 1
569 570 2
569 609 3
570 571 4
570 610 5
571 572 3
571 611 5
572 573 5
572 612 3
573 574 5
573 613 4
574 575 2
574 614 2
575 576 5
575 615 1
576 577 2
576 616 5
577 578 5
577 617 5
578 579 2
578 618 2
579 580 3
579 619 1
580 581 3
580 620 2
581 582 4
581 621 5
582 583 2
582 622 5
583 584 4
583 623 3
584 585 5
584 624 3
585 586 3
585 625 1
586 587 1
586 626 3
587 588 4
587 627 1
588 589 5
588 628 2
589 590 5
589 629 5
590 591 5
590 630 3
591 592 2
591 631 2
592 593 5
592 632 5
593 594 2
593 633 2
594 595 4
594 634 4
595 596 4
595 635 3
596 597 4
596 636 4
597 598 2
597 637 1
598 599 2
598 638 5
599 600 4
599 639 1
600 640 5
601 602 2
601 641 3
602 603 3
602 642 1
603 604 5
603 643 3
604 605 5
604 644 2
605 606 3
605 645 3
606 607 1
606 646 1
607 608 4
607 647 2
608 609 4
608 648 5
609 610 4
609 649 1
610 611 2
610 650 2
611 612 2
611 651 3
612 613 3
612 652 1
613 614 4
613 653 4
614 615 5
614 654 4
615 616 2
615 655 2
616 617 3
616 656 3
617 618 3
617 657 3
618 619 2
618 658 2
619 620 5
619 659 4
620 621 2
620 660 1
621 622 1
621 661 5
622 623 1
622 662 3
623 624 3
623 663 1
624 625 2
624 664 4
625 626 1
625 665 5
626 627 4
626 666 3
627 628 3
627 667 5
628 629 5
628 668 1
629 630 5
629 669 2
630 631 3
630 670 2
631 632 3
631 671 3
632 633 5
632 672 5
633 634 2
633 673 1
634 635 4
634 674 1
635 636 2
635 675 2
636 637 2
636 676 1
637 638 2
637 677 3
638 639 1
638 678 1
639 640 1
639 679 2
640 680 1
641 642 4
641 681 1
642 643 1
642 682 2
643 644 4
643 683 4
644 645 5
644 684 5
645 646 3
645 685 3
646 647 1
646 686 3
647 648 5
647 687 2
648 649 5
648 688 5
649 650 1
649 689 5
650 651 2
650 690 4
651 652 5
651 691 5
652 653 3
652 692 4
653 654 2
653 693 5
654 655 5
654 694 2
655 656 3
655 695 4
656 657 5
656 696 1
657 658 2
657 697 1
658 659 3
658 698 2
659 660 3
659 699 5
660 661 5
660 700 4
661 662 5
661 701 3
662 663 4
662 702 1
663 664 5
663 703 1
664 665 5
664 704 1
665 666 5
665 705 5
666 667 5
666 706 5
667 668 2
667 707 4
668 669 2
668 708 5
669 670 1
669 709 4
670 671 2
670 710 2
671 672 5
671 711 5
672 673 2
672 712 5
673 674 5
673 713 4
674 675 4
674 714 1
675 676 3
675 715 4
676 677 2
676 716 4
677 678 5
677 717 4
678 679 5
678 718 4
679 680 3
679 719 4
680 720 3
681 682 4
681 721 5
682 683 1
682 722 5
683 684 4
683 723 1
684 685 1
684 724 5
685 686 2
685 725 5
686 687 5
686 726 3
687 688 4
687 727 3
688 689 4
688 728 5
689 690 2
689 729 1
690 691 1
690 730 1
691 692 1
691 731 1
692 693 1
692 732 1
693 694 4
693 733 1
694 695 4
694 734 1
695 696 3
695 735 4
696 697 5
696 736 3
697 698 2
697 737 5
698 699 2
698 738 2
699 700 1
699 739 1
700 701 5
700 740 2
701 702 1
701 741 4
702 703 2
702 742 2
703 704 3
703 743 2
704 705 1
704 744 5
705 706 4
705 745 5
706 707 4
706 746 1
707 708 1
707 747 1
708 709 4
708 748 4
709 710 3
709 749 3
710 711 1
710 750 1
711 712 4
711 751 1
712 713 3
712 752 1
713 714 2
713 753 3
714 715 2
714 754 1
715 716 2
715 755 1
716 717 2
716 756 1
717 718 1
717 757 5
718 719 2
718 758 5
719 720 1
719 759 2
720 760 5
721 722 4
721 761 1
722 723 4
722 762 1
723 724 1
723 763 1
724 725 4
724 764 5
725 726 1
725 765 4
726 727 5
726 766 5
727 728 5
727 767 1
728 729 5
728 768 2
729 730 3
729 769 1
730 731 2
730 770 2
731 732 4
731 771 2
732 733 3
732 772 4
733 734 4
733 773 1
734 735 5
734 774 5
735 736 3
735 775 5
736 737 3
736 776 2
737 738 5
737 777 3
738 739 3
738 778 5
739 740 4
739 779 2
740 741 3
740 780 3
741 742 2
741 781 2
742 743 4
742 782 4
743 744 2
743 783 3
744 745 1
744 784 2
745 746 3
745 785 5
746 747 4
746 786 1
747 748 2
747 787 3
748 749 3
748 788 1
749 750 5
749 789 1
750 751 3
750 790 2
751 752 1
751 791 3
752 753 5
752 792 5
753 754 3
753 793 3
754 755 1
754 794 3
755 756 4
755 795 4
756 757 4
756 796 3
757 758 1
757 797 4
758 759 3
758 798 5
759 760 3
759 799 1
760 800 5
761 762 3
761 801 2
762 763 3
762 802 2
763 764 3
763 803 3
764 765 1
764 804 2
765 766 2
765 805 3
766 767 5
766 806 1
767 768 2
767 807 4
768 769 2
768 808 2
769 770 2
769 809 1
770 771 2
770 810 3
771 772 2
771 811 4
772 773 3
772 812 4
773 774 1
773 813 4
774 775 2
774 814 4
775 776 2
775 815 3
776 777 3
776 816 1
777 778 1
777 817 1
778 779 1
778 818 1
779 780 5
779 819 1
780 781 5
780 820 2
781 782 5
781 821 4
782 783 2
782 822 3
783 784 3
783 823 2
784 785 4
784 824 5
785 786 4
785 825 5
786 787 3
786 826 2
787 788 3
787 827 2
788 789 4
788 828 1
789 790 2
789 829 4
790 791 2
790 830 3
791 792 3
791 831 3
792 793 2
792 832 3
793 794 5
793 833 3
794 795 5
794 834 1
795 796 5
795 835 4
796 797 3
796 836 1
797 798 1
797 837 5
798 799 2
798 838 1
799 800 1
799 839 1
800 840 5
801 802 4
801 841 3
802 803 2
802 842 1
803 804 1
803 843 5
804 805 2
804 844 2
805 806 3
805 845 3
806 807 1
806 846 5
807 808 2
807 847 5
808 809 3
808 848 1
809 810 2
809 849 5
810 811 3
810 850 2
811 812 3
811 851 2
812 813 1
812 852 5
813 814 5
813 853 2
814 815 3
814 854 1
815 816 3
815 855 1
816 817 5
816 856 3
817 818 4
817 857 5
818 819 5
818 858 2
819 820 2
819 859 2
820 821 1
820 860 2
821 822 5
821 861 3
822 823 4
822 862 5
823 824 3
823 863 3
824 825 4
824 864 1
825 826 4
825 865 3
826 827 2
826 866 4
827 828 1
827 867 1
828 829 3
828 868 3
829 830 1
829 869 1
830 831 4
830 870 2
831 832 2
831 871 1
832 833 1
832 872 1
833 834 3
833 873 2
834 835 2
834 874 3
835 836 2
835 875 2
836 837 3
836 876 2
837 838 1
837 877 3
838 839 3
838 878 3
839 840 4
839 879 1
840 880 1
841 842 1
841 881 5
842 843 5
842 882 2
843 844 1
843 883 4
844 845 2
844 884 5
845 846 3
845 885 1
846 847 4
846 886 5
847 848 4
847 887 1
848 849 1
848 888 3
849 850 5
849 889 5
850 851 2
850 890 4
851 852 1
851 891 2
852 853 3
852 892 4
853 854 5
853 893 1
854 855 4
854 894 1
855 856 5
855 895 2
856 857 5
856 896 5
857 858 2
857 897 1
858 859 2
858 898 2
859 860 2
859 899 1
860 861 5
860 900 4
861 862 3
861 901 5
862 863 4
862 902 3
863 864 1
863 903 3
864 865 2
864 904 5
865 866 1
865 905 2
866 867 5
866 906 3
867 868 1
867 907 1
868 869 2
868 908 5
869 870 3
869 909 2
870 871 1
870 910 4
871 872 4
871 911 2
872 873 1
872 912 2
873 874 5
873 913 4
874 875 5
874 914 4
875 876 1
875 915 4
876 877 2
876 916 3
877 878 5
877 917 5
878 879 1
878 918 1
879 880 3
879 919 2
880 920 4
881 882 1
881 921 1
882 883 1
882 922 4
883 884 5
883 923 4
884 885 3
884 924 2
885 886 3
885 925 1
886 887 3
886 926 1
887 888 4
887 927 5
888 889 5
888 928 3
889 890 2
889 929 1
890 891 3
890 930 3
891 892 4
891 931 4
892 893 2
892 932 5
893 894 2
893 933 2
894 895 1
894 934 4
895 896 3
895 935 4
896 897 5
896 936 3
897 898 2
897 937 2
898 899 2
898 938 1
899 900 3
899 939 3
900 901 1
900 940 1
901 902 5
901 941 5
902 903 5
902 942 4
903 904 3
903 943 1
904 905 3
904 944 4
905 906 4
905 945 3
906 907 5
906 946 1
907 908 2
907 947 3
908 909 2
908 948 5
909 910 3
909 949 2
910 911 1
910 950 2
911 912 5
911 951 2
912 913 2
912 952 3
913 914 2
913 953 5
914 915 2
914 954 5
915 916 4
915 955 5
916 917 1
916 956 3
917 918 5
917 957 3
918 919 1
918 958 2
919 920 4
919 959 2
920 960 5
921 922 4
921 961 5
922 923 5
922 962 1
923 924 4
923 963 5
924 925 4
924 964 3
925 926 2
925 965 3
926 927 3
926 966 2
927 928 4
927 967 2
928 929 4
928 968 2
929 930 5
929 969 2
930 931 3
930 970 1
931 932 1
931 971 4
932 933 5
932 972 2
933 934 2
933 973 3
934 935 5
934 974 2
935 936 1
935 975 5
936 937 1
936 976 5
937 938 2
937 977 2
938 939 3
938 978 3
939 940 1
939 979 4
940 941 3
940 980 5
941 942 2
941 981 4
942 943 1
942 982 5
943 944 4
943 983 2
944 945 3
944 984 5
945 946 4
945 985 5
946 947 4
946 986 4
947 948 3
947 987 1
948 949 3
948 988 3
949 950 2
949 989 4
950 951 1
950 990 1
951 952 1
951 991 5
952 953 5
952 992 4
953 954 2
953 993 4
954 955 3
954 994 4
955 956 5
955 995 3
956 957 3
956 996 3
957 958 4
957 997 1
958 959 4
958 998 1
959 960 1
959 999 5
960 1000 4
961 962 2
961 1001 4
962 963 1
962 1002 4
963 964 3
963 1003 3
964 965 4
964 1004 4
965 966 2
965 1005 4
966 967 4
966 1006 4
967 968 4
967 1007 1
968 969 2
968 1008 3
969 970 3
969 1009 3
970 971 5
970 1010 5
971 972 4
971 1011 4
972 973 5
972 1012 4
973 974 1
973 1013 1
974 975 2
974 1014 3
975 976 2
975 1015 5
976 977 3
976 1016 3
977 978 2
977 1017 4
978 979 2
978 1018 5
979 980 5
979 1019 3
980 981 1
980 1020 2
981 982 2
981 1021 3
982 983 3
982 1022 4
983 984 4
983 1023 4
984 985 1
984 1024 5
985 986 5
985 1025 3
986 987 1
986 1026 1
987 988 4
987 1027 5
988 989 3
988 1028 2
989 990 4
989 1029 2
990 991 3
990 1030 4
991 992 5
991 1031 1
992 993 2
992 1032 5
993 994 1
993 1033 1
994 995 3
994 1034 3
995 996 4
995 1035 4
996 997 1
996 1036 4
997 998 5
997 1037 4
998 999 1
998 1038 3
999 1000 5
999 1039 3
1000 1040 4
1001 1002 5
1001 1041 3
1002 1003 4
1002 1042 5
1003 1004 3
1003 1043 3
1004 1005 4
1004 1044 1
1005 1006 4
1005 1045 2
1006 1007 5
1006 1046 1
1007 1008 2
1007 1047 5
1008 1009 1
1008 1048 3
1009 1010 3
1009 1049 3
1010 1011 4
1010 1050 3
1011 1012 2
1011 1051 4
1012 1013 5
1012 1052 3
1013 1014 5
1013 1053 4
1014 1015 5
1014 1054 4
1015 1016 3
1015 1055 2
1016 1017 2
1016 1056 3
1017 1018 5
1017 1057 4
1018 1019 4
1018 1058 5
1019 1020 5
1019 1059 4
1020 1021 3
1020 1060 3
1021 1022 3
1021 1061 2
1022 1023 4
1022 1062 2
1023 1024 1
1023 1063 3
1024 1025 2
1024 1064 2
1025 1026 5
1025 1065 2
1026 1027 4
1026 1066 2
1027 1028 3
1027 1067 1
1028 1029 2
1028 1068 5
1029 1030 2
1029 1069 5
1030 1031 1
1030 1070 5
1031 1032 1
1031 1071 5
1032 1033 1
1032 1072 1
1033 1034 1
1033 1073 3
1034 1035 2
1034 1074 1
1035 1036 4
1035 1075 3
1036 1037 1
1036 1076 3
1037 1038 5
1037 1077 1
1038 1039 1
1038 1078 4
1039 1040 4
1039 1079 4
1040 1080 3
1041 1042 5
1041 1081 5
1042 1043 3
1042 1082 5
1043 1044 1
1043 1083 1
1044 1045 4
1044 1084 5
1045 1046 1
1045 1085 1
1046 1047 2
1046 1086 3
1047 1048 4
1047 1087 3
1048 1049 2
1048 1088 5
1049 1050 3
1049 1089 5
1050 1051 2
1050 1090 4
1051 1052 2
1051 1091 4
1052 1053 1
1052 1092 4
1053 1054 4
1053 1093 5
1054 1055 2
1054 1094 3
1055 1056 2
1055 1095 4
1056 1057 2
1056 1096 1
1057 1058 5
1057 1097 2
1058 1059 2
1058 1098 1
1059 1060 4
1059 1099 2
1060 1061 1
1060 1100 1
1061 1062 4
1061 1101 3
1062 1063 1
1062 1102 4
1063 1064 2
1063 1103 1
1064 1065 5
1064 1104 5
1065 1066 4
1065 1105 5
1066 1067 5
1066 1106 1
1067 1068 4
1067 1107 2
1068 1069 4
1068 1108 5
1069 1070 1
1069 1109 1
1070 1071 2
1070 1110 4
1071 1072 5
1071 1111 4
1072 1073 5
1072 1112 5
1073 1074 3
1073 1113 5
1074 1075 3
1074 1114 3
1075 1076 3
1075 1115 4
1076 1077 1
1076 1116 4
1077 1078 2
1077 1117 2
1078 1079 5
1078 1118 2
1079 1080 5
1079 1119 5
1080 1120 5
1081 1082 1
1081 1121 2
1082 1083 1
1082 1122 4
1083 1084 1
1083 1123 4
1084 1085 2
1084 1124 4
1085 1086 2
1085 1125 2
1086 1087 1
1086 1126 2
1087 1088 3
1087 1127 2
1088 1089 2
1088 1128 1
1089 1090 4
1089 1129 3
1090 1091 3
1090 1130 3
1091 1092 2
1091 1131 4
1092 1093 3
1092 1132 4
1093 1094 2
1093 1133 1
1094 1095 2
1094 1134 2
1095 1096 2
1095 1135 1
1096 1097 3
1096 1136 2
1097 1098 3
1097 1137 1
1098 1099 1
1098 1138 3
1099 1100 5
1099 1139 1
1100 1101 2
1100 1140 4
1101 1102 3
1101 1141 1
1102 1103 4
1102 1142 4
1103 1104 4
1103 1143 1
1104 1105 1
1104 1144 1
1105 1106 4
1105 1145 2
1106 1107 3
1106 1146 5
1107 1108 1
1107 1147 5
1108 1109 3
1108 1148 1
1109 1110 5
1109 1149 4
1110 1111 2
1110 1150 2
1111 1112 5
1111 1151 2
1112 1113 5
1112 1152 4
1113 1114 1
1113 1153 1
1114 1115 5
1114 1154 5
1115 1116 1
1115 1155 4
1116 1117 3
1116 1156 3
1117 1118 2
1117 1157 4
1118 1119 3
1118 1158 5
1119 1120 4
1119 1159 5
1120 1160 5
1121 1122 1
1121 1161 4
1122 1123 3
1122 1162 1
1123 1124 3
1123 1163 4
1124 1125 4
1124 1164 3
1125 1126 3
1125 1165 2
1126 1127 2
1126 1166 4
1127 1128 1
1127 1167 1
1128 1129 2
1128 1168 3
1129 1130 5
1129 1169 5
1130 1131 4
1130 1170 4
1131 1132 2
1131 1171 5
1132 1133 3
1132 1172 3
1133 1134 3
1133 1173 4
1134 1135 3
1134 1174 1
1135 1136 5
1135 1175 5
1136 1137 1
1136 1176 5
1137 1138 2
1137 1177 2
1138 1139 4
1138 1178 3
1139 1140 1
1139 1179 1
1140 1141 4
1140 1180 2
1141 1142 5
1141 1181 1
1142 1143 5
1142 1182 1
1143 1144 3
1143 1183 5
1144 1145 5
1144 1184 2
1145 1146 5
1145 1185 2
1146 1147 3
1146 1186 3
1147 1148 3
1147 1187 5
1148 1149 3
1148 1188 3
1149 1150 5
1149 1189 3
1150 1151 2
1150 1190 2
1151 1152 2
1151 1191 5
1152 1153 2
1152 1192 5
1153 1154 2
1153 1193 1
1154 1155 2
1154 1194 5
1155 1156 2
1155 1195 3
1156 1157 2
1156 1196 5
1157 1158 2
1157 1197 3
1158 1159 1
1158 1198 2
1159 1160 5
1159 1199 2
1160 1200 1
1161 1162 2
1161 1201 1
1162 1163 5
1162 1202 5
1163 1164 4
1163 1203 2
1164 1165 2
1164 1204 4
1165 1166 1
1165 1205 4
1166 1167 5
1166 1206 2
1167 1168 4
1167 1207 1
1168 1169 4
1168 1208 1
1169 1170 2
1169 1209 1
1170 1171 5
1170 1210 5
1171 1172 1
1171 1211 4
1172 1173 4
1172 1212 2
1173 1174 3
1173 1213 2
1174 1175 2
1174 1214 3
1175 1176 3
1175 1215 2
1176 1177 3
1176 1216 2
1177 1178 4
1177 1217 1
1178 1179 3
1178 1218 4
1179 1180 3
1179 1219 1
1180 1181 3
1180 1220 4
1181 1182 5
1181 1221 4
1182 1183 3
1182 1222 5
1183 1184 4
1183 1223 2
1184 1185 3
1184 1224 5
1185 1186 5
1185 1225 5
1186 1187 1
1186 1226 3
1187 1188 5
1187 1227 5
1188 1189 4
1188 1228 1
1189 1190 2
1189 1229 4
1190 1191 2
1190 1230 2
1191 1192 2
1191 1231 1
1192 1193 4
1192 1232 1
1193 1194 3
1193 1233 5
1194 1195 1
1194 1234 5
1195 1196 2
1195 1235 4
1196 1197 4
1196 1236 4
1197 1198 5
1197 1237 3
1198 1199 2
1198 1238 5
1199 1200 1
1199 1239 3
1200 1240 3
1201 1202 1
1201 1241 5
1202 1203 3
1202 1242 1
1203 1204 2
1203 1243 3
1204 1205 4
1204 1244 1
1205 1206 3
1205 1245 5
1206 1207 5
1206 1246 1
1207 1208 1
1207 1247 3
1208 1209 2
1208 1248 1
1209 1210 3
1209 1249 3
1210 1211 5
1210 1250 5
1211 1212 2
1211 1251 3
1212 1213 3
1212 1252 2
1213 1214 3
1213 1253 4
1214 1215 4
1214 1254 3
1215 1216 2
1215 1255 1
1216 1217 5
1216 1256 4
1217 1218 3
1217 1257 1
1218 1219 3
1218 1258 4
1219 1220 4
1219 1259 5
1220 1221 1
1220 1260 4
1221 1222 5
1221 1261 3
1222 1223 5
1222 1262 3
1223 1224 4
1223 1263 1
1224 1225 4
1224 1264 2
1225 1226 5
1225 1265 4
1226 1227 3
1226 1266 2
1227 1228 2
1227 1267 5
1228 1229 3
1228 1268 2
1229 1230 4
1229 1269 2
1230 1231 1
1230 1270 5
1231 1232 2
1231 1271 2
1232 1233 4
1232 1272 3
1233 1234 2
1233 1273 4
1234 1235 1
1234 1274 5
1235 1236 3
1235 1275 2
1236 1237 4
1236 1276 2
1237 1238 2
1237 1277 4
1238 1239 3
1238 1278 5
1239 1240 4
1239 1279 3
1240 1280 1
1241 1242 4
1241 1281 1
1242 1243 1
1242 1282 2
1243 1244 5
1243 1283 4
1244 1245 4
1244 1284 4
1245 1246 2
1245 1285 1
1246 1247 3
1246 1286 2
1247 1248 2
1247 1287 1
1248 1249 3
1248 1288 1
1249 1250 4
1249 1289 4
1250 1251 3
1250 1290 3
1251 1252 5
1251 1291 5
1252 1253 4
1252 1292 4
1253 1254 2
1253 1293 5
1254 1255 5
1254 1294 5
1255 1256 2
1255 1295 3
1256 1257 1
1256 1296 3
1257 1258 4
1257 1297 2
1258 1259 4
1258 1298 4
1259 1260 3
1259 1299 2
1260 1261 4
1260 1300 3
1261 1262 3
1261 1301 1
1262 1263 3
1262 1302 3
1263 1264 3
1263 1303 4
1264 1265 1
1264 1304 3
1265 1266 3
1265 1305 3
1266 1267 1
1266 1306 4
1267 1268 4
1267 1307 2
1268 1269 5
1268 1308 4
1269 1270 5
1269 1309 5
1270 1271 1
1270 1310 4
1271 1272 5
1271 1311 4
1272 1273 2
1272 1312 1
1273 1274 3
1273 1313 5
1274 1275 5
1274 1314 3
1275 1276 1
1275 1315 1
1276 1277 2
1276 1316 3
1277 1278 3
1277 1317 2
1278 1279 4
1278 1318 2
1279 1280 1
1279 1319 1
1280 1320 4
1281 1282 5
1281 1321 4
1282 1283 3
1282 1322 3
1283 1284 2
1283 1323 2
1284 1285 4
1284 1324 4
1285 1286 3
1285 1325 5
1286 1287 4
1286 1326 5
1287 1288 1
1287 1327 1
1288 1289 4
1288 1328 2
1289 1290 5
1289 1329 4
1290 1291 4
1290 1330 3
1291 1292 1
1291 1331 4
1292 1293 2
1292 1332 3
1293 1294 3
1293 1333 4
1294 1295 4
1294 1334 5
1295 1296 1
1295 1335 3
1296 1297 2
1296 1336 1
1297 1298 1
1297 1337 2
1298 1299 1
1298 1338 4
1299 1300 5
1299 1339 1
1300 1301 1
1300 1340 4
1301 1302 2
1301 1341 4
1302 1303 5
1302 1342 3
1303 1304 5
1303 1343 2
1304 1305 4
1304 1344 5
1305 1306 2
1305 1345 1
1306 1307 3
1306 1346 1
1307 1308 1
1307 1347 3
1308 1309 4
1308 1348 1
1309 1310 4
1309 1349 4
1310 1311 5
1310 1350 4
1311 1312 5
1311 1351 4
1312 1313 3
1312 1352 1
1313 1314 2
1313 1353 2
1314 1315 4
1314 1354 2
1315 1316 3
1315 1355 1
1316 1317 4
1316 1356 5
1317 1318 1
1317 1357 4
1318 1319 5
1318 1358 1
1319 1320 5
1319 1359 5
1320 1360 4
1321 1322 4
1321 1361 3
1322 1323 3
1322 1362 1
1323 1324 2
1323 1363 1
1324 1325 3
1324 1364 3
1325 1326 4
1325 1365 5
1326 1327 3
1326 1366 3
1327 1328 3
1327 1367 1
1328 1329 1
1328 1368 1
1329 1330 3
1329 1369 5
1330 1331 5
1330 1370 1
1331 1332 5
1331 1371 4
1332 1333 5
1332 1372 2
1333 1334 1
1333 1373 1
1334 1335 5
1334 1374 5
1335 1336 1
1335 1375 5
1336 1337 4
1336 1376 4
1337 1338 3
1337 1377 4
1338 1339 1
1338 1378 2
1339 1340 3
1339 1379 5
1340 1341 2
1340 1380 5
1341 1342 5
1341 1381 5
1342 1343 3
1342 1382 1
1343 1344 3
1343 1383 4
1344 1345 4
1344 1384 3
1345 1346 4
1345 1385 3
1346 1347 5
1346 1386 2
1347 1348 1
1347 1387 1
1348 1349 3
1348 1388 1
1349 1350 3
1349 1389 2
1350 1351 3
1350 1390 1
1351 1352 4
1351 1391 1
1352 1353 2
1352 1392 4
1353 1354 4
1353 1393 5
1354 1355 4
1354 1394 1
1355 1356 3
1355 1395 2
1356 1357 2
1356 1396 2
1357 1358 3
1357 1397 3
1358 1359 1
1358 1398 2
1359 1360 4
1359 1399 2
1360 1400 5
1361 1362 4
1361 1401 1
1362 1363 1
1362 1402 1
1363 1364 4
1363 1403 3
1364 1365 5
1364 1404 1
1365 1366 3
1365 1405 5
1366 1367 2
1366 1406 1
1367 1368 5
1367 1407 1
1368 1369 4
1368 1408 4
1369 1370 5
1369 1409 5
1370 1371 5
1370 1410 4
1371 1372 1
1371 1411 2
1372 1373 2
1372 1412 3
1373 1374 5
1373 1413 5
1374 1375 4
1374 1414 2
1375 1376 4
1375 1415 2
1376 1377 5
1376 1416 4
1377 1378 2
1377 1417 2
1378 1379 4
1378 1418 1
1379 1380 4
1379 1419 4
1380 1381 1
1380 1420 3
1381 1382 1
1381 1421 3
1382 1383 3
1382 1422 5
1383 1384 5
1383 1423 5
1384 1385 3
1384 1424 3
1385 1386 3
1385 1425 3
1386 1387 5
1386 1426 4
1387 1388 1
1387 1427 5
1388 1389 2
1388 1428 2
1389 1390 4
1389 1429 2
1390 1391 2
1390 1430 1
1391 1392 2
1391 1431 3
1392 1393 5
1392 1432 1
1393 1394 3
1393 1433 1
1394 1395 4
1394 1434 1
1395 1396 2
1395 1435 1
1396 1397 2
1396 1436 1
1397 1398 5
1397 1437 3
1398 1399 4
1398 1438 4
1399 1400 4
1399 1439 3
1400 1440 5
1401 1402 1
1401 1441 1
1402 1403 3
1402 1442 1
1403 1404 2
1403 1443 4
1404 1405 1
1404 1444 2
1405 1406 3
1405 1445 5
1406 1407 1
1406 1446 4
1407 1408 3
1407 1447 1
1408 1409 5
1408 1448 5
1409 1410 5
1409 1449 3
1410 1411 3
1410 1450 4
1411 1412 2
1411 1451 5
1412 1413 2
1412 1452 5
1413 1414 2
1413 1453 2
1414 1415 5
1414 1454 5
1415 1416 2
1415 1455 3
1416 1417 5
1416 1456 4
1417 1418 1
1417 1457 3
1418 1419 4
1418 1458 5
1419 1420 3
1419 1459 5
1420 1421 5
1420 1460 5
1421 1422 2
1421 1461 2
1422 1423 5
1422 1462 2
1423 1424 3
1423 1463 5
1424 1425 5
1424 1464 2
1425 1426 3
1425 1465 4
1426 1427 3
1426 1466 3
1427 1428 1
1427 1467 1
1428 1429 5
1428 1468 1
1429 1430 1
1429 1469 3
1430 1431 5
1430 1470 4
1431 1432 3
1431 1471 1
1432 1433 1
1432 1472 5
1433 1434 4
1433 1473 2
1434 1435 1
1434 1474 1
1435 1436 4
1435 1475 5
1436 1437 3
1436 1476 3
1437 1438 2
1437 1477 3
1438 1439 4
1438 1478 5
1439 1440 5
1439 1479 2
1440 1480 5
1441 1442 1
1441 1481 5
1442 1443 2
1442 1482 1
1443 1444 3
1443 1483 3
1444 1445 3
1444 1484 2
1445 1446 1
1445 1485 1
1446 1447 3
1446 1486 4
1447 1448 5
1447 1487 5
1448 1449 1
1448 1488 5
1449 1450 2
1449 1489 1
1450 1451 1
1450 1490 1
1451 1452 4
1451 1491 3
1452 1453 2
1452 1492 3
1453 1454 1
1453 1493 1
1454 1455 4
1454 1494 2
1455 1456 1
1455 1495 4
1456 1457 2
1456 1496 2
1457 1458 1
1457 1497 3
1458 1459 3
1458 1498 5
1459 1460 3
1459 1499 1
1460 1461 3
1460 1500 2
1461 1462 1
1461 1501 2
1462 1463 1
1462 1502 1
1463 1464 3
1463 1503 3
1464 1465 3
1464 1504 5
1465 1466 5
1465 1505 2
1466 1467 3
1466 1506 5
1467 1468 3
1467 1507 1
1468 1469 3
1468 1508 3
1469 1470 5
1469 1509 1
1470 1471 1
1470 1510 2
1471 1472 1
1471 1511 4
1472 1473 5
1472 1512 5
1473 1474 3
1473 1513 5
1474 1475 1
1474 1514 3
1475 1476 3
1475 1515 5
1476 1477 1
1476 1516 2
1477 1478 3
1477 1517 4
1478 1479 4
1478 1518 5
1479 1480 2
1479 1519 4
1480 1520 4
1481 1482 2
1481 1521 5
1482 1483 5
1482 1522 2
1483 1484 3
1483 1523 3
1484 1485 4
1484 1524 2
1485 1486 1
1485 1525 1
1486 1487 2
1486 1526 2
1487 1488 3
1487 1527 2
1488 1489 4
1488 1528 2
1489 1490 1
1489 1529 1
1490 1491 2
1490 1530 4
1491 1492 3
1491 1531 2
1492 1493 2
1492 1532 2
1493 1494 1
1493 1533 2
1494 1495 4
1494 1534 1
1495 1496 5
1495 1535 1
1496 1497 1
1496 1536 2
1497 1498 4
1497 1537 4
1498 1499 5
1498 1538 5
1499 1500 5
1499 1539 5
1500 1501 5
1500 1540 3
1501 1502 2
1501 1541 5
1502 1503 1
1502 1542 1
1503 1504 4
1503 1543 1
1504 1505 5
1504 1544 4
1505 1506 1
1505 1545 4
1506 1507 4
1506 1546 3
1507 1508 5
1507 1547 4
1508 1509 5
1508 1548 1
1509 1510 1
1509 1549 3
1510 1511 3
1510 1550 5
1511 1512 3
1511 1551 3
1512 1513 1
1512 1552 4
1513 1514 4
1513 1553 4
1514 1515 2
1514 1554 5
1515 1516 1
1515 1555 1
1516 1517 2
1516 1556 4
1517 1518 1
1517 1557 4
1518 1519 5
1518 1558 1
1519 1520 4
1519 1559 2
1520 1560 1
1521 1522 3
1521 1561 3
1522 1523 5
1522 1562 1
1523 1524 1
1523 1563 2
1524 1525 2
1524 1564 5
1525 1526 3
1525 1565 5
1526 1527 5
1526 1566 4
1527 1528 2
1527 1567 1
1528 1529 3
1528 1568 2
1529 1530 5
1529 1569 2
1530 1531 4
1530 1570 1
1531 1532 4
1531 1571 4
1532 1533 1
1532 1572 1
1533 1534 1
1533 1573 3
1534 1535 4
1534 1574 4
1535 1536 5
1535 1575 3
1536 1537 3
1536 1576 4
1537 1538 4
1537 1577 3
1538 1539 4
1538 1578 4
1539 1540 4
1539 1579 5
1540 1541 3
1540 1580 5
1541 1542 1
1541 1581 2
1542 1543 5
1542 1582 1
1543 1544 2
1543 1583 3
1544 1545 1
1544 1584 4
1545 1546 1
1545 1585 4
1546 1547 5
1546 1586 4
1547 1548 4
1547 1587 2
1548 1549 1
1548 1588 5
1549 1550 5
1549 1589 4
1550 1551 5
1550 1590 3
1551 1552 4
1551 1591 3
1552 1553 2
1552 1592 3
1553 1554 4
1553 1593 2
1554 1555 2
1554 1594 4
1555 1556 3
1555 1595 3
1556 1557 4
1556 1596 4
1557 1558 2
1557 1597 1
1558 1559 4
1558 1598 5
1559 1560 1
1559 1599 2
1560 1600 4
1561 1562 5
1562 1563 4
1563 1564 5
1564 1565 5
1565 1566 2
1566 1567 4
1567 1568 4
1568 1569 2
1569 1570 1
1570 1571 4
1571 1572 1
1572 1573 5
1573 1574 1
1574 1575 3
1575 1576 5
1576 1577 3
1577 1578 4
1578 1579 4
1579 1580 3
1580 1581 5
1581 1582 5
1582 1583 3
1583 1584 1
1584 1585 2
1585 1586 5
1586 1587 1
1587 1588 3
1588 1589 3
1589 1590 2
1590 1591 5
1591 1592 4
1592 1593 1
1593 1594 4
1594 1595 1
1595 1596 1
1596 1597 3
1597 1598 5
1598 1599 4
1599 1600 4
1 1561 4
2 1562 1
3 1563 4
4 1564 4
5 1565 2
6 1566 3
7 1567 1
8 1568 2
9 1569 1
10 1570 1
11 1571 3
12 1572 2
13 1573 1
14 1574 5
15 1575 5
16 1576 5
17 1577 4
18 1578 3
19 1579 3
20 1580 5
21 1581 4
22 1582 1
23 1583 2
24 1584 4
25 1585 4
26 1586 1
27 1587 3
28 1588 5
29 1589 3
30 1590 2
31 1591 3
32 1592 3
33 1593 4
34 1594 5
35 1595 5
36 1596 5
37 1597 3
38 1598 1
39 1599 3
40 1600 4
1 40 5
41 80 3
81 120 2
121 160 1
161 200 1
201 240 5
241 280 3
281 320 5
321 360 3
361 400 4
401 440 5
441 480 3
481 520 1
521 560 4
561 600 1
601 640 5
641 680 3
681 720 5
721 760 1
761 800 4
801 840 3
841 880 2
881 920 5
921 960 4
961 1000 3
1001 1040 4
1041 1080 3
1081 1120 5
1121 1160 5
1161 1200 1
1201 1240 1
1241 1280 2
1281 1320 5
1321 1360 1
1361 1400 5
1401 1440 1
1441 1480 2
1481 1520 1
1521 1560 3
1561 1600 2
