1600 3200
1 2 3
1 41 2
2 3 5
2 42 3
3 4 2
3 43 3
4 5 2
4 44 4
5 6 2
5 45 5
6 7 2
6 46 2
7 8 3
7 47 1
8 9 3
8 48 2
9 10 1
9 49 4
10 11 5
10 50 2
11 12 1
11 51 2
12 13 2
12 52 1
13 14 4
13 53 2
14 15 1
14 54 5
15 16 5
15 55 3
16 17 4
16 56 5
17 18 5
17 57 2
18 19 2
18 58 3
19 20 5
19 59 4
20 21 1
20 60 4
21 22 5
21 61 1
22 23 2
22 62 2
23 24 1
23 63 4
24 25 1
24 64 5
25 26 4
25 65 3
26 27 5
26 66 3
27 28 3
27 67 1
28 29 2
28 68 2
29 30 1
29 69 3
30 31 1
30 70 3
31 32 3
31 71 2
32 33 5
32 72 4
33 34 3
33 73 4
34 35 2
34 74 4
35 36 2
35 75 3
36 37 4
36 76 5
37 38 1
37 77 2
38 39 3
38 78 1
39 40 5
39 79 2
40 80 4
41 42 4
41 81 2
42 43 2
42 82 4
43 44 2
43 83 1
44 45 4
44 84 5
45 46 3
45 85 2
46 47 1
46 86 3
47 48 4
47 87 5
48 49 3
48 88 3
49 50 2
49 89 1
50 51 5
50 90 4
51 52 1
51 91 4
52 53 2
52 92 5
53 54 2
53 93 4
54 55 3
54 94 5
55 56 2
55 95 4
56 57 2
56 96 4
57 58 1
57 97 4
58 59 4
58 98 5
59 60 1
59 99 3
60 61 3
60 100 1
61 62 1
61 101 1
62 63 1
62 102 3
63 64 1
63 103 1
64 65 2
64 104 5
65 66 2
65 105 1
66 67 3
66 106 2
67 68 3
67 107 4
68 69 5
68 108 1
69 70 4
69 109 5
70 71 5
70 110 1
71 72 3
71 111 5
72 73 2
72 112 4
73 74 5
73 113 4
74 75 2
74 114 1
75 76 5
75 115 5
76 77 3
76 116 2
77 78 4
77 117 5
78 79 1
78 118 2
79 80 5
79 119 2
80 120 5
81 82 2
81 121 3
82 83 1
82 122 2
83 84 5
83 123 2
84 85 4
84 124 3
85 86 3
85 125 5
86 87 1
86 126 1
87 88 3
87 127 5
88 89 3
88 128 2
89 90 3
89 129 3
90 91 1
90 130 3
91 92 1
91 131 4
92 93 1
92 132 5
93 94 1
93 133 5
94 95 5
94 134 1
95 96 1
95 135 3
96 97 2
96 136 1
97 98 4
97 137 4
98 99 1
98 138 2
99 100 1
99 139 3
100 101 4
100 140 3
101 102 5
101 141 1
102 103 2
102 142 2
103 104 3
103 143 5
104 105 4
104 144 3
105 106 5
105 145 4
106 107 4
106 146 3
107 108 4
107 147 1
108 109 2
108 148 1
109 110 2
109 149 2
110 111 2
110 150 3
111 112 3
111 151 3
112 113 2
112 152 4
113 114 2
113 153 5
114 115 1
114 154 5
115 116 4
115 155 5
116 117 2
116 156 1
117 118 2
117 157 4
118 119 1
118 158 5
119 120 4
119 159 2
120 160 5
121 122 1
121 161 5
122 123 4
122 162 4
123 124 4
123 163 1
124 125 2
124 164 5
125 126 5
125 165 4
126 127 5
126 166 4
127 128 2
127 167 3
128 129 1
128 168 5
129 130 3
129 169 1
130 131 1
130 170 4
131 132 5
131 171 5
132 133 4
132 172 4
133 134 2
133 173 5
134 135 4
134 174 2
135 136 4
135 175 2
136 137 2
136 176 2
137 138 5
137 177 3
138 139 1
138 178 4
139 140 4
139 179 4
140 141 5
140 180 4
141 142 5
141 181 2
142 143 4
142 182 3
143 144 5
143 183 3
144 145 4
144 184 3
145 146 3
145 185 1
146 147 5
146 186 3
147 148 1
147 187 1
148 149 4
148 188 3
149 150 3
149 189 2
150 151 1
150 190 5
151 152 3
151 191 5
152 153 3
152 192 3
153 154 2
153 193 1
154 155 2
154 194 3
155 156 3
155 195 2
156 157 4
156 196 3
157 158 2
157 197 5
158 159 4
158 198 2
159 160 4
159 199 1
160 200 4
161 162 3
161 201 3
162 163 5
162 202 4
163 164 1
163 203 2
164 165 2
164 204 2
165 166 4
165 205 5
166 167 5
166 206 2
167 168 2
167 207 5
168 169 3
168 208 5
169 170 4
169 209 4
170 171 1
170 210 5
171 172 1
171 211 5
172 173 5
172 212 4
173 174 3
173 213 2
174 175 3
174 214 2
175 176 1
175 215 1
176 177 3
176 216 1
177 178 5
177 217 5
178 179 2
178 218 2
179 180 5
179 219 1
180 181 4
180 220 4
181 182 5
181 221 1
182 183 2
182 222 2
183 184 4
183 223 4
184 185 2
184 224 2
185 186 4
185 225 2
186 187 1
186 226 3
187 188 3
187 227 5
188 189 2
188 228 1
189 190 2
189 229 5
190 191 2
190 230 2
191 192 4
191 231 2
192 193 2
192 232 5
193 194 5
193 233 3
194 195 5
194 234 2
195 196 4
195 235 1
196 197 4
196 236 4
197 198 4
197 237 2
198 199 4
198 238 1
199 200 5
199 239 1
200 240 4
201 202 5
201 241 5
202 203 4
202 242 4
203 204 2
203 243 3
204 205 1
204 244 3
205 206 2
205 245 3
206 207 5
206 246 5
207 208 5
207 247 1
208 209 5
208 248 5
209 210 5
209 249 4
210 211 4
210 250 1
211 212 3
211 251 1
212 213 3
212 252 5
213 214 1
213 253 3
214 215 3
214 254 1
215 216 3
215 255 5
216 217 4
216 256 1
217 218 4
217 257 1
218 219 2
218 258 2
219 220 2
219 259 2
220 221 5
220 260 2
221 222 5
221 261 4
222 223 4
222 262 2
223 224 4
223 263 2
224 225 2
224 264 3
225 226 3
225 265 2
226 227 1
226 266 1
227 228 2
227 267 4
228 229 3
228 268 2
229 230 2
229 269 2
230 231 2
230 270 2
231 232 4
231 271 4
232 233 3
232 272 1
233 234 1
233 273 1
234 235 1
234 274 4
235 236 3
235 275 4
236 237 4
236 276 3
237 238 2
237 277 3
238 239 1
238 278 4
239 240 4
239 279 2
240 280 5
241 242 1
241 281 4
242 243 1
242 282 1
243 244 4
243 283 3
244 245 5
244 284 5
245 246 5
245 285 3
246 247 3
246 286 4
247 248 3
247 287 2
248 249 5
248 288 2
249 250 5
249 289 2
250 251 1
250 290 2
251 252 5
251 291 1
252 253 3
252 292 1
253 254 5
253 293 2
254 255 1
254 294 2
255 256 2
255 295 2
256 257 1
256 296 4
257 258 4
257 297 2
258 259 4
258 298 3
259 260 3
259 299 1
260 261 1
260 300 1
261 262 2
261 301 2
262 263 1
262 302 5
263 264 5
263 303 3
264 265 2
264 304 1
265 266 1
265 305 2
266 267 4
266 306 4
267 268 4
267 307 5
268 269 3
268 308 1
269 270 2
269 309 2
270 271 4
270 310 5
271 272 1
271 311 2
272 273 2
272 312 4
273 274 5
273 313 4
274 275 2
274 314 2
275 276 3
275 315 3
276 277 3
276 316 4
277 278 4
277 317 3
278 279 5
278 318 3
279 280 4
279 319 2
280 320 2
281 282 1
281 321 2
282 283 1
282 322 1
283 284 3
283 323 5
284 285 5
284 324 4
285 286 1
285 325 5
286 287 4
286 326 1
287 288 4
287 327 4
288 289 4
288 328 4
289 290 2
289 329 4
290 291 4
290 330 3
291 292 2
291 331 1
292 293 4
292 332 2
293 294 4
293 333 2
294 295 3
294 334 5
295 296 3
295 335 1
296 297 4
296 336 5
297 298 2
297 337 4
298 299 2
298 338 4
299 300 3
299 339 2
300 301 4
300 340 5
301 302 5
301 341 1
302 303 1
302 342 2
303 304 4
303 343 5
304 305 3
304 344 4
305 306 3
305 345 3
306 307 5
306 346 1
307 308 5
307 347 2
308 309 4
308 348 3
309 310 3
309 349 5
310 311 1
310 350 2
311 312 3
311 351 4
312 313 1
312 352 4
313 314 5
313 353 3
314 315 3
314 354 4
315 316 5
315 355 2
316 317 5
316 356 2
317 318 5
317 357 5
318 319 4
318 358 2
319 320 5
319 359 2
320 360 3
321 322 2
321 361 1
322 323 2
322 362 5
323 324 5
323 363 3
324 325 4
324 364 4
325 326 3
325 365 4
326 327 5
326 366 1
327 328 5
327 367 1
328 329 2
328 368 4
329 330 1
329 369 5
330 331 4
330 370 5
331 332 4
331 371 2
332 333 3
332 372 4
333 334 4
333 373 3
334 335 4
334 374 5
335 336 3
335 375 5
336 337 4
336 376 5
337 338 3
337 377 3
338 339 4
338 378 3
339 340 4
339 379 4
340 341 3
340 380 2
341 342 5
341 381 3
342 343 5
342 382 5
343 344 5
343 383 3
344 345 4
344 384 1
345 346 5
345 385 1
346 347 5
346 386 5
347 348 4
347 387 5
348 349 5
348 388 2
349 350 4
349 389 5
350 351 4
350 390 2
351 352 5
351 391 1
352 353 4
352 392 2
353 354 3
353 393 1
354 355 3
354 394 1
355 356 5
355 395 1
356 357 3
356 396 3
357 358 1
357 397 3
358 359 5
358 398 3
359 360 5
359 399 4
360 400 2
361 362 5
361 401 2
362 363 1
362 402 4
363 364 2
363 403 2
364 365 1
364 404 5
365 366 4
365 405 5
366 367 2
366 406 3
367 368 1
367 407 5
368 369 4
368 408 2
369 370 5
369 409 2
370 371 3
370 410 2
371 372 4
371 411 2
372 373 3
372 412 4
373 374 3
373 413 5
374 375 2
374 414 1
375 376 4
375 415 4
376 377 5
376 416 4
377 378 5
377 417 1
378 379 4
378 418 4
379 380 5
379 419 4
380 381 3
380 420 2
381 382 3
381 421 5
382 383 4
382 422 2
383 384 3
383 423 3
384 385 2
384 424 5
385 386 3
385 425 1
386 387 1
386 426 5
387 388 3
387 427 1
388 389 4
388 428 1
389 390 1
389 429 3
390 391 2
390 430 3
391 392 1
391 431 1
392 393 3
392 432 4
393 394 1
393 433 5
394 395 5
394 434 4
395 396 5
395 435 1
396 397 4
396 436 1
397 398 1
397 437 2
398 399 1
398 438 2
399 400 5
399 439 2
400 440 2
401 402 4
401 441 5
402 403 2
402 442 3
403 404 4
403 443 1
404 405 4
404 444 1
405 406 4
405 445 3
406 407 4
406 446 4
407 408 5
407 447 4
408 409 4
408 448 5
409 410 4
409 449 3
410 411 1
410 450 5
411 412 2
411 451 2
412 413 2
412 452 4
413 414 4
413 453 1
414 415 5
414 454 4
415 416 4
415 455 2
416 417 2
416 456 4
417 418 1
417 457 5
418 419 5
418 458 5
419 420 2
419 459 3
420 421 2
420 460 1
421 422 5
421 461 4
422 423 5
422 462 3
423 424 3
423 463 4
424 425 4
424 464 4
425 426 5
425 465 1
426 427 5
426 466 3
427 428 3
427 467 1
428 429 1
428 468 5
429 430 3
429 469 5
430 431 5
430 470 1
431 432 2
431 471 1
432 433 2
432 472 1
433 434 5
433 473 5
434 435 3
434 474 5
435 436 2
435 475 4
436 437 5
436 476 3
437 438 3
437 477 2
438 439 1
438 478 4
439 440 1
439 479 3
440 480 3
441 442 1
441 481 3
442 443 5
442 482 1
443 444 4
443 483 3
444 445 3
444 484 1
445 446 2
445 485 5
446 447 5
446 486 4
447 448 1
447 487 2
448 449 5
448 488 4
449 450 3
449 489 4
450 451 4
450 490 1
451 452 4
451 491 4
452 453 5
452 492 1
453 454 4
453 493 2
454 455 5
454 494 1
455 456 5
455 495 2
456 457 1
456 496 1
457 458 3
457 497 1
458 459 3
458 498 3
459 460 1
459 499 2
460 461 5
460 500 1
461 462 1
461 501 4
462 463 2
462 502 1
463 464 4
463 503 4
464 465 3
464 504 3
465 466 5
465 505 4
466 467 1
466 506 3
467 468 3
467 507 3
468 469 3
468 508 1
469 470 5
469 509 4
470 471 4
470 510 2
471 472 3
471 511 4
472 473 5
472 512 1
473 474 2
473 513 2
474 475 3
474 514 3
475 476 3
475 515 5
476 477 3
476 516 5
477 478 1
477 517 1
478 479 2
478 518 2
479 480 2
479 519 4
480 520 5
481 482 4
481 521 3
482 483 4
482 522 3
483 484 5
483 523 1
484 485 5
484 524 3
485 486 1
485 525 5
486 487 1
486 526 5
487 488 3
487 527 4
488 489 1
488 528 4
489 490 3
489 529 3
490 491 1
490 530 2
491 492 4
491 531 2
492 493 5
492 532 4
493 494 1
493 533 4
494 495 4
494 534 1
495 496 4
495 535 2
496 497 1
496 536 5
497 498 4
497 537 4
498 499 2
498 538 3
499 500 1
499 539 3
500 501 5
500 540 2
501 502 4
501 541 1
502 503 5
502 542 5
503 504 4
503 543 1
504 505 3
504 544 4
505 506 1
505 545 1
506 507 3
506 546 2
507 508 5
507 547 3
508 509 4
508 548 2
509 510 5
509 549 2
510 511 1
510 550 3
511 512 1
511 551 1
512 513 1
512 552 2
513 514 4
513 553 2
514 515 3
514 554 3
515 516 2
515 555 5
516 517 4
516 556 5
517 518 3
517 557 4
518 519 4
518 558 1
519 520 3
519 559 1
520 560 5
521 522 4
521 561 4
522 523 2
522 562 4
523 524 3
523 563 4
524 525 4
524 564 3
525 526 1
525 565 1
526 527 2
526 566 1
527 528 2
527 567 1
528 529 4
528 568 1
529 530 1
529 569 2
530 531 2
530 570 4
531 532 2
531 571 4
532 533 1
532 572 1
533 534 5
533 573 2
534 535 3
534 574 1
535 536 4
535 575 4
536 537 3
536 576 5
537 538 4
537 577 4
538 539 4
538 578 4
539 540 5
539 579 2
540 541 2
540 580 5
541 542 4
541 581 1
542 543 3
542 582 4
543 544 4
543 583 3
544 545 5
544 584 5
545 546 1
545 585 5
546 547 3
546 586 4
547 548 5
547 587 1
548 549 3
548 588 3
549 550 4
549 589 1
550 551 3
550 590 1
551 552 4
551 591 5
552 553 2
552 592 2
553 554 2
553 593 3
554 555 3
554 594 1
555 556 1
555 595 1
556 557 1
556 596 3
557 558 4
557 597 4
558 559 1
558 598 4
559 560 3
559 599 4
560 600 3
561 562 3
561 601 1
562 563 4
562 602 1
563 564 4
563 603 5
564 565 1
564 604 5
565 566 1
565 605 1
566 567 4
566 606 5
567 568 2
567 607 5
568 569 4
568 608 2
569 570 4
569 609 5
570 571 1
570 610 3
571 572 5
571 611 3
572 573 4
572 612 1
573 574 5
573 613 1
574 575 3
574 614 3
575 576 5
575 615 4
576 577 5
576 616 4
577 578 2
577 617 5
578 579 2
578 618 1
579 580 1
579 619 2
580 581 5
580 620 5
581 582 3
581 621 3
582 583 1
582 622 4
583 584 5
583 623 1
584 585 2
584 624 5
585 586 4
585 625 4
586 587 4
586 626 4
587 588 4
587 627 4
588 589 3
588 628 2
589 590 5
589 629 2
590 591 5
590 630 4
591 592 5
591 631 5
592 593 5
592 632 3
593 594 2
593 633 5
594 595 3
594 634 3
595 596 4
595 635 3
596 597 1
596 636 4
597 598 1
597 637 5
598 599 3
598 638 2
599 600 4
599 639 3
600 640 1
601 602 4
601 641 1
602 603 1
602 642 1
603 604 4
603 643 2
604 605 1
604 644 4
605 606 3
605 645 3
606 607 4
606 646 5
607 608 2
607 647 3
608 609 4
608 648 2
609 610 1
609 649 3
610 611 2
610 650 2
611 612 4
611 651 1
612 613 5
612 652 3
613 614 1
613 653 1
614 615 1
614 654 3
615 616 3
615 655 4
616 617 5
616 656 3
617 618 4
617 657 5
618 619 2
618 658 2
619 620 5
619 659 5
620 621 4
620 660 3
621 622 2
621 661 4
622 623 2
622 662 3
623 624 1
623 663 1
624 625 1
624 664 1
625 626 2
625 665 3
626 627 5
626 666 2
627 628 1
627 667 1
628 629 1
628 668 2
629 630 4
629 669 4
630 631 3
630 670 1
631 632 3
631 671 1
632 633 3
632 672 1
633 634 2
633 673 2
634 635 3
634 674 1
635 636 2
635 675 4
636 637 5
636 676 1
637 638 5
637 677 3
638 639 5
638 678 1
639 640 2
639 679 4
640 680 1
641 642 5
641 681 4
642 643 2
642 682 4
643 644 2
643 683 5
644 645 2
644 684 2
645 646 4
645 685 4
646 647 5
646 686 5
647 648 4
647 687 5
648 649 3
648 688 2
649 650 2
649 689 4
650 651 5
650 690 5
651 652 1
651 691 4
652 653 2
652 692 2
653 654 4
653 693 3
654 655 5
654 694 2
655 656 2
655 695 1
656 657 3
656 696 3
657 658 1
657 697 1
658 659 2
658 698 1
659 660 3
659 699 4
660 661 4
660 700 2
661 662 3
661 701 2
662 663 3
662 702 2
663 664 1
663 703 1
664 665 1
664 704 2
665 666 3
665 705 5
666 667 5
666 706 2
667 668 5
667 707 3
668 669 5
668 708 4
669 670 2
669 709 5
670 671 5
670 710 3
671 672 2
671 711 2
672 673 1
672 712 1
673 674 3
673 713 3
674 675 4
674 714 5
675 676 5
675 715 1
676 677 1
676 716 2
677 678 3
677 717 4
678 679 5
678 718 3
679 680 4
679 719 1
680 720 4
681 682 4
681 721 5
682 683 1
682 722 1
683 684 5
683 723 3
684 685 1
684 724 3
685 686 5
685 725 5
686 687 4
686 726 5
687 688 4
687 727 5
688 689 5
688 728 4
689 690 3
689 729 1
690 691 4
690 730 2
691 692 5
691 731 3
692 693 4
692 732 4
693 694 2
693 733 2
694 695 2
694 734 1
695 696 1
695 735 4
696 697 1
696 736 3
697 698 5
697 737 5
698 699 4
698 738 3
699 700 1
699 739 1
700 701 3
700 740 2
701 702 5
701 741 4
702 703 5
702 742 3
703 704 4
703 743 3
704 705 4
704 744 4
705 706 5
705 745 4
706 707 4
706 746 5
707 708 5
707 747 5
708 709 2
708 748 5
709 710 2
709 749 1
710 711 1
710 750 4
711 712 2
711 751 3
712 713 4
712 752 1
713 714 3
713 753 2
714 715 5
714 754 5
715 716 5
715 755 3
716 717 1
716 756 1
717 718 3
717 757 2
718 719 3
718 758 2
719 720 2
719 759 1
720 760 4
721 722 4
721 761 1
722 723 4
722 762 4
723 724 4
723 763 5
724 725 2
724 764 1
725 726 3
725 765 1
726 727 1
726 766 2
727 728 5
727 767 1
728 729 1
728 768 2
729 730 4
729 769 5
730 731 2
730 770 4
731 732 3
731 771 5
732 733 3
732 772 2
733 734 3
733 773 2
734 735 4
734 774 2
735 736 4
735 775 5
736 737 5
736 776 1
737 738 4
737 777 3
738 739 5
738 778 3
739 740 4
739 779 3
740 741 2
740 780 3
741 742 4
741 781 1
742 743 4
742 782 2
743 744 4
743 783 1
744 745 1
744 784 1
745 746 2
745 785 2
746 747 4
746 786 2
747 748 4
747 787 5
748 749 5
748 788 1
749 750 3
749 789 1
750 751 4
750 790 2
751 752 4
751 791 1
752 753 4
752 792 5
753 754 4
753 793 5
754 755 4
754 794 5
755 756 1
755 795 5
756 757 1
756 796 4
757 758 2
757 797 2
758 759 3
758 798 5
759 760 2
759 799 3
760 800 3
761 762 5
761 801 5
762 763 4
762 802 2
763 764 4
763 803 4
764 765 1
764 804 1
765 766 3
765 805 5
766 767 2
766 806 5
767 768 4
767 807 5
768 769 1
768 808 4
769 770 1
769 809 4
770 771 5
770 810 4
771 772 3
771 811 5
772 773 2
772 812 4
773 774 3
773 813 1
774 775 4
774 814 5
775 776 4
775 815 3
776 777 1
776 816 5
777 778 5
777 817 1
778 779 3
778 818 4
779 780 3
779 819 1
780 781 2
780 820 4
781 782 4
781 821 2
782 783 2
782 822 2
783 784 3
783 823 5
784 785 2
784 824 1
785 786 4
785 825 2
786 787 4
786 826 4
787 788 3
787 827 3
788 789 4
788 828 2
789 790 3
789 829 1
790 791 3
790 830 2
791 792 1
791 831 4
792 793 3
792 832 2
793 794 4
793 833 1
794 795 3
794 834 5
795 796 2
795 835 5
796 797 4
796 836 3
797 798 1
797 837 5
798 799 4
798 838 1
799 800 1
799 839 5
800 840 5
801 802 3
801 841 2
802 803 3
802 842 1
803 804 5
803 843 1
804 805 4
804 844 1
805 806 1
805 845 1
806 807 4
806 846 1
807 808 1
807 847 4
808 809 4
808 848 4
809 810 4
809 849 3
810 811 3
810 850 5
811 812 2
811 851 4
812 813 2
812 852 3
813 814 1
813 853 5
814 815 5
814 854 5
815 816 3
815 855 2
816 817 2
816 856 5
817 818 5
817 857 1
818 819 5
818 858 1
819 820 5
819 859 1
820 821 1
820 860 3
821 822 3
821 861 3
822 823 5
822 862 2
823 824 5
823 863 4
824 825 1
824 864 5
825 826 1
825 865 4
826 827 1
826 866 1
827 828 2
827 867 1
828 829 5
828 868 2
829 830 2
829 869 1
830 831 4
830 870 1
831 832 3
831 871 1
832 833 1
832 872 5
833 834 2
833 873 4
834 835 1
834 874 5
835 836 2
835 875 3
836 837 5
836 876 2
837 838 3
837 877 3
838 839 1
838 878 3
839 840 3
839 879 5
840 880 4
841 842 2
841 881 2
842 843 3
842 882 3
843 844 3
843 883 5
844 845 4
844 884 4
845 846 1
845 885 1
846 847 3
846 886 1
847 848 2
847 887 1
848 849 3
848 888 4
849 850 4
849 889 3
850 851 5
850 890 3
851 852 1
851 891 1
852 853 2
852 892 3
853 854 1
853 893 5
854 855 2
854 894 5
855 856 1
855 895 3
856 857 1
856 896 2
857 858 2
857 897 2
858 859 2
858 898 5
859 860 2
859 899 5
860 861 3
860 900 1
861 862 5
861 901 2
862 863 2
862 902 3
863 864 1
863 903 1
864 865 1
864 904 4
865 866 3
865 905 1
866 867 4
866 906 2
867 868 4
867 907 2
868 869 1
868 908 4
869 870 4
869 909 2
870 871 5
870 910 4
871 872 1
871 911 2
872 873 3
872 912 2
873 874 2
873 913 3
874 875 4
874 914 4
875 876 1
875 915 2
876 877 3
876 916 3
877 878 4
877 917 1
878 879 2
878 918 3
879 880 2
879 919 4
880 920 1
881 882 3
881 921 2
882 883 4
882 922 5
883 884 3
883 923 5
884 885 2
884 924 5
885 886 5
885 925 3
886 887 5
886 926 5
887 888 5
887 927 4
888 889 5
888 928 1
889 890 4
889 929 5
890 891 3
890 930 4
891 892 4
891 931 3
892 893 5
892 932 2
893 894 1
893 933 2
894 895 2
894 934 5
895 896 1
895 935 2
896 897 4
896 936 2
897 898 1
897 937 3
898 899 3
898 938 3
899 900 1
899 939 5
900 901 5
900 940 3
901 902 5
901 941 2
902 903 4
902 942 2
903 904 5
903 943 3
904 905 1
904 944 3
905 906 2
905 945 4
906 907 3
906 946 4
907 908 1
907 947 5
908 909 4
908 948 2
909 910 5
909 949 4
910 911 3
910 950 2
911 912 1
911 951 2
912 913 5
912 952 2
913 914 5
913 953 5
914 915 5
914 954 1
915 916 5
915 955 2
916 917 2
916 956 1
917 918 4
917 957 2
918 919 2
918 958 1
919 920 4
919 959 1
920 960 3
921 922 5
921 961 5
922 923 4
922 962 1
923 924 5
923 963 1
924 925 5
924 964 3
925 926 4
925 965 3
926 927 5
926 966 4
927 928 4
927 967 5
928 929 5
928 968 2
929 930 2
929 969 4
930 931 2
930 970 5
931 932 4
931 971 5
932 933 5
932 972 4
933 934 1
933 973 2
934 935 1
934 974 3
935 936 3
935 975 3
936 937 3
936 976 3
937 938 2
937 977 2
938 939 1
938 978 1
939 940 2
939 979 2
940 941 5
940 980 2
941 942 5
941 981 1
942 943 3
942 982 1
943 944 4
943 983 5
944 945 3
944 984 1
945 946 4
945 985 2
946 947 1
946 986 1
947 948 2
947 987 5
948 949 3
948 988 4
949 950 3
949 989 5
950 951 4
950 990 4
951 952 3
951 991 5
952 953 4
952 992 2
953 954 4
953 993 1
954 955 3
954 994 2
955 956 3
955 995 3
956 957 4
956 996 5
957 958 2
957 997 4
958 959 4
958 998 1
959 960 3
959 999 1
960 1000 1
961 962 3
961 1001 5
962 963 5
962 1002 4
963 964 4
963 1003 5
964 965 1
964 1004 3
965 966 5
965 1005 1
966 967 3
966 1006 5
967 968 2
967 1007 2
968 969 2
968 1008 3
969 970 1
969 1009 3
970 971 2
970 1010 1
971 972 4
971 1011 2
972 973 4
972 1012 2
973 974 3
973 1013 5
974 975 1
974 1014 1
975 976 3
975 1015 4
976 977 5
976 1016 2
977 978 1
977 1017 5
978 979 2
978 1018 3
979 980 3
979 1019 2
980 981 4
980 1020 2
981 982 5
981 1021 5
982 983 1
982 1022 1
983 984 4
983 1023 3
984 985 2
984 1024 2
985 986 4
985 1025 3
986 987 4
986 1026 3
987 988 1
987 1027 4
988 989 1
988 1028 3
989 990 3
989 1029 3
990 991 5
990 1030 1
991 992 5
991 1031 4
992 993 1
992 1032 5
993 994 4
993 1033 2
994 995 1
994 1034 2
995 996 4
995 1035 1
996 997 1
996 1036 1
997 998 4
997 1037 4
998 999 4
998 1038 4
999 1000 1
999 1039 2
1000 1040 5
1001 1002 5
1001 1041 1
1002 1003 1
1002 1042 5
1003 1004 3
1003 1043 5
1004 1005 3
1004 1044 4
1005 1006 1
1005 1045 3
1006 1007 1
1006 1046 3
1007 1008 3
1007 1047 2
1008 1009 3
1008 1048 3
1009 1010 4
1009 1049 2
1010 1011 5
1010 1050 5
1011 1012 4
1011 1051 5
1012 1013 1
1012 1052 3
1013 1014 3
1013 1053 3
1014 1015 4
1014 1054 3
1015 1016 5
1015 1055 3
1016 1017 1
1016 1056 3
1017 1018 5
1017 1057 3
1018 1019 2
1018 1058 4
1019 1020 2
1019 1059 1
1020 1021 4
1020 1060 2
1021 1022 2
1021 1061 3
1022 1023 3
1022 1062 1
1023 1024 5
1023 1063 1
1024 1025 3
1024 1064 1
1025 1026 5
1025 1065 2
1026 1027 5
1026 1066 1
1027 1028 2
1027 1067 3
1028 1029 4
1028 1068 5
1029 1030 4
1029 1069 2
1030 1031 4
1030 1070 4
1031 1032 4
1031 1071 4
1032 1033 1
1032 1072 4
1033 1034 4
1033 1073 3
1034 1035 4
1034 1074 3
1035 1036 4
1035 1075 4
1036 1037 4
1036 1076 5
1037 1038 1
1037 1077 1
1038 1039 2
1038 1078 1
1039 1040 3
1039 1079 1
1040 1080 4
1041 1042 2
1041 1081 3
1042 1043 3
1042 1082 3
1043 1044 4
1043 1083 5
1044 1045 5
1044 1084 4
1045 1046 3
1045 1085 2
1046 1047 1
1046 1086 5
1047 1048 5
1047 1087 3
1048 1049 3
1048 1088 2
1049 1050 2
1049 1089 1
1050 1051 1
1050 1090 1
1051 1052 4
1051 1091 2
1052 1053 3
1052 1092 1
1053 1054 4
1053 1093 4
1054 1055 1
1054 1094 4
1055 1056 5
1055 1095 4
1056 1057 4
1056 1096 4
1057 1058 5
1057 1097 4
1058 1059 4
1058 1098 1
1059 1060 4
1059 1099 3
1060 1061 3
1060 1100 3
1061 1062 1
1061 1101 1
1062 1063 5
1062 1102 3
1063 1064 3
1063 1103 4
1064 1065 2
1064 1104 4
1065 1066 3
1065 1105 1
1066 1067 2
1066 1106 2
1067 1068 4
1067 1107 3
1068 1069 4
1068 1108 3
1069 1070 3
1069 1109 2
1070 1071 3
1070 1110 3
1071 1072 1
1071 1111 5
1072 1073 3
1072 1112 3
1073 1074 3
1073 1113 3
1074 1075 1
1074 1114 3
1075 1076 3
1075 1115 3
1076 1077 5
1076 1116 1
1077 1078 4
1077 1117 1
1078 1079 1
1078 1118 3
1079 1080 1
1079 1119 3
1080 1120 5
1081 1082 1
1081 1121 3
1082 1083 3
1082 1122 3
1083 1084 4
1083 1123 1
1084 1085 1
1084 1124 4
1085 1086 2
1085 1125 2
1086 1087 5
1086 1126 4
1087 1088 3
1087 1127 2
1088 1089 2
1088 1128 5
1089 1090 2
1089 1129 3
1090 1091 2
1090 1130 5
1091 1092 1
1091 1131 1
1092 1093 2
1092 1132 2
1093 1094 1
1093 1133 1
1094 1095 5
1094 1134 2
1095 1096 4
1095 1135 1
1096 1097 4
1096 1136 1
1097 1098 4
1097 1137 3
1098 1099 3
1098 1138 4
1099 1100 1
1099 1139 5
1100 1101 5
1100 1140 3
1101 1102 1
1101 1141 4
1102 1103 5
1102 1142 4
1103 1104 1
1103 1143 3
1104 1105 3
1104 1144 3
1105 1106 5
1105 1145 1
1106 1107 1
1106 1146 3
1107 1108 5
1107 1147 5
1108 1109 3
1108 1148 2
1109 1110 4
1109 1149 5
1110 1111 4
1110 1150 2
1111 1112 5
1111 1151 4
1112 1113 4
1112 1152 5
1113 1114 3
1113 1153 5
1114 1115 2
1114 1154 3
1115 1116 5
1115 1155 1
1116 1117 3
1116 1156 3
1117 1118 5
1117 1157 5
1118 1119 5
1118 1158 4
1119 1120 4
1119 1159 5
1120 1160 2
1121 1122 3
1121 1161 3
1122 1123 5
1122 1162 1
1123 1124 2
1123 1163 1
1124 1125 4
1124 1164 3
1125 1126 5
1125 1165 4
1126 1127 3
1126 1166 2
1127 1128 1
1127 1167 3
1128 1129 5
1128 1168 1
1129 1130 5
1129 1169 4
1130 1131 1
1130 1170 1
1131 1132 4
1131 1171 3
1132 1133 1
1132 1172 4
1133 1134 1
1133 1173 4
1134 1135 5
1134 1174 5
1135 1136 1
1135 1175 2
1136 1137 2
1136 1176 3
1137 1138 5
1137 1177 3
1138 1139 3
1138 1178 1
1139 1140 3
1139 1179 5
1140 1141 4
1140 1180 4
1141 1142 2
1141 1181 2
1142 1143 5
1142 1182 3
1143 1144 1
1143 1183 1
1144 1145 2
1144 1184 3
1145 1146 2
1145 1185 5
1146 1147 1
1146 1186 3
1147 1148 2
1147 1187 5
1148 1149 4
1148 1188 4
1149 1150 2
1149 1189 1
1150 1151 3
1150 1190 3
1151 1152 3
1151 1191 2
1152 1153 1
1152 1192 2
1153 1154 5
1153 1193 4
1154 1155 5
1154 1194 2
1155 1156 4
1155 1195 2
1156 1157 1
1156 1196 2
1157 1158 1
1157 1197 1
1158 1159 5
1158 1198 2
1159 1160 2
1159 1199 1
1160 1200 3
1161 1162 3
1161 1201 5
1162 1163 2
1162 1202 4
1163 1164 5
1163 1203 1
1164 1165 3
1164 1204 1
1165 1166 1
1165 1205 5
1166 1167 5
1166 1206 4
1167 1168 5
1167 1207 4
1168 1169 3
1168 1208 3
1169 1170 2
1169 1209 1
1170 1171 1
1170 1210 3
1171 1172 3
1171 1211 1
1172 1173 5
1172 1212 3
1173 1174 3
1173 1213 5
1174 1175 5
1174 1214 5
1175 1176 1
1175 1215 4
1176 1177 4
1176 1216 4
1177 1178 5
1177 1217 5
1178 1179 2
1178 1218 3
1179 1180 1
1179 1219 1
1180 1181 2
1180 1220 3
1181 1182 4
1181 1221 5
1182 1183 2
1182 1222 2
1183 1184 2
1183 1223 3
1184 1185 3
1184 1224 3
1185 1186 3
1185 1225 3
1186 1187 2
1186 1226 1
1187 1188 1
1187 1227 2
1188 1189 2
1188 1228 4
1189 1190 3
1189 1229 4
1190 1191 3
1190 1230 2
1191 1192 1
1191 1231 3
1192 1193 3
1192 1232 2
1193 1194 4
1193 1233 4
1194 1195 4
1194 1234 5
1195 1196 5
1195 1235 4
1196 1197 4
1196 1236 5
1197 1198 3
1197 1237 2
1198 1199 4
1198 1238 5
1199 1200 4
1199 1239 5
1200 1240 2
1201 1202 5
1201 1241 3
1202 1203 5
1202 1242 1
1203 1204 3
1203 1243 1
1204 1205 5
1204 1244 3
1205 1206 3
1205 1245 3
1206 1207 4
1206 1246 3
1207 1208 4
1207 1247 5
1208 1209 3
1208 1248 3
1209 1210 4
1209 1249 5
1210 1211 1
1210 1250 4
1211 1212 2
1211 1251 5
1212 1213 1
1212 1252 3
1213 1214 5
1213 1253 4
1214 1215 5
1214 1254 2
1215 1216 5
1215 1255 2
1216 1217 4
1216 1256 5
1217 1218 5
1217 1257 1
1218 1219 2
1218 1258 3
1219 1220 4
1219 1259 4
1220 1221 5
1220 1260 3
1221 1222 4
1221 1261 3
1222 1223 4
1222 1262 4
1223 1224 1
1223 1263 4
1224 1225 1
1224 1264 1
1225 1226 3
1225 1265 2
1226 1227 4
1226 1266 4
1227 1228 4
1227 1267 5
1228 1229 2
1228 1268 1
1229 1230 4
1229 1269 5
1230 1231 1
1230 1270 2
1231 1232 5
1231 1271 3
1232 1233 1
1232 1272 5
1233 1234 5
1233 1273 3
1234 1235 4
1234 1274 3
1235 1236 2
1235 1275 1
1236 1237 3
1236 1276 1
1237 1238 3
1237 1277 5
1238 1239 3
1238 1278 5
1239 1240 3
1239 1279 5
1240 1280 3
1241 1242 5
1241 1281 3
1242 1243 5
1242 1282 1
1243 1244 3
1243 1283 2
1244 1245 1
1244 1284 4
1245 1246 4
1245 1285 3
1246 1247 2
1246 1286 2
1247 1248 2
1247 1287 3
1248 1249 2
1248 1288 1
1249 1250 1
1249 1289 4
1250 1251 1
1250 1290 4
1251 1252 3
1251 1291 2
1252 1253 1
1252 1292 4
1253 1254 5
1253 1293 2
1254 1255 2
1254 1294 1
1255 1256 1
1255 1295 3
1256 1257 2
1256 1296 4
1257 1258 2
1257 1297 1
1258 1259 1
1258 1298 3
1259 1260 1
1259 1299 5
1260 1261 1
1260 1300 2
1261 1262 2
1261 1301 4
1262 1263 2
1262 1302 3
1263 1264 4
1263 1303 2
1264 1265 1
1264 1304 3
1265 1266 3
1265 1305 1
1266 1267 5
1266 1306 3
1267 1268 3
1267 1307 3
1268 1269 1
1268 1308 5
1269 1270 5
1269 1309 3
1270 1271 4
1270 1310 5
1271 1272 5
1271 1311 5
1272 1273 1
1272 1312 5
1273 1274 1
1273 1313 2
1274 1275 4
1274 1314 1
1275 1276 3
1275 1315 1
1276 1277 1
1276 1316 4
1277 1278 5
1277 1317 1
1278 1279 5
1278 1318 4
1279 1280 3
1279 1319 2
1280 1320 4
1281 1282 1
1281 1321 3
1282 1283 1
1282 1322 2
1283 1284 4
1283 1323 5
1284 1285 4
1284 1324 1
1285 1286 3
1285 1325 4
1286 1287 4
1286 1326 5
1287 1288 1
1287 1327 2
1288 1289 5
1288 1328 1
1289 1290 2
1289 1329 4
1290 1291 1
1290 1330 4
1291 1292 4
1291 1331 3
1292 1293 4
1292 1332 3
1293 1294 1
1293 1333 2
1294 1295 1
1294 1334 4
1295 1296 2
1295 1335 5
1296 1297 5
1296 1336 1
1297 1298 2
1297 1337 5
1298 1299 3
1298 1338 3
1299 1300 3
1299 1339 4
1300 1301 2
1300 1340 4
1301 1302 3
1301 1341 3
1302 1303 4
1302 1342 5
1303 1304 5
1303 1343 5
1304 1305 5
1304 1344 3
1305 1306 5
1305 1345 4
1306 1307 1
1306 1346 2
1307 1308 5
1307 1347 4
1308 1309 1
1308 1348 2
1309 1310 2
1309 1349 1
1310 1311 4
1310 1350 1
1311 1312 3
1311 1351 4
1312 1313 1
1312 1352 1
1313 1314 5
1313 1353 3
1314 1315 3
1314 1354 2
1315 1316 1
1315 1355 3
1316 1317 2
1316 1356 5
1317 1318 1
1317 1357 2
1318 1319 5
1318 1358 1
1319 1320 3
1319 1359 5
1320 1360 3
1321 1322 5
1321 1361 2
1322 1323 1
1322 1362 3
1323 1324 4
1323 1363 3
1324 1325 1
1324 1364 2
1325 1326 1
1325 1365 2
1326 1327 1
1326 1366 4
1327 1328 5
1327 1367 5
1328 1329 2
1328 1368 2
1329 1330 2
1329 1369 3
1330 1331 5
1330 1370 3
1331 1332 1
1331 1371 1
1332 1333 2
1332 1372 4
1333 1334 2
1333 1373 1
1334 1335 2
1334 1374 3
1335 1336 5
1335 1375 3
1336 1337 2
1336 1376 3
1337 1338 1
1337 1377 1
1338 1339 1
1338 1378 1
1339 1340 2
1339 1379 5
1340 1341 3
1340 1380 1
1341 1342 4
1341 1381 3
1342 1343 1
1342 1382 2
1343 1344 5
1343 1383 5
1344 1345 4
1344 1384 4
1345 1346 2
1345 1385 3
1346 1347 1
1346 1386 3
1347 1348 3
1347 1387 1
1348 1349 3
1348 1388 4
1349 1350 5
1349 1389 3
1350 1351 1
1350 1390 3
1351 1352 1
1351 1391 4
1352 1353 2
1352 1392 5
1353 1354 3
1353 1393 5
1354 1355 4
1354 1394 3
1355 1356 4
1355 1395 3
1356 1357 5
1356 1396 3
1357 1358 1
1357 1397 5
1358 1359 4
1358 1398 1
1359 1360 2
1359 1399 3
1360 1400 4
1361 1362 3
1361 1401 2
1362 1363 1
1362 1402 3
1363 1364 4
1363 1403 1
1364 1365 2
1364 1404 1
1365 1366 1
1365 1405 2
1366 1367 4
1366 1406 2
1367 1368 1
1367 1407 5
1368 1369 1
1368 1408 1
1369 1370 4
1369 1409 2
1370 1371 5
1370 1410 4
1371 1372 2
1371 1411 4
1372 1373 4
1372 1412 2
1373 1374 2
1373 1413 3
1374 1375 4
1374 1414 3
1375 1376 3
1375 1415 4
1376 1377 3
1376 1416 3
1377 1378 5
1377 1417 5
1378 1379 5
1378 1418 5
1379 1380 1
1379 1419 5
1380 1381 5
1380 1420 5
1381 1382 3
1381 1421 3
1382 1383 3
1382 1422 4
1383 1384 5
1383 1423 3
1384 1385 2
1384 1424 4
1385 1386 3
1385 1425 3
1386 1387 4
1386 1426 4
1387 1388 3
1387 1427 2
1388 1389 1
1388 1428 3
1389 1390 3
1389 1429 3
1390 1391 5
1390 1430 3
1391 1392 5
1391 1431 5
1392 1393 4
1392 1432 4
1393 1394 2
1393 1433 1
1394 1395 4
1394 1434 4
1395 1396 1
1395 1435 1
1396 1397 1
1396 1436 5
1397 1398 3
1397 1437 2
1398 1399 1
1398 1438 2
1399 1400 1
1399 1439 2
1400 1440 2
1401 1402 3
1401 1441 5
1402 1403 1
1402 1442 4
1403 1404 3
1403 1443 3
1404 1405 1
1404 1444 1
1405 1406 5
1405 1445 5
1406 1407 3
1406 1446 2
1407 1408 1
1407 1447 3
1408 1409 5
1408 1448 3
1409 1410 4
1409 1449 2
1410 1411 3
1410 1450 4
1411 1412 4
1411 1451 5
1412 1413 2
1412 1452 5
1413 1414 2
1413 1453 1
1414 1415 1
1414 1454 5
1415 1416 4
1415 1455 3
1416 1417 3
1416 1456 5
1417 1418 5
1417 1457 2
1418 1419 5
1418 1458 1
1419 1420 4
1419 1459 4
1420 1421 3
1420 1460 4
1421 1422 3
1421 1461 3
1422 1423 4
1422 1462 5
1423 1424 1
1423 1463 4
1424 1425 5
1424 1464 3
1425 1426 2
1425 1465 2
1426 1427 4
1426 1466 4
1427 1428 3
1427 1467 1
1428 1429 4
1428 1468 1
1429 1430 5
1429 1469 1
1430 1431 2
1430 1470 4
1431 1432 4
1431 1471 4
1432 1433 3
1432 1472 4
1433 1434 3
1433 1473 5
1434 1435 3
1434 1474 4
1435 1436 1
1435 1475 3
1436 1437 5
1436 1476 3
1437 1438 3
1437 1477 2
1438 1439 1
1438 1478 4
1439 1440 1
1439 1479 2
1440 1480 5
1441 1442 3
1441 1481 4
1442 1443 4
1442 1482 2
1443 1444 4
1443 1483 4
1444 1445 1
1444 1484 4
1445 1446 4
1445 1485 5
1446 1447 3
1446 1486 2
1447 1448 4
1447 1487 1
1448 1449 5
1448 1488 5
1449 1450 2
1449 1489 2
1450 1451 3
1450 1490 5
1451 1452 2
1451 1491 4
1452 1453 4
1452 1492 4
1453 1454 3
1453 1493 3
1454 1455 3
1454 1494 5
1455 1456 4
1455 1495 5
1456 1457 4
1456 1496 5
1457 1458 3
1457 1497 4
1458 1459 5
1458 1498 3
1459 1460 2
1459 1499 5
1460 1461 3
1460 1500 3
1461 1462 5
1461 1501 1
1462 1463 2
1462 1502 4
1463 1464 4
1463 1503 2
1464 1465 5
1464 1504 5
1465 1466 5
1465 1505 2
1466 1467 3
1466 1506 1
1467 1468 3
1467 1507 1
1468 1469 3
1468 1508 2
1469 1470 2
1469 1509 5
1470 1471 4
1470 1510 2
1471 1472 3
1471 1511 2
1472 1473 2
1472 1512 4
1473 1474 3
1473 1513 3
1474 1475 2
1474 1514 1
1475 1476 5
1475 1515 5
1476 1477 2
1476 1516 1
1477 1478 3
1477 1517 1
1478 1479 1
1478 1518 2
1479 1480 5
1479 1519 5
1480 1520 1
1481 1482 1
1481 1521 2
1482 1483 2
1482 1522 3
1483 1484 3
1483 1523 2
1484 1485 5
1484 1524 4
1485 1486 2
1485 1525 5
1486 1487 1
1486 1526 3
1487 1488 5
1487 1527 2
1488 1489 1
1488 1528 5
1489 1490 3
1489 1529 2
1490 1491 5
1490 1530 5
1491 1492 5
1491 1531 3
1492 1493 4
1492 1532 3
1493 1494 3
1493 1533 1
1494 1495 4
1494 1534 3
1495 1496 4
1495 1535 5
1496 1497 3
1496 1536 5
1497 1498 3
1497 1537 5
1498 1499 5
1498 1538 5
1499 1500 5
1499 1539 1
1500 1501 4
1500 1540 1
1501 1502 1
1501 1541 4
1502 1503 3
1502 1542 4
1503 1504 4
1503 1543 5
1504 1505 4
1504 1544 3
1505 1506 5
1505 1545 1
1506 1507 2
1506 1546 2
1507 1508 2
1507 1547 2
1508 1509 5
1508 1548 5
1509 1510 3
1509 1549 2
1510 1511 1
1510 1550 1
1511 1512 1
1511 1551 5
1512 1513 5
1512 1552 5
1513 1514 3
1513 1553 5
1514 1515 4
1514 1554 3
1515 1516 2
1515 1555 4
1516 1517 2
1516 1556 4
1517 1518 4
1517 1557 5
1518 1519 3
1518 1558 2
1519 1520 5
1519 1559 4
1520 1560 2
1521 1522 1
1521 1561 5
1522 1523 1
1522 1562 2
1523 1524 2
1523 1563 4
1524 1525 2
1524 1564 4
1525 1526 1
1525 1565 1
1526 1527 3
1526 1566 5
1527 1528 4
1527 1567 2
1528 1529 5
1528 1568 3
1529 1530 2
1529 1569 2
1530 1531 1
1530 1570 5
1531 1532 2
1531 1571 3
1532 1533 5
1532 1572 4
1533 1534 4
1533 1573 3
1534 1535 5
1534 1574 2
1535 1536 2
1535 1575 3
1536 1537 2
1536 1576 4
1537 1538 5
1537 1577 2
1538 1539 3
1538 1578 2
1539 1540 1
1539 1579 2
1540 1541 5
1540 1580 4
1541 1542 2
1541 1581 5
1542 1543 2
1542 1582 4
1543 1544 4
1543 1583 3
1544 1545 3
1544 1584 2
1545 1546 2
1545 1585 5
1546 1547 5
1546 1586 1
1547 1548 5
1547 1587 2
1548 1549 5
1548 1588 1
1549 1550 2
1549 1589 5
1550 1551 5
1550 1590 5
1551 1552 4
1551 1591 2
1552 1553 3
1552 1592 5
1553 1554 2
1553 1593 3
1554 1555 4
1554 1594 5
1555 1556 2
1555 1595 2
1556 1557 4
1556 1596 2
1557 1558 3
1557 1597 1
1558 1559 2
1558 1598 3
1559 1560 2
1559 1599 4
1560 1600 1
1561 1562 3
1562 1563 5
1563 1564 2
1564 1565 2
1565 1566 5
1566 1567 4
1567 1568 1
1568 1569 5
1569 1570 1
1570 1571 4
1571 1572 4
1572 1573 5
1573 1574 1
1574 1575 5
1575 1576 3
1576 1577 5
1577 1578 3
1578 1579 2
1579 1580 3
1580 1581 2
1581 1582 3
1582 1583 3
1583 1584 1
1584 1585 5
1585 1586 4
1586 1587 4
1587 1588 3
1588 1589 4
1589 1590 3
1590 1591 4
1591 1592 5
1592 1593 4
1593 1594 1
1594 1595 3
1595 1596 4
1596 1597 4
1597 1598 3
1598 1599 3
1599 1600 5
1 1561 5
2 1562 1
3 1563 4
4 1564 5
5 1565 2
6 1566 1
7 1567 1
8 1568 5
9 1569 4
10 1570 3
11 1571 5
12 1572 4
13 1573 4
14 1574 1
15 1575 5
16 1576 5
17 1577 2
18 1578 3
19 1579 4
20 1580 4
21 1581 1
22 1582 5
23 1583 4
24 1584 3
25 1585 3
26 1586 2
27 1587 4
28 1588 4
29 1589 4
30 1590 4
31 1591 5
32 1592 4
33 1593 1
34 1594 3
35 1595 2
36 1596 1
37 1597 4
38 1598 5
39 1599 4
40 1600 4
1 40 5
41 80 5
81 120 3
121 160 3
161 200 4
201 240 2
241 280 3
281 320 3
321 360 4
361 400 5
401 440 1
441 480 4
481 520 3
521 560 4
561 600 1
601 640 2
641 680 2
681 720 3
721 760 2
761 800 3
801 840 4
841 880 2
881 920 1
921 960 5
961 1000 3
1001 1040 3
1041 1080 4
1081 1120 1
1121 1160 4
1161 1200 2
1201 1240 4
1241 1280 4
1281 1320 3
1321 1360 1
1361 1400 4
1401 1440 2
1441 1480 3
1481 1520 2
1521 1560 5
1561 1600 4
