784 1568
1 2 1
1 29 3
2 3 2
2 30 3
3 4 5
3 31 2
4 5 4
4 32 1
5 6 3
5 33 3
6 7 1
6 34 5
7 8 2
7 35 2
8 9 2
8 36 2
9 10 2
9 37 1
10 11 3
10 38 3
11 12 3
11 39 4
12 13 5
12 40 1
13 14 2
13 41 5
14 15 3
14 42 5
15 16 3
15 43 1
16 17 5
16 44 1
17 18 2
17 45 5
18 19 1
18 46 5
19 20 5
19 47 4
20 21 5
20 48 4
21 22 5
21 49 3
22 23 5
22 50 2
23 24 2
23 51 3
24 25 3
24 52 3
25 26 2
25 53 3
26 27 4
26 54 4
27 28 1
27 55 4
28 56 2
29 30 3
29 57 1
30 31 4
30 58 3
31 32 3
31 59 3
32 33 4
32 60 2
33 34 4
33 61 4
34 35 5
34 62 5
35 36 5
35 63 4
36 37 2
36 64 4
37 38 3
37 65 2
38 39 5
38 66 1
39 40 4
39 67 4
40 41 3
40 68 5
41 42 4
41 69 1
42 43 1
42 70 4
43 44 1
43 71 2
44 45 3
44 72 4
45 46 5
45 73 2
46 47 2
46 74 5
47 48 5
47 75 5
48 49 1
48 76 1
49 50 5
49 77 1
50 51 1
50 78 3
51 52 3
51 79 1
52 53 5
52 80 2
53 54 2
53 81 5
54 55 3
54 82 1
55 56 5
55 83 5
56 84 2
57 58 3
57 85 4
58 59 3
58 86 2
59 60 5
59 87 2
60 61 5
60 88 4
61 62 2
61 89 5
62 63 4
62 90 5
63 64 3
63 91 4
64 65 4
64 92 2
65 66 4
65 93 2
66 67 3
66 94 2
67 68 3
67 95 2
68 69 2
68 96 2
69 70 1
69 97 2
70 71 5
70 98 5
71 72 2
71 99 3
72 73 2
72 100 5
73 74 4
73 101 2
74 75 2
74 102 3
75 76 4
75 103 4
76 77 3
76 104 3
77 78 2
77 105 4
78 79 5
78 106 1
79 80 5
79 107 2
80 81 4
80 108 5
81 82 5
81 109 5
82 83 1
82 110 5
83 84 4
83 111 2
84 112 1
85 86 4
85 113 2
86 87 4
86 114 1
87 88 5
87 115 5
88 89 4
88 116 2
89 90 5
89 117 5
90 91 1
90 118 3
91 92 4
91 119 1
92 93 1
92 120 1
93 94 4
93 121 4
94 95 2
94 122 3
95 96 5
95 123 1
96 97 4
96 124 2
97 98 5
97 125 3
98 99 1
98 126 5
99 100 3
99 127 1
100 101 5
100 128 1
101 102 4
101 129 4
102 103 3
102 130 2
103 104 3
103 131 1
104 105 3
104 132 2
105 106 2
105 133 4
106 107 2
106 134 1
107 108 4
107 135 1
108 109 4
108 136 5
109 110 5
109 137 2
110 111 2
110 138 3
111 112 1
111 139 4
112 140 4
113 114 2
113 141 2
114 115 1
114 142 3
115 116 2
115 143 1
116 117 4
116 144 5
117 118 4
117 145 3
118 119 4
118 146 4
119 120 2
119 147 5
120 121 2
120 148 3
121 122 2
121 149 1
122 123 5
122 150 4
123 124 3
123 151 5
124 125 2
124 152 3
125 126 4
125 153 5
126 127 3
126 154 1
127 128 1
127 155 4
128 129 5
128 156 5
129 130 5
129 157 2
130 131 1
130 158 2
131 132 4
131 159 5
132 133 3
132 160 3
133 134 3
133 161 3
134 135 5
134 162 4
135 136 4
135 163 2
136 137 1
136 164 4
137 138 2
137 165 3
138 139 1
138 166 3
139 140 5
139 167 3
140 168 5
141 142 4
141 169 5
142 143 1
142 170 1
143 144 1
143 171 3
144 145 1
144 172 1
145 146 3
145 173 4
146 147 2
146 174 5
147 148 5
147 175 4
148 149 3
148 176 2
149 150 4
149 177 4
150 151 4
150 178 5
151 152 4
151 179 5
152 153 4
152 180 2
153 154 3
153 181 5
154 155 5
154 182 1
155 156 1
155 183 5
156 157 1
156 184 4
157 158 5
157 185 4
158 159 3
158 186 2
159 160 5
159 187 3
160 161 2
160 188 2
161 162 1
161 189 1
162 163 3
162 190 5
163 164 3
163 191 5
164 165 4
164 192 3
165 166 3
165 193 1
166 167 5
166 194 3
167 168 2
167 195 1
168 196 5
169 170 3
169 197 3
170 171 4
170 198 2
171 172 1
171 199 2
172 173 1
172 200 4
173 174 3
173 201 5
174 175 5
174 202 5
175 176 4
175 203 2
176 177 5
176 204 1
177 178 3
177 205 1
178 179 2
178 206 3
179 180 1
179 207 2
180 181 2
180 208 5
181 182 1
181 209 2
182 183 4
182 210 4
183 184 5
183 211 2
184 185 3
184 212 4
185 186 3
185 213 1
186 187 2
186 214 5
187 188 5
187 215 4
188 189 2
188 216 4
189 190 2
189 217 4
190 191 4
190 218 3
191 192 4
191 219 5
192 193 5
192 220 4
193 194 1
193 221 5
194 195 3
194 222 2
195 196 5
195 223 3
196 224 4
197 198 1
197 225 3
198 199 4
198 226 2
199 200 3
199 227 5
200 201 4
200 228 2
201 202 5
201 229 2
202 203 1
202 230 2
203 204 3
203 231 1
204 205 4
204 232 4
205 206 5
205 233 5
206 207 4
206 234 2
207 208 5
207 235 2
208 209 4
208 236 5
209 210 3
209 237 1
210 211 4
210 238 5
211 212 5
211 239 2
212 213 3
212 240 1
213 214 1
213 241 1
214 215 4
214 242 1
215 216 1
215 243 2
216 217 5
216 244 3
217 218 2
217 245 2
218 219 2
218 246 3
219 220 5
219 247 3
220 221 1
220 248 3
221 222 2
221 249 2
222 223 4
222 250 4
223 224 2
223 251 2
224 252 1
225 226 2
225 253 3
226 227 4
226 254 3
227 228 2
227 255 3
228 229 3
228 256 4
229 230 1
229 257 4
230 231 2
230 258 1
231 232 1
231 259 1
232 233 5
232 260 4
233 234 1
233 261 4
234 235 1
234 262 5
235 236 3
235 263 3
236 237 2
236 264 2
237 238 3
237 265 1
238 239 5
238 266 3
239 240 2
239 267 1
240 241 4
240 268 2
241 242 3
241 269 3
242 243 1
242 270 4
243 244 3
243 271 1
244 245 2
244 272 5
245 246 1
245 273 2
246 247 1
246 274 4
247 248 3
247 275 1
248 249 5
248 276 1
249 250 2
249 277 5
250 251 4
250 278 1
251 252 3
251 279 1
252 280 5
253 254 3
253 281 5
254 255 4
254 282 1
255 256 3
255 283 3
256 257 5
256 284 3
257 258 1
257 285 5
258 259 1
258 286 2
259 260 1
259 287 1
260 261 3
260 288 5
261 262 3
261 289 5
262 263 2
262 290 1
263 264 5
263 291 4
264 265 2
264 292 5
265 266 3
265 293 3
266 267 3
266 294 3
267 268 3
267 295 1
268 269 2
268 296 2
269 270 5
269 297 5
270 271 3
270 298 4
271 272 3
271 299 1
272 273 4
272 300 4
273 274 1
273 301 4
274 275 4
274 302 1
275 276 5
275 303 1
276 277 1
276 304 3
277 278 2
277 305 1
278 279 2
278 306 1
279 280 2
279 307 3
280 308 2
281 282 2
281 309 2
282 283 5
282 310 5
283 284 1
283 311 2
284 285 4
284 312 2
285 286 3
285 313 1
286 287 5
286 314 1
287 288 3
287 315 2
288 289 4
288 316 4
289 290 2
289 317 2
290 291 4
290 318 3
291 292 1
291 319 4
292 293 2
292 320 1
293 294 4
293 321 4
294 295 2
294 322 5
295 296 5
295 323 1
296 297 1
296 324 4
297 298 2
297 325 2
298 299 4
298 326 3
299 300 1
299 327 3
300 301 3
300 328 5
301 302 4
301 329 3
302 303 5
302 330 1
303 304 2
303 331 4
304 305 3
304 332 2
305 306 1
305 333 5
306 307 4
306 334 4
307 308 3
307 335 1
308 336 2
309 310 3
309 337 4
310 311 5
310 338 3
311 312 5
311 339 4
312 313 1
312 340 2
313 314 3
313 341 3
314 315 2
314 342 4
315 316 5
315 343 1
316 317 1
316 344 5
317 318 4
317 345 2
318 319 5
318 346 5
319 320 4
319 347 5
320 321 1
320 348 2
321 322 3
321 349 4
322 323 2
322 350 5
323 324 3
323 351 4
324 325 4
324 352 3
325 326 1
325 353 3
326 327 2
326 354 1
327 328 1
327 355 4
328 329 3
328 356 5
329 330 4
329 357 1
330 331 5
330 358 3
331 332 5
331 359 1
332 333 1
332 360 2
333 334 1
333 361 5
334 335 3
334 362 4
335 336 4
335 363 4
336 364 1
337 338 1
337 365 3
338 339 4
338 366 2
339 340 2
339 367 4
340 341 5
340 368 5
341 342 5
341 369 2
342 343 5
342 370 5
343 344 4
343 371 4
344 345 2
344 372 3
345 346 5
345 373 3
346 347 3
346 374 4
347 348 4
347 375 3
348 349 4
348 376 2
349 350 4
349 377 3
350 351 4
350 378 3
351 352 2
351 379 4
352 353 5
352 380 1
353 354 2
353 381 4
354 355 3
354 382 3
355 356 1
355 383 2
356 357 5
356 384 3
357 358 3
357 385 2
358 359 3
358 386 1
359 360 1
359 387 1
360 361 1
360 388 1
361 362 1
361 389 2
362 363 5
362 390 1
363 364 4
363 391 3
364 392 1
365 366 4
365 393 1
366 367 3
366 394 5
367 368 2
367 395 3
368 369 2
368 396 5
369 370 3
369 397 2
370 371 2
370 398 3
371 372 1
371 399 3
372 373 4
372 400 3
373 374 5
373 401 3
374 375 2
374 402 2
375 376 2
375 403 4
376 377 2
376 404 4
377 378 1
377 405 2
378 379 2
378 406 2
379 380 5
379 407 5
380 381 1
380 408 2
381 382 4
381 409 5
382 383 4
382 410 5
383 384 3
383 411 4
384 385 1
384 412 2
385 386 2
385 413 5
386 387 2
386 414 3
387 388 4
387 415 5
388 389 1
388 416 4
389 390 4
389 417 3
390 391 3
390 418 1
391 392 3
391 419 1
392 420 1
393 394 5
393 421 1
394 395 4
394 422 1
395 396 5
395 423 3
396 397 1
396 424 1
397 398 1
397 425 4
398 399 3
398 426 3
399 400 3
399 427 2
400 401 1
400 428 4
401 402 3
401 429 2
402 403 5
402 430 2
403 404 4
403 431 1
404 405 1
404 432 2
405 406 3
405 433 5
406 407 4
406 434 5
407 408 4
407 435 1
408 409 4
408 436 4
409 410 3
409 437 1
410 411 1
410 438 3
411 412 2
411 439 3
412 413 4
412 440 2
413 414 1
413 441 5
414 415 4
414 442 2
415 416 3
415 443 3
416 417 5
416 444 3
417 418 3
417 445 4
418 419 1
418 446 5
419 420 4
419 447 5
420 448 5
421 422 2
421 449 2
422 423 1
422 450 3
423 424 4
423 451 1
424 425 1
424 452 4
425 426 4
425 453 3
426 427 4
426 454 3
427 428 3
427 455 2
428 429 5
428 456 4
429 430 4
429 457 4
430 431 1
430 458 3
431 432 4
431 459 3
432 433 4
432 460 5
433 434 2
433 461 5
434 435 5
434 462 5
435 436 5
435 463 2
436 437 2
436 464 4
437 438 2
437 465 3
438 439 3
438 466 1
439 440 3
439 467 5
440 441 4
440 468 4
441 442 5
441 469 3
442 443 1
442 470 2
443 444 5
443 471 3
444 445 4
444 472 4
445 446 2
445 473 5
446 447 5
446 474 2
447 448 1
447 475 4
448 476 4
449 450 2
449 477 4
450 451 3
450 478 4
451 452 5
451 479 2
452 453 3
452 480 5
453 454 2
453 481 4
454 455 5
454 482 1
455 456 5
455 483 2
456 457 2
456 484 4
457 458 1
457 485 3
458 459 2
458 486 2
459 460 4
459 487 1
460 461 3
460 488 4
461 462 1
461 489 1
462 463 3
462 490 4
463 464 1
463 491 4
464 465 4
464 492 3
465 466 3
465 493 2
466 467 1
466 494 3
467 468 3
467 495 3
468 469 3
468 496 1
469 470 2
469 497 5
470 471 5
470 498 5
471 472 4
471 499 4
472 473 2
472 500 1
473 474 2
473 501 1
474 475 1
474 502 3
475 476 3
475 503 4
476 504 1
477 478 5
477 505 1
478 479 5
478 506 4
479 480 4
479 507 2
480 481 3
480 508 5
481 482 2
481 509 1
482 483 5
482 510 2
483 484 3
483 511 4
484 485 3
484 512 3
485 486 3
485 513 1
486 487 3
486 514 1
487 488 3
487 515 5
488 489 2
488 516 3
489 490 2
489 517 2
490 491 1
490 518 2
491 492 5
491 519 1
492 493 1
492 520 3
493 494 3
493 521 5
494 495 2
494 522 2
495 496 1
495 523 3
496 497 2
496 524 4
497 498 4
497 525 2
498 499 4
498 526 4
499 500 1
499 527 1
500 501 1
500 528 3
501 502 2
501 529 4
502 503 5
502 530 1
503 504 3
503 531 1
504 532 1
505 506 2
505 533 3
506 507 3
506 534 1
507 508 2
507 535 1
508 509 3
508 536 2
509 510 5
509 537 1
510 511 2
510 538 5
511 512 1
511 539 1
512 513 4
512 540 2
513 514 2
513 541 4
514 515 1
514 542 2
515 516 3
515 543 4
516 517 4
516 544 4
517 518 5
517 545 5
518 519 5
518 546 3
519 520 2
519 547 4
520 521 5
520 548 3
521 522 4
521 549 4
522 523 4
522 550 3
523 524 1
523 551 4
524 525 5
524 552 3
525 526 4
525 553 4
526 527 5
526 554 2
527 528 1
527 555 2
528 529 2
528 556 3
529 530 1
529 557 5
530 531 3
530 558 5
531 532 2
531 559 3
532 560 4
533 534 2
533 561 5
534 535 5
534 562 3
535 536 4
535 563 2
536 537 3
536 564 4
537 538 3
537 565 5
538 539 4
538 566 2
539 540 3
539 567 5
540 541 5
540 568 1
541 542 1
541 569 1
542 543 3
542 570 4
543 544 2
543 571 2
544 545 4
544 572 4
545 546 5
545 573 5
546 547 4
546 574 2
547 548 5
547 575 1
548 549 3
548 576 4
549 550 2
549 577 3
550 551 2
550 578 1
551 552 5
551 579 5
552 553 1
552 580 1
553 554 3
553 581 1
554 555 4
554 582 5
555 556 3
555 583 3
556 557 1
556 584 2
557 558 4
557 585 4
558 559 2
558 586 1
559 560 1
559 587 1
560 588 5
561 562 4
561 589 5
562 563 2
562 590 1
563 564 5
563 591 4
564 565 5
564 592 1
565 566 2
565 593 2
566 567 5
566 594 5
567 568 1
567 595 1
568 569 1
568 596 4
569 570 1
569 597 1
570 571 1
570 598 1
571 572 5
571 599 4
572 573 1
572 600 5
573 574 2
573 601 1
574 575 3
574 602 1
575 576 1
575 603 5
576 577 1
576 604 2
577 578 3
577 605 5
578 579 3
578 606 4
579 580 3
579 607 3
580 581 5
580 608 2
581 582 3
581 609 5
582 583 1
582 610 1
583 584 4
583 611 5
584 585 5
584 612 3
585 586 2
585 613 3
586 587 1
586 614 4
587 588 1
587 615 3
588 616 5
589 590 5
589 617 1
590 591 3
590 618 4
591 592 3
591 619 1
592 593 2
592 620 1
593 594 1
593 621 5
594 595 2
594 622 2
595 596 3
595 623 4
596 597 1
596 624 3
597 598 3
597 625 3
598 599 3
598 626 2
599 600 4
599 627 4
600 601 2
600 628 2
601 602 5
601 629 2
602 603 1
602 630 1
603 604 3
603 631 3
604 605 4
604 632 5
605 606 1
605 633 4
606 607 1
606 634 5
607 608 2
607 635 3
608 609 2
608 636 5
609 610 5
609 637 3
610 611 2
610 638 1
611 612 2
611 639 2
612 613 2
612 640 1
613 614 4
613 641 2
614 615 2
614 642 2
615 616 1
615 643 1
616 644 2
617 618 3
617 645 1
618 619 2
618 646 5
619 620 4
619 647 2
620 621 2
620 648 5
621 622 3
621 649 3
622 623 4
622 650 5
623 624 1
623 651 3
624 625 4
624 652 4
625 626 5
625 653 3
626 627 4
626 654 2
627 628 2
627 655 4
628 629 3
628 656 5
629 630 1
629 657 1
630 631 1
630 658 2
631 632 2
631 659 1
632 633 1
632 660 2
633 634 4
633 661 3
634 635 4
634 662 3
635 636 3
635 663 1
636 637 4
636 664 1
637 638 5
637 665 2
638 639 5
638 666 1
639 640 2
639 667 1
640 641 1
640 668 5
641 642 2
641 669 5
642 643 1
642 670 2
643 644 4
643 671 2
644 672 2
645 646 4
645 673 3
646 647 5
646 674 5
647 648 5
647 675 2
648 649 1
648 676 2
649 650 4
649 677 2
650 651 3
650 678 4
651 652 4
651 679 3
652 653 3
652 680 1
653 654 2
653 681 1
654 655 5
654 682 1
655 656 5
655 683 1
656 657 1
656 684 5
657 658 1
657 685 4
658 659 4
658 686 4
659 660 3
659 687 5
660 661 3
660 688 1
661 662 4
661 689 1
662 663 3
662 690 2
663 664 5
663 691 1
664 665 2
664 692 1
665 666 2
665 693 4
666 667 5
666 694 5
667 668 1
667 695 3
668 669 4
668 696 3
669 670 1
669 697 2
670 671 5
670 698 4
671 672 3
671 699 3
672 700 2
673 674 1
673 701 3
674 675 5
674 702 1
675 676 4
675 703 1
676 677 3
676 704 2
677 678 3
677 705 1
678 679 1
678 706 2
679 680 5
679 707 1
680 681 5
680 708 5
681 682 5
681 709 1
682 683 2
682 710 5
683 684 4
683 711 3
684 685 5
684 712 4
685 686 3
685 713 1
686 687 1
686 714 5
687 688 1
687 715 2
688 689 1
688 716 2
689 690 2
689 717 5
690 691 5
690 718 2
691 692 4
691 719 2
692 693 3
692 720 4
693 694 4
693 721 3
694 695 2
694 722 5
695 696 1
695 723 3
696 697 4
696 724 1
697 698 1
697 725 5
698 699 4
698 726 5
699 700 2
699 727 3
700 728 2
701 702 3
701 729 2
702 703 1
702 730 1
703 704 2
703 731 3
704 705 2
704 732 1
705 706 1
705 733 1
706 707 2
706 734 5
707 708 4
707 735 1
708 709 5
708 736 5
709 710 1
709 737 1
710 711 4
710 738 5
711 712 1
711 739 5
712 713 4
712 740 5
713 714 4
713 741 4
714 715 2
714 742 4
715 716 4
715 743 3
716 717 1
716 744 5
717 718 4
717 745 3
718 719 3
718 746 5
719 720 1
719 747 2
720 721 4
720 748 4
721 722 4
721 749 4
722 723 3
722 750 1
723 724 3
723 751 5
724 725 3
724 752 3
725 726 5
725 753 3
726 727 4
726 754 1
727 728 4
727 755 2
728 756 1
729 730 4
729 757 4
730 731 4
730 758 3
731 732 2
731 759 2
732 733 4
732 760 5
733 734 5
733 761 4
734 735 4
734 762 1
735 736 1
735 763 2
736 737 4
736 764 3
737 738 4
737 765 2
738 739 1
738 766 1
739 740 4
739 767 4
740 741 2
740 768 3
741 742 3
741 769 2
742 743 4
742 770 5
743 744 4
743 771 2
744 745 4
744 772 3
745 746 4
745 773 4
746 747 4
746 774 3
747 748 5
747 775 1
748 749 4
748 776 2
749 750 3
749 777 5
750 751 3
750 778 3
751 752 1
751 779 2
752 753 2
752 780 3
753 754 1
753 781 5
754 755 1
754 782 2
755 756 3
755 783 1
756 784 3
757 758 5
758 759 2
759 760 5
760 761 5
761 762 2
762 763 3
763 764 1
764 765 3
765 766 5
766 767 4
767 768 3
768 769 1
769 770 5
770 771 1
771 772 5
772 773 1
773 774 1
774 775 3
775 776 4
776 777 2
777 778 5
778 779 2
779 780 1
780 781 3
781 782 5
782 783 5
783 784 4
1 757 1
2 758 2
3 759 5
4 760 1
5 761 3
6 762 4
7 763 4
8 764 5
9 765 1
10 766 3
11 767 2
12 768 2
13 769 2
14 770 2
15 771 4
16 772 5
17 773 5
18 774 3
19 775 4
20 776 5
21 777 1
22 778 3
23 779 4
24 780 4
25 781 2
26 782 3
27 783 4
28 784 2
1 28 3
29 56 4
57 84 5
85 112 2
113 140 3
141 168 1
169 196 1
197 224 2
225 252 1
253 280 4
281 308 5
309 336 5
337 364 4
365 392 2
393 420 1
421 448 4
449 476 2
477 504 3
505 532 4
533 560 5
561 588 3
589 616 1
617 644 1
645 672 4
673 700 1
701 728 4
729 756 3
757 784 5
