784 1568
1 2 3
1 29 5
2 3 4
2 30 5
3 4 4
3 31 3
4 5 1
4 32 5
5 6 4
5 33 1
6 7 2
6 34 5
7 8 3
7 35 1
8 9 4
8 36 1
9 10 3
9 37 4
10 11 5
10 38 3
11 12 3
11 39 2
12 13 1
12 40 2
13 14 3
13 41 1
14 15 5
14 42 3
15 16 2
15 43 1
16 17 2
16 44 4
17 18 1
17 45 2
18 19 2
18 46 4
19 20 4
19 47 5
20 21 5
20 48 5
21 22 3
21 49 3
22 23 2
22 50 3
23 24 1
23 51 3
24 25 2
24 52 1
25 26 3
25 53 2
26 27 3
26 54 4
27 28 3
27 55 4
28 56 5
29 30 4
29 57 1
30 31 5
30 58 5
31 32 4
31 59 5
32 33 1
32 60 2
33 34 3
33 61 2
34 35 1
34 62 5
35 36 1
35 63 2
36 37 5
36 64 4
37 38 3
37 65 1
38 39 3
38 66 2
39 40 4
39 67 5
40 41 4
40 68 3
41 42 1
41 69 1
42 43 4
42 70 2
43 44 3
43 71 3
44 45 5
44 72 4
45 46 1
45 73 5
46 47 1
46 74 3
47 48 5
47 75 5
48 49 1
48 76 2
49 50 2
49 77 3
50 51 4
50 78 1
51 52 1
51 79 3
52 53 3
52 80 5
53 54 4
53 81 1
54 55 2
54 82 2
55 56 2
55 83 2
56 84 4
57 58 2
57 85 2
58 59 3
58 86 5
59 60 1
59 87 4
60 61 3
60 88 4
61 62 2
61 89 3
62 63 5
62 90 2
63 64 3
63 91 5
64 65 1
64 92 1
65 66 4
65 93 4
66 67 3
66 94 3
67 68 2
67 95 2
68 69 1
68 96 4
69 70 2
69 97 3
70 71 2
70 98 1
71 72 1
71 99 2
72 73 1
72 100 2
73 74 3
73 101 3
74 75 5
74 102 5
75 76 1
75 103 5
76 77 1
76 104 4
77 78 5
77 105 4
78 79 3
78 106 5
79 80 5
79 107 2
80 81 3
80 108 1
81 82 2
81 109 1
82 83 5
82 110 1
83 84 2
83 111 3
84 112 2
85 86 3
85 113 3
86 87 3
86 114 4
87 88 1
87 115 2
88 89 5
88 116 5
89 90 3
89 117 2
90 91 5
90 118 2
91 92 4
91 119 4
92 93 3
92 120 2
93 94 5
93 121 3
94 95 3
94 122 5
95 96 5
95 123 5
96 97 3
96 124 4
97 98 5
97 125 3
98 99 5
98 126 1
99 100 5
99 127 4
100 101 1
100 128 5
101 102 2
101 129 5
102 103 1
102 130 5
103 104 1
103 131 1
104 105 3
104 132 4
105 106 3
105 133 2
106 107 4
106 134 4
107 108 4
107 135 4
108 109 3
108 136 3
109 110 4
109 137 2
110 111 2
110 138 4
111 112 5
111 139 4
112 140 2
113 114 4
113 141 3
114 115 3
114 142 5
115 116 3
115 143 2
116 117 3
116 144 4
117 118 3
117 145 4
118 119 4
118 146 3
119 120 1
119 147 2
120 121 5
120 148 5
121 122 2
121 149 5
122 123 4
122 150 2
123 124 1
123 151 1
124 125 3
124 152 3
125 126 5
125 153 4
126 127 3
126 154 4
127 128 4
127 155 1
128 129 3
128 156 1
129 130 3
129 157 3
130 131 1
130 158 1
131 132 1
131 159 1
132 133 2
132 160 2
133 134 5
133 161 4
134 135 2
134 162 4
135 136 3
135 163 1
136 137 2
136 164 1
137 138 4
137 165 4
138 139 2
138 166 1
139 140 5
139 167 4
140 168 4
141 142 4
141 169 5
142 143 3
142 170 5
143 144 5
143 171 5
144 145 4
144 172 4
145 146 3
145 173 4
146 147 3
146 174 4
147 148 4
147 175 1
148 149 5
148 176 4
149 150 3
149 177 1
150 151 2
150 178 4
151 152 1
151 179 4
152 153 3
152 180 4
153 154 4
153 181 2
154 155 2
154 182 5
155 156 2
155 183 1
156 157 3
156 184 3
157 158 5
157 185 3
158 159 5
158 186 4
159 160 5
159 187 1
160 161 2
160 188 5
161 162 4
161 189 3
162 163 1
162 190 5
163 164 1
163 191 2
164 165 4
164 192 3
165 166 2
165 193 2
166 167 3
166 194 5
167 168 2
167 195 5
168 196 4
169 170 3
169 197 2
170 171 4
170 198 1
171 172 1
171 199 2
172 173 5
172 200 1
173 174 3
173 201 1
174 175 4
174 202 5
175 176 5
175 203 2
176 177 1
176 204 1
177 178 4
177 205 1
178 179 1
178 206 4
179 180 4
179 207 1
180 181 2
180 208 4
181 182 1
181 209 1
182 183 5
182 210 5
183 184 2
183 211 5
184 185 2
184 212 1
185 186 4
185 213 2
186 187 2
186 214 3
187 188 1
187 215 5
188 189 2
188 216 4
189 190 5
189 217 1
190 191 1
190 218 1
191 192 4
191 219 1
192 193 3
192 220 5
193 194 2
193 221 4
194 195 4
194 222 2
195 196 5
195 223 4
196 224 2
197 198 5
197 225 1
198 199 1
198 226 4
199 200 4
199 227 4
200 201 3
200 228 5
201 202 1
201 229 2
202 203 5
202 230 3
203 204 5
203 231 3
204 205 2
204 232 3
205 206 1
205 233 1
206 207 1
206 234 2
207 208 4
207 235 2
208 209 2
208 236 3
209 210 1
209 237 3
210 211 1
210 238 2
211 212 1
211 239 5
212 213 3
212 240 2
213 214 4
213 241 3
214 215 2
214 242 5
215 216 4
215 243 3
216 217 1
216 244 2
217 218 5
217 245 3
218 219 1
218 246 2
219 220 1
219 247 5
220 221 4
220 248 1
221 222 5
221 249 5
222 223 4
222 250 5
223 224 5
223 251 3
224 252 5
225 226 1
225 253 2
226 227 2
226 254 2
227 228 1
227 255 3
228 229 5
228 256 2
229 230 2
229 257 3
230 231 2
230 258 3
231 232 2
231 259 3
232 233 3
232 260 3
233 234 3
233 261 4
234 235 3
234 262 5
235 236 1
235 263 4
236 237 2
236 264 2
237 238 4
237 265 1
238 239 2
238 266 3
239 240 3
239 267 2
240 241 4
240 268 1
241 242 4
241 269 4
242 243 2
242 270 2
243 244 2
243 271 1
244 245 2
244 272 2
245 246 4
245 273 5
246 247 1
246 274 3
247 248 5
247 275 5
248 249 1
248 276 4
249 250 2
249 277 2
250 251 2
250 278 4
251 252 5
251 279 5
252 280 1
253 254 4
253 281 2
254 255 5
254 282 1
255 256 3
255 283 4
256 257 3
256 284 4
257 258 3
257 285 3
258 259 2
258 286 3
259 260 4
259 287 1
260 261 1
260 288 4
261 262 4
261 289 1
262 263 1
262 290 5
263 264 3
263 291 2
264 265 2
264 292 2
265 266 2
265 293 5
266 267 1
266 294 5
267 268 4
267 295 4
268 269 2
268 296 3
269 270 1
269 297 1
270 271 3
270 298 3
271 272 1
271 299 2
272 273 5
272 300 1
273 274 5
273 301 3
274 275 3
274 302 1
275 276 5
275 303 3
276 277 1
276 304 1
277 278 4
277 305 2
278 279 3
278 306 2
279 280 4
279 307 1
280 308 2
281 282 2
281 309 4
282 283 1
282 310 2
283 284 3
283 311 4
284 285 1
284 312 3
285 286 3
285 313 4
286 287 1
286 314 2
287 288 5
287 315 3
288 289 5
288 316 3
289 290 2
289 317 4
290 291 4
290 318 2
291 292 3
291 319 1
292 293 3
292 320 2
293 294 2
293 321 4
294 295 5
294 322 3
295 296 5
295 323 5
296 297 2
296 324 4
297 298 1
297 325 2
298 299 1
298 326 5
299 300 4
299 327 2
300 301 4
300 328 5
301 302 1
301 329 4
302 303 1
302 330 1
303 304 5
303 331 4
304 305 5
304 332 2
305 306 4
305 333 5
306 307 4
306 334 3
307 308 1
307 335 2
308 336 4
309 310 1
309 337 2
310 311 1
310 338 3
311 312 2
311 339 4
312 313 4
312 340 2
313 314 2
313 341 5
314 315 3
314 342 2
315 316 2
315 343 5
316 317 2
316 344 4
317 318 5
317 345 3
318 319 1
318 346 1
319 320 2
319 347 1
320 321 1
320 348 4
321 322 1
321 349 1
322 323 2
322 350 5
323 324 1
323 351 5
324 325 1
324 352 5
325 326 5
325 353 5
326 327 5
326 354 3
327 328 2
327 355 1
328 329 3
328 356 3
329 330 1
329 357 5
330 331 2
330 358 5
331 332 5
331 359 3
332 333 5
332 360 3
333 334 3
333 361 4
334 335 4
334 362 4
335 336 1
335 363 3
336 364 4
337 338 1
337 365 3
338 339 5
338 366 2
339 340 5
339 367 1
340 341 2
340 368 5
341 342 3
341 369 1
342 343 4
342 370 1
343 344 4
343 371 2
344 345 4
344 372 4
345 346 4
345 373 3
346 347 4
346 374 4
347 348 4
347 375 1
348 349 4
348 376 4
349 350 1
349 377 5
350 351 5
350 378 5
351 352 3
351 379 2
352 353 4
352 380 4
353 354 4
353 381 4
354 355 5
354 382 4
355 356 4
355 383 3
356 357 2
356 384 3
357 358 5
357 385 1
358 359 1
358 386 5
359 360 2
359 387 3
360 361 2
360 388 3
361 362 2
361 389 3
362 363 4
362 390 1
363 364 5
363 391 4
364 392 3
365 366 4
365 393 3
366 367 2
366 394 3
367 368 1
367 395 5
368 369 1
368 396 2
369 370 5
369 397 4
370 371 2
370 398 2
371 372 5
371 399 1
372 373 2
372 400 2
373 374 2
373 401 1
374 375 5
374 402 2
375 376 4
375 403 5
376 377 1
376 404 4
377 378 5
377 405 3
378 379 3
378 406 4
379 380 1
379 407 1
380 381 1
380 408 1
381 382 5
381 409 5
382 383 5
382 410 1
383 384 4
383 411 1
384 385 1
384 412 3
385 386 2
385 413 5
386 387 2
386 414 2
387 388 4
387 415 1
388 389 1
388 416 1
389 390 2
389 417 1
390 391 4
390 418 4
391 392 5
391 419 3
392 420 4
393 394 5
393 421 3
394 395 2
394 422 5
395 396 5
395 423 3
396 397 2
396 424 1
397 398 4
397 425 2
398 399 4
398 426 4
399 400 1
399 427 3
400 401 5
400 428 1
401 402 2
401 429 2
402 403 3
402 430 5
403 404 2
403 431 2
404 405 1
404 432 4
405 406 5
405 433 1
406 407 1
406 434 5
407 408 1
407 435 4
408 409 5
408 436 3
409 410 5
409 437 5
410 411 5
410 438 2
411 412 1
411 439 2
412 413 1
412 440 2
413 414 5
413 441 2
414 415 4
414 442 2
415 416 4
415 443 2
416 417 2
416 444 5
417 418 5
417 445 4
418 419 5
418 446 5
419 420 1
419 447 4
420 448 3
421 422 2
421 449 4
422 423 1
422 450 4
423 424 1
423 451 3
424 425 5
424 452 3
425 426 1
425 453 5
426 427 4
426 454 1
427 428 3
427 455 2
428 429 5
428 456 1
429 430 2
429 457 5
430 431 4
430 458 5
431 432 4
431 459 1
432 433 4
432 460 4
433 434 3
433 461 4
434 435 1
434 462 3
435 436 5
435 463 3
436 437 2
436 464 2
437 438 4
437 465 4
438 439 2
438 466 5
439 440 3
439 467 2
440 441 5
440 468 2
441 442 3
441 469 5
442 443 5
442 470 5
443 444 5
443 471 4
444 445 3
444 472 5
445 446 4
445 473 3
446 447 1
446 474 4
447 448 3
447 475 1
448 476 2
449 450 3
449 477 2
450 451 5
450 478 5
451 452 1
451 479 1
452 453 1
452 480 1
453 454 3
453 481 3
454 455 4
454 482 5
455 456 3
455 483 5
456 457 1
456 484 5
457 458 3
457 485 5
458 459 1
458 486 5
459 460 3
459 487 2
460 461 4
460 488 4
461 462 5
461 489 1
462 463 2
462 490 3
463 464 1
463 491 1
464 465 5
464 492 2
465 466 2
465 493 4
466 467 2
466 494 4
467 468 1
467 495 2
468 469 1
468 496 2
469 470 5
469 497 1
470 471 5
470 498 4
471 472 2
471 499 4
472 473 1
472 500 2
473 474 5
473 501 3
474 475 4
474 502 2
475 476 5
475 503 2
476 504 5
477 478 4
477 505 5
478 479 1
478 506 2
479 480 3
479 507 5
480 481 4
480 508 1
481 482 3
481 509 4
482 483 3
482 510 5
483 484 1
483 511 4
484 485 4
484 512 1
485 486 4
485 513 5
486 487 3
486 514 2
487 488 2
487 515 4
488 489 4
488 516 2
489 490 2
489 517 5
490 491 2
490 518 4
491 492 5
491 519 5
492 493 5
492 520 3
493 494 2
493 521 4
494 495 4
494 522 4
495 496 5
495 523 3
496 497 1
496 524 5
497 498 2
497 525 5
498 499 5
498 526 5
499 500 2
499 527 3
500 501 1
500 528 1
501 502 1
501 529 4
502 503 1
502 530 4
503 504 2
503 531 1
504 532 2
505 506 5
505 533 4
506 507 3
506 534 1
507 508 2
507 535 3
508 509 1
508 536 2
509 510 5
509 537 2
510 511 4
510 538 1
511 512 2
511 539 1
512 513 5
512 540 1
513 514 3
513 541 1
514 515 5
514 542 3
515 516 3
515 543 4
516 517 2
516 544 4
517 518 5
517 545 2
518 519 2
518 546 5
519 520 3
519 547 4
520 521 4
520 548 3
521 522 2
521 549 4
522 523 1
522 550 1
523 524 4
523 551 2
524 525 1
524 552 5
525 526 1
525 553 4
526 527 4
526 554 1
527 528 1
527 555 3
528 529 4
528 556 5
529 530 4
529 557 2
530 531 1
530 558 1
531 532 1
531 559 3
532 560 2
533 534 3
533 561 2
534 535 1
534 562 5
535 536 4
535 563 4
536 537 2
536 564 4
537 538 2
537 565 2
538 539 5
538 566 3
539 540 5
539 567 1
540 541 3
540 568 2
541 542 4
541 569 2
542 543 2
542 570 2
543 544 1
543 571 3
544 545 4
544 572 3
545 546 2
545 573 1
546 547 1
546 574 4
547 548 5
547 575 3
548 549 2
548 576 5
549 550 1
549 577 1
550 551 1
550 578 2
551 552 2
551 579 1
552 553 5
552 580 1
553 554 5
553 581 1
554 555 5
554 582 1
555 556 5
555 583 2
556 557 3
556 584 5
557 558 3
557 585 5
558 559 5
558 586 3
559 560 1
559 587 5
560 588 1
561 562 3
561 589 2
562 563 4
562 590 2
563 564 3
563 591 3
564 565 4
564 592 2
565 566 5
565 593 3
566 567 5
566 594 2
567 568 5
567 595 1
568 569 3
568 596 3
569 570 4
569 597 5
570 571 4
570 598 1
571 572 4
571 599 5
572 573 3
572 600 5
573 574 2
573 601 3
574 575 5
574 602 3
575 576 3
575 603 4
576 577 4
576 604 1
577 578 2
577 605 1
578 579 5
578 606 4
579 580 5
579 607 2
580 581 1
580 608 2
581 582 2
581 609 3
582 583 3
582 610 4
583 584 2
583 611 3
584 585 3
584 612 2
585 586 5
585 613 1
586 587 2
586 614 3
587 588 5
587 615 5
588 616 2
589 590 1
589 617 2
590 591 1
590 618 2
591 592 1
591 619 5
592 593 2
592 620 5
593 594 1
593 621 5
594 595 4
594 622 2
595 596 4
595 623 1
596 597 4
596 624 3
597 598 2
597 625 3
598 599 5
598 626 4
599 600 5
599 627 5
600 601 2
600 628 4
601 602 4
601 629 2
602 603 3
602 630 2
603 604 1
603 631 2
604 605 5
604 632 3
605 606 1
605 633 2
606 607 2
606 634 3
607 608 2
607 635 5
608 609 3
608 636 4
609 610 1
609 637 3
610 611 5
610 638 3
611 612 3
611 639 1
612 613 4
612 640 4
613 614 1
613 641 1
614 615 1
614 642 3
615 616 5
615 643 1
616 644 4
617 618 5
617 645 1
618 619 3
618 646 3
619 620 3
619 647 2
620 621 4
620 648 2
621 622 2
621 649 5
622 623 5
622 650 1
623 624 1
623 651 2
624 625 3
624 652 3
625 626 5
625 653 5
626 627 5
626 654 5
627 628 3
627 655 5
628 629 3
628 656 4
629 630 2
629 657 3
630 631 5
630 658 5
631 632 5
631 659 2
632 633 5
632 660 1
633 634 5
633 661 2
634 635 4
634 662 5
635 636 5
635 663 2
636 637 4
636 664 3
637 638 5
637 665 5
638 639 1
638 666 4
639 640 3
639 667 3
640 641 2
640 668 4
641 642 3
641 669 1
642 643 4
642 670 5
643 644 3
643 671 1
644 672 4
645 646 2
645 673 4
646 647 2
646 674 4
647 648 3
647 675 1
648 649 2
648 676 5
649 650 5
649 677 4
650 651 3
650 678 4
651 652 4
651 679 4
652 653 4
652 680 3
653 654 2
653 681 1
654 655 4
654 682 4
655 656 5
655 683 5
656 657 2
656 684 4
657 658 1
657 685 5
658 659 5
658 686 1
659 660 1
659 687 3
660 661 2
660 688 2
661 662 5
661 689 1
662 663 1
662 690 3
663 664 1
663 691 1
664 665 1
664 692 1
665 666 5
665 693 1
666 667 3
666 694 4
667 668 1
667 695 5
668 669 5
668 696 3
669 670 1
669 697 4
670 671 2
670 698 1
671 672 3
671 699 3
672 700 3
673 674 2
673 701 3
674 675 3
674 702 3
675 676 3
675 703 2
676 677 4
676 704 4
677 678 5
677 705 4
678 679 2
678 706 5
679 680 5
679 707 4
680 681 4
680 708 2
681 682 4
681 709 4
682 683 5
682 710 2
683 684 2
683 711 2
684 685 5
684 712 1
685 686 1
685 713 4
686 687 3
686 714 1
687 688 1
687 715 2
688 689 3
688 716 5
689 690 2
689 717 4
690 691 3
690 718 5
691 692 4
691 719 3
692 693 3
692 720 2
693 694 4
693 721 4
694 695 4
694 722 3
695 696 3
695 723 4
696 697 1
696 724 5
697 698 1
697 725 3
698 699 3
698 726 5
699 700 2
699 727 3
700 728 3
701 702 2
701 729 4
702 703 4
702 730 2
703 704 5
703 731 2
704 705 2
704 732 2
705 706 5
705 733 5
706 707 2
706 734 4
707 708 3
707 735 5
708 709 4
708 736 2
709 710 3
709 737 3
710 711 1
710 738 5
711 712 5
711 739 5
712 713 5
712 740 2
713 714 5
713 741 1
714 715 3
714 742 4
715 716 5
715 743 3
716 717 1
716 744 3
717 718 2
717 745 4
718 719 1
718 746 2
719 720 5
719 747 2
720 721 5
720 748 3
721 722 2
721 749 1
722 723 3
722 750 3
723 724 2
723 751 3
724 725 3
724 752 5
725 726 5
725 753 2
726 727 3
726 754 3
727 728 5
727 755 3
728 756 5
729 730 1
729 757 5
730 731 4
730 758 4
731 732 3
731 759 2
732 733 2
732 760 3
733 734 4
733 761 1
734 735 4
734 762 2
735 736 2
735 763 1
736 737 4
736 764 3
737 738 2
737 765 2
738 739 1
738 766 5
739 740 5
739 767 1
740 741 1
740 768 5
741 742 3
741 769 1
742 743 2
742 770 2
743 744 3
743 771 4
744 745 1
744 772 5
745 746 5
745 773 4
746 747 1
746 774 4
747 748 4
747 775 1
748 749 4
748 776 3
749 750 5
749 777 5
750 751 1
750 778 1
751 752 4
751 779 3
752 753 1
752 780 2
753 754 4
753 781 2
754 755 3
754 782 3
755 756 1
755 783 2
756 784 3
757 758 1
758 759 1
759 760 2
760 761 4
761 762 3
762 763 2
763 764 2
764 765 3
765 766 3
766 767 2
767 768 3
768 769 2
769 770 1
770 771 5
771 772 1
772 773 4
773 774 3
774 775 3
775 776 5
776 777 2
777 778 2
778 779 2
779 780 4
780 781 2
781 782 4
782 783 1
783 784 4
1 757 4
2 758 4
3 759 2
4 760 1
5 761 2
6 762 3
7 763 1
8 764 2
9 765 4
10 766 2
11 767 1
12 768 1
13 769 4
14 770 1
15 771 2
16 772 1
17 773 5
18 774 5
19 775 2
20 776 4
21 777 4
22 778 5
23 779 3
24 780 1
25 781 1
26 782 5
27 783 4
28 784 3
1 28 5
29 56 5
57 84 4
85 112 5
113 140 4
141 168 5
169 196 4
197 224 1
225 252 2
253 280 4
281 308 4
309 336 2
337 364 4
365 392 2
393 420 2
421 448 1
449 476 3
477 504 4
505 532 4
533 560 4
561 588 2
589 616 5
617 644 2
645 672 4
673 700 5
701 728 2
729 756 5
757 784 4
