400 800
1 2 1
1 21 1
2 3 4
2 22 1
3 4 4
3 23 1
4 5 3
4 24 2
5 6 1
5 25 5
6 7 4
6 26 2
7 8 2
7 27 1
8 9 3
8 28 4
9 10 2
9 29 2
10 11 5
10 30 5
11 12 3
11 31 5
12 13 2
12 32 1
13 14 1
13 33 5
14 15 1
14 34 3
15 16 2
15 35 1
16 17 5
16 36 4
17 18 3
17 37 5
18 19 2
18 38 1
19 20 3
19 39 5
20 40 4
21 22 3
21 41 4
22 23 2
22 42 4
23 24 2
23 43 5
24 25 2
24 44 2
25 26 4
25 45 3
26 27 2
26 46 1
27 28 2
27 47 2
28 29 4
28 48 2
29 30 1
29 49 3
30 31 4
30 50 5
31 32 4
31 51 1
32 33 3
32 52 3
33 34 3
33 53 4
34 35 2
34 54 5
35 36 3
35 55 5
36 37 5
36 56 4
37 38 5
37 57 3
38 39 5
38 58 3
39 40 2
39 59 1
40 60 2
41 42 5
41 61 4
42 43 1
42 62 4
43 44 4
43 63 4
44 45 1
44 64 4
45 46 4
45 65 1
46 47 1
46 66 4
47 48 1
47 67 4
48 49 3
48 68 1
49 50 5
49 69 5
50 51 1
50 70 1
51 52 3
51 71 3
52 53 1
52 72 1
53 54 5
53 73 5
54 55 2
54 74 5
55 56 4
55 75 1
56 57 1
56 76 2
57 58 5
57 77 4
58 59 4
58 78 5
59 60 5
59 79 2
60 80 1
61 62 2
61 81 1
62 63 1
62 82 5
63 64 3
63 83 3
64 65 3
64 84 3
65 66 2
65 85 5
66 67 1
66 86 4
67 68 2
67 87 3
68 69 4
68 88 1
69 70 3
69 89 5
70 71 3
70 90 4
71 72 1
71 91 4
72 73 1
72 92 5
73 74 2
73 93 2
74 75 1
74 94 5
75 76 2
75 95 4
76 77 2
76 96 1
77 78 1
77 97 4
78 79 4
78 98 5
79 80 4
79 99 3
80 100 5
81 82 5
81 101 3
82 83 5
82 102 4
83 84 1
83 103 4
84 85 2
84 104 3
85 86 2
85 105 5
86 87 2
86 106 1
87 88 5
87 107 4
88 89 1
88 108 2
89 90 5
89 109 2
90 91 1
90 110 1
91 92 4
91 111 4
92 93 5
92 112 3
93 94 4
93 113 4
94 95 4
94 114 4
95 96 5
95 115 4
96 97 5
96 116 2
97 98 5
97 117 4
98 99 5
98 118 5
99 100 1
99 119 1
100 120 3
101 102 3
101 121 1
102 103 1
102 122 5
103 104 4
103 123 1
104 105 4
104 124 5
105 106 2
105 125 3
106 107 5
106 126 5
107 108 4
107 127 4
108 109 3
108 128 4
109 110 3
109 129 5
110 111 3
110 130 3
111 112 4
111 131 2
112 113 3
112 132 4
113 114 1
113 133 3
114 115 1
114 134 5
115 116 3
115 135 5
116 117 4
116 136 3
117 118 2
117 137 4
118 119 4
118 138 3
119 120 3
119 139 2
120 140 3
121 122 3
121 141 2
122 123 4
122 142 2
123 124 5
123 143 2
124 125 4
124 144 3
125 126 2
125 145 4
126 127 1
126 146 5
127 128 3
127 147 3
128 129 2
128 148 3
129 130 1
129 149 1
130 131 5
130 150 4
131 132 2
131 151 2
132 133 1
132 152 5
133 134 2
133 153 2
134 135 2
134 154 3
135 136 1
135 155 5
136 137 2
136 156 4
137 138 1
137 157 1
138 139 3
138 158 2
139 140 1
139 159 5
140 160 1
141 142 5
141 161 2
142 143 3
142 162 3
143 144 5
143 163 2
144 145 3
144 164 4
145 146 2
145 165 1
146 147 1
146 166 4
147 148 4
147 167 5
148 149 5
148 168 1
149 150 4
149 169 2
150 151 1
150 170 1
151 152 4
151 171 2
152 153 1
152 172 4
153 154 4
153 173 3
154 155 2
154 174 2
155 156 4
155 175 4
156 157 5
156 176 1
157 158 4
157 177 2
158 159 5
158 178 2
159 160 5
159 179 2
160 180 5
161 162 5
161 181 3
162 163 4
162 182 5
163 164 4
163 183 4
164 165 5
164 184 5
165 166 4
165 185 5
166 167 5
166 186 3
167 168 1
167 187 5
168 169 3
168 188 1
169 170 2
169 189 4
170 171 1
170 190 4
171 172 4
171 191 2
172 173 2
172 192 5
173 174 1
173 193 1
174 175 4
174 194 4
175 176 3
175 195 2
176 177 5
176 196 3
177 178 3
177 197 3
178 179 4
178 198 1
179 180 3
179 199 1
180 200 4
181 182 4
181 201 1
182 183 3
182 202 3
183 184 3
183 203 2
184 185 2
184 204 1
185 186 2
185 205 3
186 187 1
186 206 4
187 188 2
187 207 5
188 189 5
188 208 4
189 190 5
189 209 2
190 191 3
190 210 3
191 192 3
191 211 4
192 193 5
192 212 5
193 194 2
193 213 2
194 195 1
194 214 1
195 196 5
195 215 5
196 197 1
196 216 4
197 198 3
197 217 5
198 199 2
198 218 1
199 200 3
199 219 5
200 220 4
201 202 1
201 221 5
202 203 5
202 222 5
203 204 3
203 223 5
204 205 4
204 224 4
205 206 2
205 225 1
206 207 1
206 226 5
207 208 5
207 227 5
208 209 5
208 228 4
209 210 3
209 229 1
210 211 1
210 230 5
211 212 2
211 231 1
212 213 3
212 232 2
213 214 1
213 233 4
214 215 3
214 234 5
215 216 3
215 235 1
216 217 4
216 236 2
217 218 4
217 237 1
218 219 1
218 238 1
219 220 3
219 239 3
220 240 1
221 222 3
221 241 3
222 223 4
222 242 3
223 224 2
223 243 2
224 225 2
224 244 2
225 226 1
225 245 4
226 227 4
226 246 2
227 228 1
227 247 5
228 229 4
228 248 4
229 230 3
229 249 2
230 231 4
230 250 3
231 232 5
231 251 2
232 233 1
232 252 2
233 234 2
233 253 2
234 235 4
234 254 4
235 236 3
235 255 3
236 237 2
236 256 3
237 238 1
237 257 5
238 239 3
238 258 4
239 240 2
239 259 2
240 260 3
241 242 2
241 261 3
242 243 3
242 262 1
243 244 3
243 263 1
244 245 4
244 264 3
245 246 5
245 265 1
246 247 3
246 266 1
247 248 5
247 267 5
248 249 5
248 268 5
249 250 5
249 269 1
250 251 5
250 270 2
251 252 2
251 271 5
252 253 2
252 272 2
253 254 1
253 273 3
254 255 5
254 274 4
255 256 4
255 275 2
256 257 1
256 276 4
257 258 1
257 277 2
258 259 4
258 278 5
259 260 5
259 279 2
260 280 3
261 262 3
261 281 4
262 263 1
262 282 3
263 264 1
263 283 2
264 265 3
264 284 3
265 266 2
265 285 3
266 267 1
266 286 5
267 268 3
267 287 3
268 269 3
268 288 2
269 270 1
269 289 3
270 271 1
270 290 1
271 272 2
271 291 3
272 273 3
272 292 5
273 274 1
273 293 3
274 275 4
274 294 5
275 276 2
275 295 3
276 277 5
276 296 5
277 278 3
277 297 1
278 279 2
278 298 2
279 280 2
279 299 4
280 300 1
281 282 3
281 301 3
282 283 4
282 302 3
283 284 2
283 303 5
284 285 3
284 304 4
285 286 5
285 305 5
286 287 3
286 306 2
287 288 3
287 307 2
288 289 3
288 308 5
289 290 1
289 309 3
290 291 1
290 310 4
291 292 2
291 311 2
292 293 1
292 312 5
293 294 3
293 313 1
294 295 3
294 314 4
295 296 3
295 315 5
296 297 5
296 316 2
297 298 3
297 317 4
298 299 5
298 318 4
299 300 1
299 319 4
300 320 1
301 302 2
301 321 5
302 303 4
302 322 5
303 304 5
303 323 4
304 305 5
304 324 1
305 306 5
305 325 1
306 307 3
306 326 4
307 308 5
307 327 3
308 309 4
308 328 2
309 310 2
309 329 5
310 311 5
310 330 4
311 312 2
311 331 2
312 313 2
312 332 3
313 314 4
313 333 3
314 315 5
314 334 3
315 316 1
315 335 5
316 317 5
316 336 4
317 318 3
317 337 4
318 319 4
318 338 2
319 320 5
319 339 1
320 340 1
321 322 4
321 341 2
322 323 5
322 342 2
323 324 1
323 343 4
324 325 2
324 344 2
325 326 3
325 345 1
326 327 4
326 346 2
327 328 2
327 347 1
328 329 4
328 348 4
329 330 2
329 349 4
330 331 5
330 350 4
331 332 1
331 351 1
332 333 1
332 352 2
333 334 5
333 353 3
334 335 1
334 354 5
335 336 2
335 355 5
336 337 1
336 356 3
337 338 2
337 357 5
338 339 4
338 358 3
339 340 3
339 359 4
340 360 5
341 342 4
341 361 1
342 343 3
342 362 5
343 344 2
343 363 5
344 345 3
344 364 1
345 346 5
345 365 3
346 347 1
346 366 5
347 348 3
347 367 5
348 349 5
348 368 3
349 350 2
349 369 5
350 351 2
350 370 3
351 352 3
351 371 4
352 353 3
352 372 5
353 354 4
353 373 1
354 355 5
354 374 5
355 356 2
355 375 2
356 357 5
356 376 2
357 358 4
357 377 2
358 359 3
358 378 4
359 360 5
359 379 1
360 380 1
361 362 1
361 381 3
362 363 4
362 382 2
363 364 2
363 383 1
364 365 1
364 384 2
365 366 1
365 385 5
366 367 3
366 386 4
367 368 2
367 387 3
368 369 4
368 388 1
369 370 2
369 389 2
370 371 1
370 390 1
371 372 3
371 391 1
372 373 3
372 392 3
373 374 2
373 393 4
374 375 1
374 394 1
375 376 2
375 395 4
376 377 1
376 396 3
377 378 2
377 397 1
378 379 5
378 398 4
379 380 5
379 399 2
380 400 5
381 382 1
382 383 2
383 384 1
384 385 2
385 386 2
386 387 1
387 388 3
388 389 5
389 390 5
390 391 1
391 392 2
392 393 5
393 394 2
394 395 5
395 396 5
396 397 5
397 398 4
398 399 1
399 400 2
1 381 3
2 382 3
3 383 4
4 384 4
5 385 3
6 386 5
7 387 1
8 388 5
9 389 2
10 390 1
11 391 2
12 392 1
13 393 5
14 394 2
15 395 1
16 396 5
17 397 2
18 398 2
19 399 5
20 400 2
1 20 1
21 40 2
41 60 5
61 80 1
81 100 2
101 120 4
121 140 3
141 160 1
161 180 3
181 200 2
201 220 3
221 240 4
241 260 5
261 280 1
281 300 4
301 320 4
321 340 1
341 360 4
361 380 3
381 400 5
