784 1568
1 2 5
1 29 4
2 3 1
2 30 5
3 4 1
3 31 3
4 5 3
4 32 4
5 6 1
5 33 3
6 7 3
6 34 1
7 8 5
7 35 1
8 9 5
8 36 3
9 10 4
9 37 5
10 11 5
10 38 1
11 12 5
11 39 4
12 13 3
12 40 3
13 14 2
13 41 3
14 15 1
14 42 2
15 16 5
15 43 5
16 17 4
16 44 4
17 18 2
17 45 4
18 19 3
18 46 3
19 20 3
19 47 4
20 21 5
20 48 3
21 22 3
21 49 3
22 23 3
22 50 4
23 24 3
23 51 2
24 25 3
24 52 4
25 26 4
25 53 1
26 27 3
26 54 5
27 28 2
27 55 5
28 56 2
29 30 1
29 57 1
30 31 1
30 58 2
31 32 2
31 59 1
32 33 3
32 60 3
33 34 5
33 61 4
34 35 2
34 62 2
35 36 1
35 63 2
36 37 3
36 64 2
37 38 2
37 65 3
38 39 2
38 66 5
39 40 3
39 67 3
40 41 3
40 68 3
41 42 1
41 69 3
42 43 5
42 70 5
43 44 2
43 71 3
44 45 3
44 72 5
45 46 5
45 73 1
46 47 4
46 74 3
47 48 5
47 75 5
48 49 1
48 76 2
49 50 1
49 77 5
50 51 5
50 78 1
51 52 4
51 79 5
52 53 5
52 80 1
53 54 3
53 81 2
54 55 3
54 82 5
55 56 2
55 83 2
56 84 5
57 58 1
57 85 2
58 59 1
58 86 1
59 60 1
59 87 1
60 61 5
60 88 2
61 62 1
61 89 4
62 63 2
62 90 2
63 64 4
63 91 3
64 65 1
64 92 4
65 66 2
65 93 2
66 67 4
66 94 4
67 68 5
67 95 2
68 69 4
68 96 3
69 70 3
69 97 1
70 71 2
70 98 4
71 72 3
71 99 4
72 73 1
72 100 5
73 74 5
73 101 5
74 75 2
74 102 2
75 76 5
75 103 1
76 77 5
76 104 4
77 78 4
77 105 4
78 79 1
78 106 5
79 80 4
79 107 3
80 81 5
80 108 4
81 82 2
81 109 5
82 83 4
82 110 4
83 84 5
83 111 2
84 112 4
85 86 1
85 113 5
86 87 3
86 114 4
87 88 2
87 115 5
88 89 2
88 116 5
89 90 3
89 117 5
90 91 3
90 118 5
91 92 2
91 119 4
92 93 4
92 120 1
93 94 1
93 121 5
94 95 3
94 122 2
95 96 2
95 123 4
96 97 4
96 124 3
97 98 5
97 125 3
98 99 5
98 126 2
99 100 2
99 127 1
100 101 3
100 128 4
101 102 1
101 129 5
102 103 5
102 130 1
103 104 5
103 131 3
104 105 4
104 132 1
105 106 2
105 133 5
106 107 1
106 134 3
107 108 3
107 135 1
108 109 1
108 136 1
109 110 5
109 137 3
110 111 1
110 138 3
111 112 5
111 139 2
112 140 3
113 114 1
113 141 3
114 115 3
114 142 2
115 116 2
115 143 1
116 117 3
116 144 4
117 118 1
117 145 4
118 119 5
118 146 5
119 120 2
119 147 5
120 121 2
120 148 1
121 122 5
121 149 5
122 123 1
122 150 2
123 124 5
123 151 3
124 125 3
124 152 4
125 126 2
125 153 1
126 127 3
126 154 4
127 128 5
127 155 3
128 129 1
128 156 3
129 130 3
129 157 5
130 131 3
130 158 5
131 132 4
131 159 2
132 133 5
132 160 2
133 134 2
133 161 5
134 135 5
134 162 5
135 136 2
135 163 2
136 137 3
136 164 5
137 138 4
137 165 2
138 139 1
138 166 1
139 140 4
139 167 5
140 168 4
141 142 3
141 169 3
142 143 3
142 170 2
143 144 4
143 171 5
144 145 5
144 172 3
145 146 4
145 173 2
146 147 3
146 174 4
147 148 3
147 175 5
148 149 3
148 176 5
149 150 2
149 177 1
150 151 5
150 178 3
151 152 3
151 179 1
152 153 1
152 180 3
153 154 5
153 181 3
154 155 1
154 182 5
155 156 4
155 183 1
156 157 1
156 184 1
157 158 2
157 185 1
158 159 5
158 186 1
159 160 1
159 187 5
160 161 5
160 188 4
161 162 4
161 189 3
162 163 4
162 190 1
163 164 1
163 191 2
164 165 1
164 192 1
165 166 3
165 193 3
166 167 2
166 194 2
167 168 5
167 195 2
168 196 1
169 170 2
169 197 3
170 171 2
170 198 3
171 172 3
171 199 2
172 173 3
172 200 5
173 174 2
173 201 2
174 175 1
174 202 5
175 176 4
175 203 5
176 177 4
176 204 3
177 178 4
177 205 2
178 179 1
178 206 3
179 180 1
179 207 3
180 181 3
180 208 4
181 182 3
181 209 5
182 183 2
182 210 1
183 184 3
183 211 5
184 185 1
184 212 4
185 186 5
185 213 2
186 187 4
186 214 4
187 188 5
187 215 1
188 189 1
188 216 5
189 190 5
189 217 4
190 191 2
190 218 3
191 192 2
191 219 5
192 193 5
192 220 2
193 194 3
193 221 5
194 195 2
194 222 3
195 196 4
195 223 3
196 224 1
197 198 5
197 225 2
198 199 3
198 226 3
199 200 3
199 227 1
200 201 5
200 228 3
201 202 5
201 229 3
202 203 3
202 230 1
203 204 1
203 231 4
204 205 5
204 232 5
205 206 3
205 233 3
206 207 1
206 234 1
207 208 1
207 235 1
208 209 2
208 236 5
209 210 5
209 237 1
210 211 3
210 238 5
211 212 4
211 239 3
212 213 4
212 240 2
213 214 2
213 241 3
214 215 5
214 242 2
215 216 2
215 243 2
216 217 1
216 244 1
217 218 4
217 245 1
218 219 2
218 246 2
219 220 1
219 247 4
220 221 1
220 248 2
221 222 3
221 249 1
222 223 3
222 250 3
223 224 3
223 251 3
224 252 4
225 226 3
225 253 2
226 227 5
226 254 3
227 228 1
227 255 2
228 229 1
228 256 1
229 230 4
229 257 1
230 231 3
230 258 3
231 232 5
231 259 1
232 233 2
232 260 4
233 234 3
233 261 2
234 235 3
234 262 4
235 236 1
235 263 1
236 237 2
236 264 1
237 238 3
237 265 5
238 239 2
238 266 2
239 240 2
239 267 3
240 241 5
240 268 5
241 242 3
241 269 2
242 243 3
242 270 4
243 244 5
243 271 1
244 245 2
244 272 3
245 246 5
245 273 1
246 247 4
246 274 4
247 248 4
247 275 1
248 249 4
248 276 4
249 250 5
249 277 1
250 251 5
250 278 3
251 252 4
251 279 5
252 280 3
253 254 3
253 281 2
254 255 1
254 282 5
255 256 3
255 283 3
256 257 2
256 284 4
257 258 5
257 285 3
258 259 3
258 286 3
259 260 4
259 287 1
260 261 1
260 288 1
261 262 5
261 289 3
262 263 3
262 290 4
263 264 2
263 291 1
264 265 3
264 292 5
265 266 2
265 293 2
266 267 3
266 294 1
267 268 4
267 295 3
268 269 1
268 296 4
269 270 2
269 297 3
270 271 5
270 298 5
271 272 1
271 299 5
272 273 5
272 300 4
273 274 2
273 301 4
274 275 3
274 302 5
275 276 3
275 303 2
276 277 1
276 304 5
277 278 2
277 305 2
278 279 2
278 306 5
279 280 3
279 307 4
280 308 1
281 282 5
281 309 2
282 283 1
282 310 3
283 284 3
283 311 5
284 285 4
284 312 2
285 286 5
285 313 5
286 287 1
286 314 2
287 288 1
287 315 5
288 289 3
288 316 4
289 290 1
289 317 4
290 291 3
290 318 3
291 292 1
291 319 5
292 293 5
292 320 3
293 294 2
293 321 1
294 295 5
294 322 2
295 296 3
295 323 5
296 297 1
296 324 2
297 298 3
297 325 5
298 299 5
298 326 5
299 300 3
299 327 1
300 301 2
300 328 4
301 302 5
301 329 3
302 303 4
302 330 1
303 304 1
303 331 2
304 305 4
304 332 4
305 306 4
305 333 5
306 307 2
306 334 2
307 308 3
307 335 1
308 336 3
309 310 5
309 337 1
310 311 5
310 338 1
311 312 1
311 339 2
312 313 3
312 340 1
313 314 1
313 341 2
314 315 2
314 342 4
315 316 1
315 343 1
316 317 5
316 344 2
317 318 1
317 345 2
318 319 2
318 346 5
319 320 2
319 347 1
320 321 2
320 348 5
321 322 4
321 349 3
322 323 2
322 350 2
323 324 1
323 351 4
324 325 2
324 352 4
325 326 4
325 353 4
326 327 2
326 354 2
327 328 2
327 355 3
328 329 2
328 356 3
329 330 5
329 357 3
330 331 2
330 358 5
331 332 4
331 359 3
332 333 4
332 360 3
333 334 4
333 361 3
334 335 3
334 362 2
335 336 3
335 363 1
336 364 5
337 338 5
337 365 4
338 339 3
338 366 4
339 340 4
339 367 4
340 341 4
340 368 3
341 342 5
341 369 4
342 343 3
342 370 4
343 344 5
343 371 5
344 345 3
344 372 3
345 346 1
345 373 4
346 347 2
346 374 3
347 348 1
347 375 2
348 349 1
348 376 5
349 350 3
349 377 4
350 351 3
350 378 1
351 352 5
351 379 3
352 353 1
352 380 1
353 354 2
353 381 4
354 355 1
354 382 5
355 356 2
355 383 4
356 357 3
356 384 2
357 358 5
357 385 4
358 359 2
358 386 2
359 360 4
359 387 1
360 361 1
360 388 4
361 362 1
361 389 5
362 363 2
362 390 2
363 364 4
363 391 1
364 392 2
365 366 4
365 393 3
366 367 1
366 394 3
367 368 5
367 395 2
368 369 5
368 396 2
369 370 1
369 397 3
370 371 2
370 398 1
371 372 4
371 399 3
372 373 5
372 400 1
373 374 1
373 401 2
374 375 4
374 402 3
375 376 4
375 403 3
376 377 1
376 404 3
377 378 3
377 405 3
378 379 1
378 406 3
379 380 5
379 407 2
380 381 4
380 408 4
381 382 2
381 409 5
382 383 4
382 410 4
383 384 1
383 411 3
384 385 4
384 412 4
385 386 2
385 413 2
386 387 5
386 414 1
387 388 3
387 415 2
388 389 4
388 416 2
389 390 5
389 417 2
390 391 5
390 418 3
391 392 4
391 419 2
392 420 2
393 394 4
393 421 4
394 395 1
394 422 5
395 396 5
395 423 4
396 397 1
396 424 4
397 398 2
397 425 1
398 399 3
398 426 5
399 400 1
399 427 3
400 401 4
400 428 5
401 402 2
401 429 4
402 403 2
402 430 2
403 404 1
403 431 3
404 405 2
404 432 1
405 406 4
405 433 1
406 407 4
406 434 3
407 408 4
407 435 1
408 409 5
408 436 5
409 410 5
409 437 4
410 411 3
410 438 4
411 412 5
411 439 2
412 413 2
412 440 5
413 414 1
413 441 5
414 415 1
414 442 5
415 416 2
415 443 3
416 417 5
416 444 3
417 418 3
417 445 4
418 419 3
418 446 2
419 420 3
419 447 1
420 448 1
421 422 3
421 449 1
422 423 4
422 450 4
423 424 5
423 451 5
424 425 4
424 452 2
425 426 5
425 453 4
426 427 3
426 454 4
427 428 5
427 455 2
428 429 1
428 456 5
429 430 3
429 457 1
430 431 4
430 458 4
431 432 1
431 459 2
432 433 2
432 460 4
433 434 1
433 461 3
434 435 1
434 462 3
435 436 5
435 463 3
436 437 3
436 464 1
437 438 3
437 465 3
438 439 5
438 466 3
439 440 4
439 467 2
440 441 5
440 468 3
441 442 1
441 469 4
442 443 5
442 470 3
443 444 3
443 471 5
444 445 2
444 472 1
445 446 2
445 473 5
446 447 2
446 474 3
447 448 3
447 475 4
448 476 1
449 450 3
449 477 5
450 451 5
450 478 3
451 452 4
451 479 4
452 453 5
452 480 2
453 454 5
453 481 1
454 455 4
454 482 2
455 456 3
455 483 1
456 457 2
456 484 2
457 458 2
457 485 2
458 459 2
458 486 4
459 460 2
459 487 2
460 461 4
460 488 3
461 462 3
461 489 4
462 463 4
462 490 5
463 464 1
463 491 2
464 465 1
464 492 2
465 466 2
465 493 2
466 467 2
466 494 5
467 468 3
467 495 3
468 469 4
468 496 5
469 470 1
469 497 5
470 471 3
470 498 5
471 472 5
471 499 3
472 473 4
472 500 3
473 474 3
473 501 4
474 475 4
474 502 2
475 476 4
475 503 4
476 504 5
477 478 4
477 505 3
478 479 2
478 506 1
479 480 1
479 507 3
480 481 1
480 508 3
481 482 5
481 509 2
482 483 5
482 510 1
483 484 2
483 511 5
484 485 1
484 512 1
485 486 3
485 513 5
486 487 1
486 514 4
487 488 5
487 515 2
488 489 4
488 516 5
489 490 1
489 517 5
490 491 2
490 518 1
491 492 3
491 519 1
492 493 2
492 520 4
493 494 2
493 521 3
494 495 5
494 522 4
495 496 5
495 523 1
496 497 5
496 524 1
497 498 5
497 525 4
498 499 1
498 526 1
499 500 4
499 527 2
500 501 1
500 528 2
501 502 3
501 529 5
502 503 3
502 530 5
503 504 4
503 531 2
504 532 5
505 506 4
505 533 5
506 507 4
506 534 4
507 508 5
507 535 4
508 509 4
508 536 1
509 510 2
509 537 4
510 511 2
510 538 2
511 512 5
511 539 2
512 513 3
512 540 2
513 514 3
513 541 3
514 515 3
514 542 1
515 516 2
515 543 3
516 517 1
516 544 2
517 518 2
517 545 1
518 519 2
518 546 5
519 520 2
519 547 4
520 521 5
520 548 4
521 522 5
521 549 5
522 523 5
522 550 5
523 524 1
523 551 1
524 525 5
524 552 5
525 526 5
525 553 4
526 527 1
526 554 4
527 528 5
527 555 5
528 529 4
528 556 2
529 530 1
529 557 5
530 531 5
530 558 4
531 532 5
531 559 5
532 560 4
533 534 2
533 561 4
534 535 2
534 562 3
535 536 5
535 563 5
536 537 3
536 564 3
537 538 2
537 565 3
538 539 3
538 566 4
539 540 4
539 567 1
540 541 5
540 568 3
541 542 5
541 569 4
542 543 3
542 570 3
543 544 2
543 571 2
544 545 5
544 572 4
545 546 4
545 573 3
546 547 1
546 574 1
547 548 4
547 575 4
548 549 1
548 576 1
549 550 5
549 577 2
550 551 3
550 578 4
551 552 3
551 579 5
552 553 5
552 580 1
553 554 2
553 581 2
554 555 5
554 582 1
555 556 5
555 583 4
556 557 5
556 584 3
557 558 4
557 585 4
558 559 1
558 586 3
559 560 4
559 587 1
560 588 5
561 562 4
561 589 5
562 563 5
562 590 5
563 564 4
563 591 3
564 565 5
564 592 1
565 566 3
565 593 5
566 567 1
566 594 2
567 568 4
567 595 2
568 569 5
568 596 3
569 570 3
569 597 5
570 571 4
570 598 5
571 572 1
571 599 2
572 573 3
572 600 3
573 574 3
573 601 3
574 575 1
574 602 3
575 576 4
575 603 1
576 577 1
576 604 5
577 578 3
577 605 1
578 579 2
578 606 1
579 580 2
579 607 5
580 581 2
580 608 1
581 582 5
581 609 1
582 583 1
582 610 2
583 584 5
583 611 4
584 585 3
584 612 1
585 586 4
585 613 3
586 587 1
586 614 3
587 588 3
587 615 2
588 616 2
589 590 3
589 617 2
590 591 1
590 618 2
591 592 3
591 619 1
592 593 1
592 620 1
593 594 1
593 621 3
594 595 4
594 622 2
595 596 2
595 623 2
596 597 1
596 624 5
597 598 1
597 625 3
598 599 2
598 626 5
599 600 2
599 627 5
600 601 1
600 628 5
601 602 2
601 629 1
602 603 1
602 630 3
603 604 2
603 631 3
604 605 4
604 632 4
605 606 4
605 633 3
606 607 4
606 634 5
607 608 2
607 635 1
608 609 5
608 636 1
609 610 1
609 637 5
610 611 1
610 638 2
611 612 2
611 639 1
612 613 4
612 640 4
613 614 2
613 641 5
614 615 1
614 642 3
615 616 1
615 643 1
616 644 5
617 618 1
617 645 4
618 619 3
618 646 1
619 620 2
619 647 3
620 621 2
620 648 3
621 622 4
621 649 1
622 623 3
622 650 3
623 624 1
623 651 5
624 625 3
624 652 4
625 626 3
625 653 3
626 627 4
626 654 3
627 628 1
627 655 1
628 629 3
628 656 3
629 630 5
629 657 3
630 631 1
630 658 4
631 632 4
631 659 1
632 633 5
632 660 3
633 634 3
633 661 5
634 635 2
634 662 5
635 636 5
635 663 4
636 637 4
636 664 3
637 638 1
637 665 2
638 639 1
638 666 5
639 640 4
639 667 5
640 641 3
640 668 2
641 642 5
641 669 2
642 643 3
642 670 1
643 644 3
643 671 2
644 672 4
645 646 4
645 673 3
646 647 3
646 674 5
647 648 2
647 675 2
648 649 4
648 676 2
649 650 1
649 677 1
650 651 3
650 678 1
651 652 1
651 679 3
652 653 4
652 680 2
653 654 3
653 681 3
654 655 2
654 682 1
655 656 5
655 683 5
656 657 2
656 684 4
657 658 2
657 685 2
658 659 1
658 686 5
659 660 5
659 687 2
660 661 5
660 688 5
661 662 2
661 689 1
662 663 2
662 690 5
663 664 3
663 691 1
664 665 4
664 692 2
665 666 5
665 693 1
666 667 1
666 694 2
667 668 4
667 695 3
668 669 3
668 696 2
669 670 4
669 697 4
670 671 3
670 698 5
671 672 2
671 699 4
672 700 1
673 674 4
673 701 5
674 675 5
674 702 2
675 676 2
675 703 5
676 677 1
676 704 5
677 678 1
677 705 2
678 679 2
678 706 5
679 680 4
679 707 5
680 681 4
680 708 2
681 682 2
681 709 4
682 683 2
682 710 4
683 684 5
683 711 1
684 685 4
684 712 3
685 686 5
685 713 1
686 687 5
686 714 2
687 688 5
687 715 2
688 689 5
688 716 1
689 690 1
689 717 4
690 691 3
690 718 3
691 692 2
691 719 5
692 693 1
692 720 5
693 694 1
693 721 2
694 695 2
694 722 3
695 696 3
695 723 4
696 697 3
696 724 1
697 698 5
697 725 2
698 699 1
698 726 2
699 700 3
699 727 4
700 728 5
701 702 3
701 729 1
702 703 3
702 730 3
703 704 4
703 731 4
704 705 3
704 732 5
705 706 2
705 733 2
706 707 2
706 734 1
707 708 5
707 735 5
708 709 4
708 736 3
709 710 2
709 737 4
710 711 1
710 738 5
711 712 2
711 739 4
712 713 3
712 740 5
713 714 3
713 741 3
714 715 4
714 742 4
715 716 4
715 743 1
716 717 3
716 744 3
717 718 4
717 745 5
718 719 5
718 746 4
719 720 4
719 747 1
720 721 2
720 748 2
721 722 1
721 749 2
722 723 2
722 750 2
723 724 3
723 751 3
724 725 5
724 752 3
725 726 3
725 753 1
726 727 3
726 754 4
727 728 1
727 755 3
728 756 2
729 730 3
729 757 5
730 731 5
730 758 4
731 732 2
731 759 3
732 733 3
732 760 1
733 734 3
733 761 5
734 735 5
734 762 4
735 736 5
735 763 2
736 737 3
736 764 2
737 738 2
737 765 4
738 739 2
738 766 5
739 740 1
739 767 3
740 741 1
740 768 2
741 742 1
741 769 5
742 743 4
742 770 3
743 744 5
743 771 1
744 745 5
744 772 5
745 746 5
745 773 2
746 747 2
746 774 4
747 748 3
747 775 3
748 749 3
748 776 2
749 750 1
749 777 4
750 751 4
750 778 1
751 752 1
751 779 2
752 753 2
752 780 3
753 754 4
753 781 3
754 755 4
754 782 3
755 756 2
755 783 2
756 784 3
757 758 2
758 759 4
759 760 3
760 761 2
761 762 2
762 763 1
763 764 4
764 765 2
765 766 5
766 767 3
767 768 4
768 769 1
769 770 4
770 771 3
771 772 2
772 773 1
773 774 4
774 775 2
775 776 5
776 777 5
777 778 2
778 779 3
779 780 3
780 781 2
781 782 5
782 783 4
783 784 3
1 757 4
2 758 4
3 759 2
4 760 3
5 761 5
6 762 2
7 763 5
8 764 1
9 765 3
10 766 5
11 767 5
12 768 3
13 769 1
14 770 4
15 771 2
16 772 5
17 773 4
18 774 3
19 775 2
20 776 3
21 777 2
22 778 4
23 779 3
24 780 1
25 781 5
26 782 5
27 783 1
28 784 2
1 28 2
29 56 4
57 84 4
85 112 5
113 140 3
141 168 3
169 196 5
197 224 3
225 252 2
253 280 1
281 308 3
309 336 4
337 364 3
365 392 4
393 420 1
421 448 1
449 476 1
477 504 5
505 532 4
533 560 1
561 588 2
589 616 4
617 644 1
645 672 1
673 700 1
701 728 3
729 756 4
757 784 1
