1600 3200
1 2 5
1 41 5
2 3 4
2 42 2
3 4 5
3 43 3
4 5 4
4 44 5
5 6 4
5 45 2
6 7 4
6 46 4
7 8 2
7 47 5
8 9 4
8 48 3
9 10 1
9 49 3
10 11 4
10 50 2
11 12 3
11 51 3
12 13 3
12 52 4
13 14 2
13 53 4
14 15 5
14 54 2
15 16 2
15 55 1
16 17 5
16 56 2
17 18 2
17 57 5
18 19 1
18 58 1
19 20 5
19 59 5
20 21 2
20 60 2
21 22 5
21 61 2
22 23 2
22 62 2
23 24 5
23 63 2
24 25 4
24 64 5
25 26 4
25 65 5
26 27 1
26 66 5
27 28 3
27 67 2
28 29 1
28 68 1
29 30 2
29 69 1
30 31 1
30 70 3
31 32 4
31 71 1
32 33 1
32 72 3
33 34 1
33 73 5
34 35 3
34 74 4
35 36 5
35 75 2
36 37 1
36 76 2
37 38 5
37 77 1
38 39 4
38 78 1
39 40 1
39 79 4
40 80 4
41 42 4
41 81 5
42 43 1
42 82 1
43 44 2
43 83 4
44 45 1
44 84 5
45 46 1
45 85 4
46 47 4
46 86 1
47 48 5
47 87 3
48 49 5
48 88 1
49 50 4
49 89 4
50 51 1
50 90 2
51 52 5
51 91 3
52 53 4
52 92 4
53 54 1
53 93 2
54 55 2
54 94 2
55 56 2
55 95 2
56 57 5
56 96 5
57 58 5
57 97 5
58 59 1
58 98 1
59 60 1
59 99 2
60 61 2
60 100 2
61 62 2
61 101 4
62 63 1
62 102 3
63 64 4
63 103 1
64 65 2
64 104 1
65 66 4
65 105 5
66 67 5
66 106 2
67 68 4
67 107 1
68 69 1
68 108 4
69 70 3
69 109 5
70 71 1
70 110 1
71 72 5
71 111 5
72 73 4
72 112 3
73 74 2
73 113 2
74 75 3
74 114 4
75 76 4
75 115 2
76 77 4
76 116 3
77 78 2
77 117 3
78 79 5
78 118 1
79 80 5
79 119 2
80 120 4
81 82 4
81 121 4
82 83 1
82 122 1
83 84 1
83 123 4
84 85 3
84 124 4
85 86 4
85 125 4
86 87 1
86 126 2
87 88 4
87 127 3
88 89 1
88 128 3
89 90 4
89 129 1
90 91 3
90 130 4
91 92 1
91 131 2
92 93 2
92 132 4
93 94 2
93 133 4
94 95 2
94 134 2
95 96 5
95 135 5
96 97 5
96 136 1
97 98 2
97 137 4
98 99 1
98 138 5
99 100 2
99 139 1
100 101 4
100 140 2
101 102 2
101 141 2
102 103 2
102 142 4
103 104 2
103 143 5
104 105 1
104 144 3
105 106 2
105 145 1
106 107 4
106 146 3
107 108 2
107 147 1
108 109 3
108 148 5
109 110 2
109 149 5
110 111 5
110 150 3
111 112 4
111 151 3
112 113 4
112 152 2
113 114 1
113 153 5
114 115 4
114 154 3
115 116 3
115 155 4
116 117 2
116 156 4
117 118 3
117 157 2
118 119 3
118 158 3
119 120 4
119 159 1
120 160 2
121 122 5
121 161 5
122 123 2
122 162 3
123 124 1
123 163 1
124 125 1
124 164 4
125 126 5
125 165 5
126 127 4
126 166 5
127 128 3
127 167 1
128 129 4
128 168 2
129 130 4
129 169 5
130 131 1
130 170 5
131 132 5
131 171 4
132 133 2
132 172 2
133 134 1
133 173 2
134 135 5
134 174 5
135 136 2
135 175 2
136 137 2
136 176 3
137 138 2
137 177 2
138 139 1
138 178 4
139 140 5
139 179 1
140 141 2
140 180 3
141 142 1
141 181 1
142 143 5
142 182 5
143 144 4
143 183 5
144 145 5
144 184 1
145 146 1
145 185 5
146 147 1
146 186 2
147 148 4
147 187 5
148 149 2
148 188 2
149 150 5
149 189 1
150 151 4
150 190 3
151 152 3
151 191 2
152 153 3
152 192 2
153 154 2
153 193 1
154 155 5
154 194 1
155 156 2
155 195 3
156 157 2
156 196 4
157 158 1
157 197 5
158 159 1
158 198 1
159 160 2
159 199 4
160 200 5
161 162 3
161 201 3
162 163 1
162 202 3
163 164 4
163 203 3
164 165 1
164 204 5
165 166 3
165 205 3
166 167 1
166 206 3
167 168 5
167 207 5
168 169 1
168 208 3
169 170 1
169 209 5
170 171 1
170 210 1
171 172 4
171 211 4
172 173 3
172 212 4
173 174 5
173 213 3
174 175 4
174 214 4
175 176 3
175 215 3
176 177 3
176 216 3
177 178 4
177 217 4
178 179 5
178 218 5
179 180 3
179 219 1
180 181 5
180 220 2
181 182 3
181 221 5
182 183 3
182 222 1
183 184 4
183 223 3
184 185 5
184 224 4
185 186 2
185 225 3
186 187 3
186 226 5
187 188 2
187 227 1
188 189 2
188 228 4
189 190 4
189 229 5
190 191 5
190 230 1
191 192 1
191 231 1
192 193 4
192 232 2
193 194 4
193 233 1
194 195 4
194 234 5
195 196 4
195 235 5
196 197 4
196 236 2
197 198 4
197 237 5
198 199 2
198 238 4
199 200 3
199 239 1
200 240 5
201 202 1
201 241 1
202 203 4
202 242 1
203 204 1
203 243 4
204 205 2
204 244 3
205 206 4
205 245 5
206 207 1
206 246 4
207 208 1
207 247 3
208 209 5
208 248 2
209 210 2
209 249 5
210 211 2
210 250 1
211 212 5
211 251 2
212 213 4
212 252 5
213 214 3
213 253 3
214 215 5
214 254 4
215 216 5
215 255 2
216 217 2
216 256 4
217 218 3
217 257 4
218 219 1
218 258 1
219 220 3
219 259 1
220 221 3
220 260 1
221 222 2
221 261 4
222 223 5
222 262 3
223 224 1
223 263 2
224 225 1
224 264 3
225 226 1
225 265 2
226 227 1
226 266 1
227 228 2
227 267 1
228 229 2
228 268 5
229 230 4
229 269 4
230 231 5
230 270 5
231 232 2
231 271 2
232 233 3
232 272 2
233 234 4
233 273 1
234 235 3
234 274 4
235 236 1
235 275 3
236 237 1
236 276 1
237 238 5
237 277 5
238 239 5
238 278 1
239 240 1
239 279 3
240 280 4
241 242 1
241 281 2
242 243 1
242 282 2
243 244 4
243 283 1
244 245 5
244 284 3
245 246 5
245 285 5
246 247 3
246 286 2
247 248 4
247 287 3
248 249 2
248 288 4
249 250 1
249 289 2
250 251 2
250 290 5
251 252 5
251 291 5
252 253 1
252 292 2
253 254 1
253 293 2
254 255 2
254 294 2
255 256 3
255 295 2
256 257 2
256 296 2
257 258 4
257 297 2
258 259 4
258 298 5
259 260 2
259 299 4
260 261 5
260 300 5
261 262 2
261 301 4
262 263 2
262 302 2
263 264 2
263 303 3
264 265 4
264 304 2
265 266 5
265 305 4
266 267 5
266 306 5
267 268 2
267 307 1
268 269 3
268 308 2
269 270 1
269 309 2
270 271 2
270 310 3
271 272 4
271 311 2
272 273 5
272 312 4
273 274 5
273 313 3
274 275 4
274 314 1
275 276 3
275 315 2
276 277 5
276 316 3
277 278 3
277 317 1
278 279 2
278 318 2
279 280 1
279 319 5
280 320 5
281 282 3
281 321 5
282 283 3
282 322 3
283 284 2
283 323 4
284 285 5
284 324 3
285 286 2
285 325 2
286 287 2
286 326 4
287 288 5
287 327 2
288 289 5
288 328 1
289 290 1
289 329 3
290 291 4
290 330 2
291 292 4
291 331 4
292 293 1
292 332 4
293 294 2
293 333 3
294 295 2
294 334 3
295 296 4
295 335 3
296 297 2
296 336 1
297 298 4
297 337 5
298 299 5
298 338 1
299 300 5
299 339 5
300 301 3
300 340 4
301 302 3
301 341 4
302 303 4
302 342 2
303 304 2
303 343 5
304 305 5
304 344 3
305 306 1
305 345 4
306 307 1
306 346 1
307 308 5
307 347 5
308 309 3
308 348 2
309 310 4
309 349 4
310 311 4
310 350 2
311 312 4
311 351 2
312 313 2
312 352 3
313 314 1
313 353 4
314 315 5
314 354 2
315 316 5
315 355 2
316 317 5
316 356 5
317 318 2
317 357 3
318 319 3
318 358 1
319 320 2
319 359 1
320 360 2
321 322 4
321 361 5
322 323 4
322 362 1
323 324 4
323 363 1
324 325 5
324 364 5
325 326 5
325 365 1
326 327 1
326 366 2
327 328 2
327 367 3
328 329 5
328 368 3
329 330 2
329 369 4
330 331 3
330 370 2
331 332 5
331 371 3
332 333 1
332 372 5
333 334 3
333 373 3
334 335 4
334 374 4
335 336 1
335 375 1
336 337 5
336 376 5
337 338 2
337 377 4
338 339 3
338 378 3
339 340 3
339 379 2
340 341 4
340 380 1
341 342 5
341 381 3
342 343 1
342 382 5
343 344 5
343 383 5
344 345 4
344 384 1
345 346 4
345 385 5
346 347 1
346 386 5
347 348 4
347 387 5
348 349 1
348 388 5
349 350 2
349 389 4
350 351 3
350 390 4
351 352 1
351 391 5
352 353 3
352 392 4
353 354 5
353 393 5
354 355 1
354 394 3
355 356 2
355 395 4
356 357 2
356 396 1
357 358 4
357 397 2
358 359 5
358 398 4
359 360 2
359 399 1
360 400 5
361 362 1
361 401 2
362 363 3
362 402 4
363 364 5
363 403 1
364 365 3
364 404 1
365 366 3
365 405 5
366 367 5
366 406 5
367 368 4
367 407 4
368 369 2
368 408 3
369 370 2
369 409 4
370 371 5
370 410 4
371 372 2
371 411 5
372 373 5
372 412 2
373 374 1
373 413 1
374 375 1
374 414 2
375 376 3
375 415 3
376 377 4
376 416 4
377 378 1
377 417 4
378 379 3
378 418 5
379 380 1
379 419 2
380 381 5
380 420 1
381 382 2
381 421 3
382 383 4
382 422 4
383 384 2
383 423 3
384 385 5
384 424 2
385 386 2
385 425 4
386 387 4
386 426 5
387 388 3
387 427 5
388 389 3
388 428 1
389 390 2
389 429 5
390 391 1
390 430 1
391 392 5
391 431 5
392 393 5
392 432 5
393 394 5
393 433 3
394 395 4
394 434 4
395 396 2
395 435 1
396 397 3
396 436 1
397 398 1
397 437 5
398 399 1
398 438 3
399 400 3
399 439 5
400 440 5
401 402 1
401 441 1
402 403 2
402 442 3
403 404 4
403 443 5
404 405 2
404 444 1
405 406 2
405 445 1
406 407 4
406 446 4
407 408 2
407 447 2
408 409 1
408 448 3
409 410 4
409 449 5
410 411 5
410 450 1
411 412 5
411 451 4
412 413 3
412 452 2
413 414 5
413 453 5
414 415 4
414 454 5
415 416 2
415 455 5
416 417 5
416 456 2
417 418 1
417 457 3
418 419 5
418 458 1
419 420 3
419 459 5
420 421 4
420 460 3
421 422 2
421 461 3
422 423 1
422 462 4
423 424 2
423 463 2
424 425 2
424 464 4
425 426 3
425 465 2
426 427 2
426 466 2
427 428 3
427 467 4
428 429 2
428 468 4
429 430 2
429 469 1
430 431 4
430 470 2
431 432 4
431 471 5
432 433 4
432 472 2
433 434 5
433 473 3
434 435 4
434 474 4
435 436 4
435 475 2
436 437 5
436 476 2
437 438 5
437 477 3
438 439 4
438 478 5
439 440 2
439 479 1
440 480 3
441 442 2
441 481 3
442 443 3
442 482 4
443 444 1
443 483 5
444 445 5
444 484 2
445 446 5
445 485 3
446 447 4
446 486 5
447 448 5
447 487 2
448 449 5
448 488 2
449 450 1
449 489 1
450 451 5
450 490 2
451 452 4
451 491 2
452 453 1
452 492 5
453 454 4
453 493 4
454 455 4
454 494 2
455 456 5
455 495 3
456 457 1
456 496 2
457 458 5
457 497 5
458 459 5
458 498 5
459 460 5
459 499 4
460 461 4
460 500 2
461 462 3
461 501 3
462 463 4
462 502 4
463 464 5
463 503 1
464 465 2
464 504 1
465 466 2
465 505 1
466 467 3
466 506 5
467 468 3
467 507 2
468 469 1
468 508 4
469 470 1
469 509 5
470 471 5
470 510 2
471 472 4
471 511 5
472 473 2
472 512 3
473 474 1
473 513 5
474 475 3
474 514 1
475 476 3
475 515 1
476 477 1
476 516 5
477 478 1
477 517 1
478 479 4
478 518 5
479 480 1
479 519 5
480 520 1
481 482 1
481 521 4
482 483 2
482 522 5
483 484 5
483 523 3
484 485 1
484 524 1
485 486 3
485 525 5
486 487 2
486 526 4
487 488 4
487 527 3
488 489 1
488 528 4
489 490 2
489 529 2
490 491 4
490 530 4
491 492 4
491 531 4
492 493 5
492 532 3
493 494 4
493 533 1
494 495 2
494 534 4
495 496 5
495 535 5
496 497 2
496 536 2
497 498 3
497 537 2
498 499 5
498 538 2
499 500 3
499 539 3
500 501 4
500 540 5
501 502 4
501 541 2
502 503 5
502 542 1
503 504 1
503 543 4
504 505 3
504 544 2
505 506 4
505 545 2
506 507 5
506 546 5
507 508 2
507 547 5
508 509 1
508 548 1
509 510 3
509 549 1
510 511 3
510 550 4
511 512 1
511 551 3
512 513 5
512 552 3
513 514 5
513 553 2
514 515 3
514 554 5
515 516 5
515 555 4
516 517 2
516 556 5
517 518 4
517 557 1
518 519 5
518 558 4
519 520 5
519 559 1
520 560 1
521 522 2
521 561 1
522 523 4
522 562 5
523 524 1
523 563 3
524 525 1
524 564 1
525 526 2
525 565 2
526 527 5
526 566 5
527 528 2
527 567 1
528 529 3
528 568 1
529 530 5
529 569 1
530 531 5
530 570 4
531 532 2
531 571 3
532 533 4
532 572 3
533 534 1
533 573 2
534 535 5
534 574 3
535 536 1
535 575 4
536 537 5
536 576 2
537 538 1
537 577 2
538 539 5
538 578 1
539 540 1
539 579 5
540 541 4
540 580 5
541 542 3
541 581 4
542 543 1
542 582 1
543 544 4
543 583 4
544 545 2
544 584 2
545 546 4
545 585 4
546 547 1
546 586 3
547 548 5
547 587 4
548 549 1
548 588 4
549 550 5
549 589 5
550 551 1
550 590 5
551 552 4
551 591 1
552 553 3
552 592 2
553 554 2
553 593 1
554 555 5
554 594 2
555 556 1
555 595 4
556 557 4
556 596 4
557 558 1
557 597 1
558 559 1
558 598 2
559 560 1
559 599 2
560 600 2
561 562 3
561 601 4
562 563 2
562 602 3
563 564 5
563 603 4
564 565 1
564 604 4
565 566 1
565 605 2
566 567 1
566 606 2
567 568 2
567 607 3
568 569 2
568 608 5
569 570 3
569 609 5
570 571 2
570 610 4
571 572 2
571 611 3
572 573 4
572 612 2
573 574 1
573 613 4
574 575 2
574 614 2
575 576 5
575 615 4
576 577 2
576 616 4
577 578 1
577 617 5
578 579 3
578 618 3
579 580 4
579 619 5
580 581 3
580 620 2
581 582 4
581 621 1
582 583 2
582 622 3
583 584 4
583 623 5
584 585 3
584 624 2
585 586 4
585 625 3
586 587 1
586 626 3
587 588 5
587 627 4
588 589 2
588 628 2
589 590 4
589 629 4
590 591 2
590 630 5
591 592 4
591 631 5
592 593 1
592 632 3
593 594 1
593 633 4
594 595 4
594 634 5
595 596 3
595 635 2
596 597 5
596 636 4
597 598 3
597 637 2
598 599 2
598 638 4
599 600 3
599 639 3
600 640 1
601 602 3
601 641 4
602 603 4
602 642 4
603 604 4
603 643 4
604 605 5
604 644 5
605 606 4
605 645 3
606 607 3
606 646 3
607 608 5
607 647 1
608 609 5
608 648 4
609 610 3
609 649 3
610 611 4
610 650 3
611 612 2
611 651 4
612 613 4
612 652 3
613 614 4
613 653 5
614 615 2
614 654 2
615 616 2
615 655 5
616 617 1
616 656 4
617 618 1
617 657 1
618 619 4
618 658 5
619 620 1
619 659 2
620 621 5
620 660 4
621 622 1
621 661 4
622 623 5
622 662 2
623 624 1
623 663 4
624 625 2
624 664 5
625 626 5
625 665 3
626 627 3
626 666 1
627 628 3
627 667 2
628 629 1
628 668 5
629 630 3
629 669 3
630 631 3
630 670 3
631 632 3
631 671 3
632 633 5
632 672 2
633 634 4
633 673 1
634 635 4
634 674 3
635 636 3
635 675 3
636 637 2
636 676 3
637 638 4
637 677 5
638 639 3
638 678 5
639 640 5
639 679 3
640 680 3
641 642 4
641 681 2
642 643 5
642 682 2
643 644 5
643 683 1
644 645 4
644 684 4
645 646 5
645 685 4
646 647 2
646 686 1
647 648 1
647 687 4
648 649 3
648 688 5
649 650 5
649 689 1
650 651 1
650 690 2
651 652 1
651 691 5
652 653 5
652 692 2
653 654 2
653 693 3
654 655 4
654 694 2
655 656 2
655 695 4
656 657 4
656 696 4
657 658 1
657 697 1
658 659 1
658 698 3
659 660 1
659 699 2
660 661 3
660 700 3
661 662 4
661 701 2
662 663 3
662 702 2
663 664 3
663 703 1
664 665 1
664 704 5
665 666 1
665 705 1
666 667 5
666 706 4
667 668 3
667 707 5
668 669 1
668 708 4
669 670 2
669 709 4
670 671 1
670 710 3
671 672 5
671 711 2
672 673 3
672 712 1
673 674 3
673 713 4
674 675 1
674 714 4
675 676 2
675 715 4
676 677 5
676 716 4
677 678 5
677 717 4
678 679 5
678 718 4
679 680 1
679 719 4
680 720 3
681 682 3
681 721 2
682 683 2
682 722 2
683 684 1
683 723 5
684 685 4
684 724 2
685 686 2
685 725 2
686 687 1
686 726 5
687 688 2
687 727 4
688 689 2
688 728 5
689 690 5
689 729 2
690 691 3
690 730 3
691 692 4
691 731 4
692 693 3
692 732 4
693 694 2
693 733 2
694 695 2
694 734 5
695 696 5
695 735 4
696 697 4
696 736 1
697 698 3
697 737 5
698 699 5
698 738 1
699 700 3
699 739 5
700 701 4
700 740 5
701 702 1
701 741 4
702 703 5
702 742 1
703 704 3
703 743 1
704 705 5
704 744 5
705 706 1
705 745 2
706 707 2
706 746 4
707 708 3
707 747 3
708 709 2
708 748 2
709 710 1
709 749 3
710 711 2
710 750 1
711 712 4
711 751 3
712 713 1
712 752 1
713 714 3
713 753 5
714 715 4
714 754 1
715 716 4
715 755 4
716 717 4
716 756 4
717 718 5
717 757 2
718 719 5
718 758 1
719 720 5
719 759 2
720 760 2
721 722 3
721 761 3
722 723 2
722 762 5
723 724 3
723 763 2
724 725 4
724 764 4
725 726 5
725 765 1
726 727 2
726 766 1
727 728 5
727 767 2
728 729 1
728 768 2
729 730 5
729 769 2
730 731 5
730 770 4
731 732 1
731 771 5
732 733 2
732 772 3
733 734 2
733 773 4
734 735 4
734 774 5
735 736 2
735 775 5
736 737 4
736 776 4
737 738 1
737 777 3
738 739 1
738 778 1
739 740 2
739 779 1
740 741 2
740 780 3
741 742 1
741 781 5
742 743 2
742 782 1
743 744 1
743 783 3
744 745 5
744 784 5
745 746 1
745 785 2
746 747 1
746 786 4
747 748 2
747 787 3
748 749 3
748 788 5
749 750 3
749 789 3
750 751 2
750 790 1
751 752 2
751 791 5
752 753 5
752 792 2
753 754 3
753 793 1
754 755 2
754 794 3
755 756 1
755 795 2
756 757 4
756 796 5
757 758 5
757 797 1
758 759 5
758 798 1
759 760 3
759 799 1
760 800 2
761 762 1
761 801 5
762 763 2
762 802 2
763 764 4
763 803 2
764 765 5
764 804 1
765 766 3
765 805 3
766 767 1
766 806 2
767 768 5
767 807 5
768 769 5
768 808 4
769 770 5
769 809 2
770 771 3
770 810 5
771 772 2
771 811 2
772 773 2
772 812 3
773 774 3
773 813 2
774 775 3
774 814 5
775 776 4
775 815 4
776 777 1
776 816 1
777 778 5
777 817 4
778 779 1
778 818 1
779 780 1
779 819 1
780 781 5
780 820 3
781 782 5
781 821 1
782 783 2
782 822 1
783 784 1
783 823 5
784 785 2
784 824 3
785 786 5
785 825 4
786 787 4
786 826 5
787 788 2
787 827 1
788 789 4
788 828 5
789 790 1
789 829 2
790 791 5
790 830 1
791 792 4
791 831 4
792 793 1
792 832 2
793 794 4
793 833 4
794 795 2
794 834 4
795 796 5
795 835 3
796 797 4
796 836 4
797 798 3
797 837 2
798 799 5
798 838 3
799 800 2
799 839 5
800 840 4
801 802 5
801 841 5
802 803 4
802 842 3
803 804 5
803 843 1
804 805 1
804 844 1
805 806 1
805 845 5
806 807 2
806 846 4
807 808 3
807 847 3
808 809 2
808 848 3
809 810 4
809 849 3
810 811 4
810 850 4
811 812 5
811 851 4
812 813 5
812 852 3
813 814 4
813 853 2
814 815 4
814 854 2
815 816 1
815 855 1
816 817 4
816 856 3
817 818 4
817 857 5
818 819 1
818 858 1
819 820 4
819 859 5
820 821 1
820 860 3
821 822 5
821 861 2
822 823 2
822 862 2
823 824 4
823 863 2
824 825 2
824 864 1
825 826 2
825 865 4
826 827 1
826 866 1
827 828 3
827 867 3
828 829 5
828 868 5
829 830 5
829 869 4
830 831 2
830 870 1
831 832 1
831 871 3
832 833 2
832 872 2
833 834 1
833 873 5
834 835 5
834 874 1
835 836 1
835 875 4
836 837 2
836 876 5
837 838 1
837 877 5
838 839 1
838 878 3
839 840 3
839 879 3
840 880 3
841 842 3
841 881 1
842 843 2
842 882 1
843 844 3
843 883 3
844 845 2
844 884 1
845 846 5
845 885 4
846 847 3
846 886 1
847 848 2
847 887 5
848 849 5
848 888 1
849 850 4
849 889 4
850 851 1
850 890 4
851 852 2
851 891 5
852 853 3
852 892 2
853 854 4
853 893 4
854 855 5
854 894 5
855 856 2
855 895 3
856 857 5
856 896 2
857 858 1
857 897 5
858 859 1
858 898 2
859 860 4
859 899 3
860 861 4
860 900 4
861 862 4
861 901 1
862 863 5
862 902 2
863 864 2
863 903 3
864 865 3
864 904 1
865 866 5
865 905 3
866 867 1
866 906 1
867 868 4
867 907 2
868 869 4
868 908 5
869 870 1
869 909 2
870 871 1
870 910 5
871 872 1
871 911 2
872 873 3
872 912 1
873 874 3
873 913 4
874 875 4
874 914 4
875 876 4
875 915 3
876 877 3
876 916 5
877 878 3
877 917 3
878 879 2
878 918 5
879 880 2
879 919 4
880 920 5
881 882 3
881 921 4
882 883 4
882 922 2
883 884 4
883 923 1
884 885 5
884 924 5
885 886 2
885 925 4
886 887 5
886 926 4
887 888 3
887 927 5
888 889 2
888 928 2
889 890 3
889 929 1
890 891 5
890 930 2
891 892 3
891 931 5
892 893 3
892 932 3
893 894 4
893 933 5
894 895 5
894 934 4
895 896 2
895 935 2
896 897 1
896 936 5
897 898 4
897 937 4
898 899 5
898 938 2
899 900 5
899 939 5
900 901 5
900 940 5
901 902 1
901 941 4
902 903 2
902 942 3
903 904 4
903 943 3
904 905 1
904 944 5
905 906 2
905 945 2
906 907 2
906 946 4
907 908 4
907 947 1
908 909 5
908 948 1
909 910 2
909 949 4
910 911 2
910 950 4
911 912 2
911 951 2
912 913 2
912 952 1
913 914 2
913 953 1
914 915 4
914 954 4
915 916 5
915 955 1
916 917 3
916 956 5
917 918 2
917 957 5
918 919 5
918 958 2
919 920 2
919 959 4
920 960 2
921 922 2
921 961 5
922 923 1
922 962 1
923 924 4
923 963 3
924 925 1
924 964 1
925 926 5
925 965 3
926 927 4
926 966 1
927 928 1
927 967 3
928 929 4
928 968 4
929 930 1
929 969 3
930 931 5
930 970 1
931 932 4
931 971 2
932 933 5
932 972 3
933 934 2
933 973 3
934 935 2
934 974 3
935 936 4
935 975 5
936 937 3
936 976 5
937 938 4
937 977 1
938 939 3
938 978 3
939 940 5
939 979 2
940 941 1
940 980 1
941 942 1
941 981 2
942 943 1
942 982 5
943 944 5
943 983 1
944 945 3
944 984 4
945 946 5
945 985 2
946 947 4
946 986 3
947 948 5
947 987 4
948 949 2
948 988 4
949 950 4
949 989 3
950 951 3
950 990 2
951 952 2
951 991 4
952 953 2
952 992 3
953 954 5
953 993 2
954 955 3
954 994 4
955 956 2
955 995 1
956 957 4
956 996 3
957 958 2
957 997 4
958 959 3
958 998 3
959 960 2
959 999 5
960 1000 4
961 962 1
961 1001 2
962 963 4
962 1002 5
963 964 2
963 1003 5
964 965 5
964 1004 2
965 966 5
965 1005 4
966 967 5
966 1006 4
967 968 2
967 1007 4
968 969 3
968 1008 1
969 970 5
969 1009 4
970 971 4
970 1010 1
971 972 5
971 1011 5
972 973 1
972 1012 2
973 974 1
973 1013 3
974 975 4
974 1014 5
975 976 3
975 1015 3
976 977 1
976 1016 2
977 978 1
977 1017 5
978 979 3
978 1018 3
979 980 4
979 1019 5
980 981 4
980 1020 1
981 982 1
981 1021 2
982 983 4
982 1022 2
983 984 1
983 1023 2
984 985 5
984 1024 5
985 986 3
985 1025 5
986 987 2
986 1026 4
987 988 1
987 1027 2
988 989 1
988 1028 4
989 990 1
989 1029 5
990 991 4
990 1030 5
991 992 5
991 1031 3
992 993 3
992 1032 2
993 994 2
993 1033 1
994 995 1
994 1034 1
995 996 1
995 1035 1
996 997 4
996 1036 4
997 998 1
997 1037 4
998 999 5
998 1038 1
999 1000 4
999 1039 2
1000 1040 5
1001 1002 1
1001 1041 5
1002 1003 4
1002 1042 3
1003 1004 2
1003 1043 4
1004 1005 1
1004 1044 5
1005 1006 1
1005 1045 2
1006 1007 2
1006 1046 1
1007 1008 2
1007 1047 5
1008 1009 5
1008 1048 2
1009 1010 5
1009 1049 2
1010 1011 2
1010 1050 4
1011 1012 5
1011 1051 4
1012 1013 5
1012 1052 3
1013 1014 3
1013 1053 4
1014 1015 5
1014 1054 4
1015 1016 3
1015 1055 2
1016 1017 1
1016 1056 5
1017 1018 1
1017 1057 2
1018 1019 2
1018 1058 4
1019 1020 4
1019 1059 1
1020 1021 5
1020 1060 2
1021 1022 5
1021 1061 3
1022 1023 1
1022 1062 2
1023 1024 4
1023 1063 4
1024 1025 1
1024 1064 4
1025 1026 4
1025 1065 2
1026 1027 1
1026 1066 4
1027 1028 3
1027 1067 2
1028 1029 3
1028 1068 2
1029 1030 3
1029 1069 2
1030 1031 1
1030 1070 2
1031 1032 3
1031 1071 2
1032 1033 5
1032 1072 3
1033 1034 4
1033 1073 3
1034 1035 4
1034 1074 4
1035 1036 2
1035 1075 2
1036 1037 2
1036 1076 1
1037 1038 3
1037 1077 4
1038 1039 4
1038 1078 3
1039 1040 2
1039 1079 2
1040 1080 2
1041 1042 2
1041 1081 3
1042 1043 4
1042 1082 4
1043 1044 4
1043 1083 3
1044 1045 3
1044 1084 2
1045 1046 3
1045 1085 4
1046 1047 2
1046 1086 2
1047 1048 3
1047 1087 4
1048 1049 4
1048 1088 1
1049 1050 4
1049 1089 1
1050 1051 4
1050 1090 2
1051 1052 1
1051 1091 5
1052 1053 3
1052 1092 5
1053 1054 1
1053 1093 5
1054 1055 3
1054 1094 4
1055 1056 4
1055 1095 3
1056 1057 3
1056 1096 2
1057 1058 1
1057 1097 3
1058 1059 3
1058 1098 2
1059 1060 1
1059 1099 5
1060 1061 1
1060 1100 4
1061 1062 3
1061 1101 5
1062 1063 1
1062 1102 2
1063 1064 4
1063 1103 4
1064 1065 4
1064 1104 2
1065 1066 1
1065 1105 5
1066 1067 4
1066 1106 2
1067 1068 2
1067 1107 1
1068 1069 4
1068 1108 3
1069 1070 4
1069 1109 3
1070 1071 1
1070 1110 4
1071 1072 3
1071 1111 4
1072 1073 4
1072 1112 3
1073 1074 4
1073 1113 1
1074 1075 4
1074 1114 3
1075 1076 2
1075 1115 5
1076 1077 5
1076 1116 5
1077 1078 4
1077 1117 2
1078 1079 5
1078 1118 1
1079 1080 1
1079 1119 5
1080 1120 1
1081 1082 3
1081 1121 3
1082 1083 5
1082 1122 1
1083 1084 2
1083 1123 1
1084 1085 3
1084 1124 5
1085 1086 4
1085 1125 2
1086 1087 2
1086 1126 4
1087 1088 3
1087 1127 4
1088 1089 3
1088 1128 1
1089 1090 1
1089 1129 1
1090 1091 1
1090 1130 3
1091 1092 5
1091 1131 5
1092 1093 2
1092 1132 3
1093 1094 5
1093 1133 4
1094 1095 5
1094 1134 2
1095 1096 4
1095 1135 2
1096 1097 1
1096 1136 3
1097 1098 3
1097 1137 3
1098 1099 4
1098 1138 3
1099 1100 4
1099 1139 4
1100 1101 1
1100 1140 5
1101 1102 2
1101 1141 5
1102 1103 4
1102 1142 2
1103 1104 5
1103 1143 1
1104 1105 5
1104 1144 4
1105 1106 2
1105 1145 4
1106 1107 1
1106 1146 4
1107 1108 2
1107 1147 2
1108 1109 1
1108 1148 2
1109 1110 2
1109 1149 5
1110 1111 1
1110 1150 4
1111 1112 4
1111 1151 3
1112 1113 5
1112 1152 2
1113 1114 1
1113 1153 1
1114 1115 5
1114 1154 5
1115 1116 1
1115 1155 2
1116 1117 4
1116 1156 4
1117 1118 2
1117 1157 4
1118 1119 1
1118 1158 3
1119 1120 4
1119 1159 2
1120 1160 3
1121 1122 1
1121 1161 4
1122 1123 5
1122 1162 3
1123 1124 4
1123 1163 3
1124 1125 5
1124 1164 2
1125 1126 4
1125 1165 4
1126 1127 2
1126 1166 3
1127 1128 3
1127 1167 5
1128 1129 3
1128 1168 3
1129 1130 1
1129 1169 4
1130 1131 5
1130 1170 5
1131 1132 5
1131 1171 2
1132 1133 1
1132 1172 3
1133 1134 2
1133 1173 2
1134 1135 4
1134 1174 4
1135 1136 1
1135 1175 2
1136 1137 3
1136 1176 1
1137 1138 2
1137 1177 5
1138 1139 1
1138 1178 3
1139 1140 4
1139 1179 4
1140 1141 2
1140 1180 1
1141 1142 1
1141 1181 1
1142 1143 1
1142 1182 4
1143 1144 5
1143 1183 1
1144 1145 5
1144 1184 4
1145 1146 1
1145 1185 1
1146 1147 5
1146 1186 1
1147 1148 2
1147 1187 2
1148 1149 2
1148 1188 2
1149 1150 1
1149 1189 1
1150 1151 4
1150 1190 5
1151 1152 4
1151 1191 5
1152 1153 3
1152 1192 1
1153 1154 3
1153 1193 2
1154 1155 1
1154 1194 2
1155 1156 1
1155 1195 1
1156 1157 5
1156 1196 5
1157 1158 5
1157 1197 2
1158 1159 3
1158 1198 3
1159 1160 1
1159 1199 4
1160 1200 4
1161 1162 4
1161 1201 1
1162 1163 5
1162 1202 5
1163 1164 5
1163 1203 3
1164 1165 4
1164 1204 3
1165 1166 1
1165 1205 4
1166 1167 2
1166 1206 5
1167 1168 1
1167 1207 1
1168 1169 5
1168 1208 3
1169 1170 5
1169 1209 5
1170 1171 4
1170 1210 2
1171 1172 3
1171 1211 4
1172 1173 4
1172 1212 4
1173 1174 5
1173 1213 5
1174 1175 1
1174 1214 4
1175 1176 5
1175 1215 5
1176 1177 3
1176 1216 1
1177 1178 1
1177 1217 4
1178 1179 4
1178 1218 5
1179 1180 2
1179 1219 1
1180 1181 4
1180 1220 1
1181 1182 2
1181 1221 3
1182 1183 1
1182 1222 3
1183 1184 2
1183 1223 5
1184 1185 2
1184 1224 5
1185 1186 5
1185 1225 5
1186 1187 4
1186 1226 1
1187 1188 5
1187 1227 3
1188 1189 2
1188 1228 3
1189 1190 3
1189 1229 3
1190 1191 2
1190 1230 5
1191 1192 1
1191 1231 1
1192 1193 1
1192 1232 1
1193 1194 3
1193 1233 2
1194 1195 2
1194 1234 2
1195 1196 2
1195 1235 2
1196 1197 5
1196 1236 5
1197 1198 3
1197 1237 5
1198 1199 1
1198 1238 4
1199 1200 1
1199 1239 2
1200 1240 1
1201 1202 5
1201 1241 3
1202 1203 4
1202 1242 5
1203 1204 4
1203 1243 3
1204 1205 2
1204 1244 5
1205 1206 2
1205 1245 2
1206 1207 5
1206 1246 1
1207 1208 5
1207 1247 4
1208 1209 2
1208 1248 2
1209 1210 5
1209 1249 2
1210 1211 1
1210 1250 3
1211 1212 1
1211 1251 2
1212 1213 4
1212 1252 5
1213 1214 3
1213 1253 1
1214 1215 2
1214 1254 1
1215 1216 2
1215 1255 2
1216 1217 4
1216 1256 2
1217 1218 1
1217 1257 5
1218 1219 4
1218 1258 5
1219 1220 4
1219 1259 5
1220 1221 1
1220 1260 3
1221 1222 5
1221 1261 2
1222 1223 2
1222 1262 3
1223 1224 5
1223 1263 4
1224 1225 4
1224 1264 2
1225 1226 5
1225 1265 2
1226 1227 5
1226 1266 1
1227 1228 5
1227 1267 2
1228 1229 5
1228 1268 4
1229 1230 5
1229 1269 4
1230 1231 4
1230 1270 1
1231 1232 1
1231 1271 2
1232 1233 5
1232 1272 1
1233 1234 2
1233 1273 5
1234 1235 4
1234 1274 3
1235 1236 5
1235 1275 1
1236 1237 5
1236 1276 4
1237 1238 4
1237 1277 3
1238 1239 2
1238 1278 3
1239 1240 1
1239 1279 2
1240 1280 3
1241 1242 1
1241 1281 3
1242 1243 1
1242 1282 5
1243 1244 3
1243 1283 5
1244 1245 1
1244 1284 3
1245 1246 2
1245 1285 3
1246 1247 5
1246 1286 4
1247 1248 5
1247 1287 5
1248 1249 5
1248 1288 3
1249 1250 5
1249 1289 5
1250 1251 5
1250 1290 1
1251 1252 1
1251 1291 1
1252 1253 1
1252 1292 4
1253 1254 5
1253 1293 3
1254 1255 5
1254 1294 1
1255 1256 2
1255 1295 5
1256 1257 1
1256 1296 2
1257 1258 4
1257 1297 3
1258 1259 1
1258 1298 5
1259 1260 4
1259 1299 1
1260 1261 2
1260 1300 2
1261 1262 3
1261 1301 5
1262 1263 1
1262 1302 3
1263 1264 5
1263 1303 5
1264 1265 5
1264 1304 4
1265 1266 5
1265 1305 4
1266 1267 3
1266 1306 5
1267 1268 5
1267 1307 1
1268 1269 4
1268 1308 1
1269 1270 3
1269 1309 4
1270 1271 2
1270 1310 4
1271 1272 4
1271 1311 2
1272 1273 5
1272 1312 3
1273 1274 4
1273 1313 3
1274 1275 2
1274 1314 5
1275 1276 1
1275 1315 2
1276 1277 2
1276 1316 3
1277 1278 2
1277 1317 1
1278 1279 1
1278 1318 1
1279 1280 3
1279 1319 4
1280 1320 2
1281 1282 3
1281 1321 3
1282 1283 2
1282 1322 1
1283 1284 4
1283 1323 1
1284 1285 1
1284 1324 5
1285 1286 5
1285 1325 2
1286 1287 1
1286 1326 4
1287 1288 1
1287 1327 5
1288 1289 5
1288 1328 1
1289 1290 3
1289 1329 3
1290 1291 1
1290 1330 5
1291 1292 3
1291 1331 3
1292 1293 3
1292 1332 2
1293 1294 3
1293 1333 1
1294 1295 2
1294 1334 3
1295 1296 4
1295 1335 4
1296 1297 1
1296 1336 3
1297 1298 1
1297 1337 4
1298 1299 5
1298 1338 1
1299 1300 2
1299 1339 3
1300 1301 2
1300 1340 2
1301 1302 3
1301 1341 1
1302 1303 1
1302 1342 2
1303 1304 4
1303 1343 1
1304 1305 4
1304 1344 4
1305 1306 4
1305 1345 1
1306 1307 2
1306 1346 2
1307 1308 1
1307 1347 1
1308 1309 1
1308 1348 4
1309 1310 5
1309 1349 1
1310 1311 3
1310 1350 2
1311 1312 3
1311 1351 2
1312 1313 2
1312 1352 4
1313 1314 1
1313 1353 4
1314 1315 4
1314 1354 5
1315 1316 5
1315 1355 2
1316 1317 2
1316 1356 1
1317 1318 5
1317 1357 1
1318 1319 1
1318 1358 5
1319 1320 1
1319 1359 1
1320 1360 2
1321 1322 5
1321 1361 3
1322 1323 3
1322 1362 2
1323 1324 5
1323 1363 4
1324 1325 2
1324 1364 3
1325 1326 3
1325 1365 3
1326 1327 5
1326 1366 3
1327 1328 1
1327 1367 5
1328 1329 2
1328 1368 2
1329 1330 3
1329 1369 3
1330 1331 2
1330 1370 4
1331 1332 4
1331 1371 1
1332 1333 4
1332 1372 4
1333 1334 2
1333 1373 4
1334 1335 2
1334 1374 4
1335 1336 5
1335 1375 4
1336 1337 3
1336 1376 5
1337 1338 5
1337 1377 4
1338 1339 4
1338 1378 1
1339 1340 2
1339 1379 4
1340 1341 2
1340 1380 3
1341 1342 2
1341 1381 1
1342 1343 4
1342 1382 1
1343 1344 4
1343 1383 5
1344 1345 1
1344 1384 2
1345 1346 1
1345 1385 5
1346 1347 5
1346 1386 3
1347 1348 2
1347 1387 4
1348 1349 5
1348 1388 1
1349 1350 4
1349 1389 4
1350 1351 4
1350 1390 3
1351 1352 1
1351 1391 2
1352 1353 3
1352 1392 3
1353 1354 2
1353 1393 2
1354 1355 4
1354 1394 4
1355 1356 1
1355 1395 3
1356 1357 1
1356 1396 1
1357 1358 3
1357 1397 2
1358 1359 1
1358 1398 4
1359 1360 3
1359 1399 1
1360 1400 2
1361 1362 5
1361 1401 1
1362 1363 3
1362 1402 5
1363 1364 1
1363 1403 5
1364 1365 2
1364 1404 5
1365 1366 4
1365 1405 5
1366 1367 3
1366 1406 3
1367 1368 5
1367 1407 4
1368 1369 5
1368 1408 4
1369 1370 4
1369 1409 2
1370 1371 5
1370 1410 4
1371 1372 3
1371 1411 5
1372 1373 1
1372 1412 5
1373 1374 1
1373 1413 4
1374 1375 3
1374 1414 3
1375 1376 3
1375 1415 1
1376 1377 1
1376 1416 3
1377 1378 5
1377 1417 3
1378 1379 2
1378 1418 3
1379 1380 1
1379 1419 4
1380 1381 4
1380 1420 1
1381 1382 3
1381 1421 3
1382 1383 1
1382 1422 2
1383 1384 1
1383 1423 2
1384 1385 5
1384 1424 5
1385 1386 2
1385 1425 5
1386 1387 2
1386 1426 1
1387 1388 4
1387 1427 5
1388 1389 2
1388 1428 4
1389 1390 1
1389 1429 4
1390 1391 2
1390 1430 4
1391 1392 1
1391 1431 1
1392 1393 4
1392 1432 5
1393 1394 2
1393 1433 3
1394 1395 5
1394 1434 1
1395 1396 4
1395 1435 1
1396 1397 5
1396 1436 4
1397 1398 3
1397 1437 3
1398 1399 4
1398 1438 5
1399 1400 4
1399 1439 4
1400 1440 5
1401 1402 3
1401 1441 3
1402 1403 2
1402 1442 4
1403 1404 2
1403 1443 1
1404 1405 5
1404 1444 5
1405 1406 2
1405 1445 5
1406 1407 5
1406 1446 2
1407 1408 3
1407 1447 4
1408 1409 5
1408 1448 4
1409 1410 4
1409 1449 5
1410 1411 1
1410 1450 1
1411 1412 5
1411 1451 2
1412 1413 3
1412 1452 2
1413 1414 3
1413 1453 4
1414 1415 1
1414 1454 4
1415 1416 2
1415 1455 1
1416 1417 1
1416 1456 2
1417 1418 2
1417 1457 1
1418 1419 5
1418 1458 1
1419 1420 3
1419 1459 1
1420 1421 1
1420 1460 1
1421 1422 4
1421 1461 3
1422 1423 5
1422 1462 2
1423 1424 3
1423 1463 2
1424 1425 1
1424 1464 2
1425 1426 1
1425 1465 4
1426 1427 5
1426 1466 5
1427 1428 1
1427 1467 4
1428 1429 2
1428 1468 2
1429 1430 3
1429 1469 4
1430 1431 4
1430 1470 4
1431 1432 5
1431 1471 2
1432 1433 3
1432 1472 4
1433 1434 3
1433 1473 4
1434 1435 1
1434 1474 3
1435 1436 2
1435 1475 1
1436 1437 3
1436 1476 5
1437 1438 1
1437 1477 2
1438 1439 1
1438 1478 2
1439 1440 5
1439 1479 5
1440 1480 1
1441 1442 2
1441 1481 3
1442 1443 1
1442 1482 4
1443 1444 3
1443 1483 3
1444 1445 4
1444 1484 4
1445 1446 2
1445 1485 4
1446 1447 2
1446 1486 3
1447 1448 1
1447 1487 2
1448 1449 2
1448 1488 4
1449 1450 2
1449 1489 1
1450 1451 5
1450 1490 4
1451 1452 1
1451 1491 4
1452 1453 2
1452 1492 2
1453 1454 1
1453 1493 1
1454 1455 4
1454 1494 3
1455 1456 4
1455 1495 4
1456 1457 2
1456 1496 1
1457 1458 4
1457 1497 3
1458 1459 4
1458 1498 5
1459 1460 2
1459 1499 1
1460 1461 4
1460 1500 3
1461 1462 5
1461 1501 1
1462 1463 2
1462 1502 1
1463 1464 2
1463 1503 2
1464 1465 5
1464 1504 4
1465 1466 4
1465 1505 3
1466 1467 1
1466 1506 1
1467 1468 2
1467 1507 2
1468 1469 2
1468 1508 3
1469 1470 5
1469 1509 5
1470 1471 5
1470 1510 5
1471 1472 4
1471 1511 2
1472 1473 2
1472 1512 2
1473 1474 4
1473 1513 1
1474 1475 1
1474 1514 3
1475 1476 2
1475 1515 1
1476 1477 5
1476 1516 1
1477 1478 3
1477 1517 3
1478 1479 2
1478 1518 4
1479 1480 1
1479 1519 4
1480 1520 5
1481 1482 2
1481 1521 5
1482 1483 5
1482 1522 4
1483 1484 5
1483 1523 3
1484 1485 3
1484 1524 1
1485 1486 1
1485 1525 4
1486 1487 1
1486 1526 5
1487 1488 2
1487 1527 1
1488 1489 3
1488 1528 2
1489 1490 1
1489 1529 4
1490 1491 5
1490 1530 5
1491 1492 2
1491 1531 1
1492 1493 5
1492 1532 1
1493 1494 2
1493 1533 3
1494 1495 1
1494 1534 2
1495 1496 4
1495 1535 5
1496 1497 4
1496 1536 1
1497 1498 5
1497 1537 1
1498 1499 5
1498 1538 4
1499 1500 1
1499 1539 5
1500 1501 4
1500 1540 4
1501 1502 1
1501 1541 3
1502 1503 1
1502 1542 4
1503 1504 5
1503 1543 1
1504 1505 2
1504 1544 1
1505 1506 2
1505 1545 1
1506 1507 4
1506 1546 3
1507 1508 1
1507 1547 4
1508 1509 4
1508 1548 3
1509 1510 2
1509 1549 5
1510 1511 1
1510 1550 2
1511 1512 2
1511 1551 3
1512 1513 5
1512 1552 5
1513 1514 1
1513 1553 2
1514 1515 4
1514 1554 5
1515 1516 4
1515 1555 4
1516 1517 1
1516 1556 5
1517 1518 3
1517 1557 1
1518 1519 4
1518 1558 2
1519 1520 2
1519 1559 2
1520 1560 4
1521 1522 5
1521 1561 1
1522 1523 3
1522 1562 2
1523 1524 3
1523 1563 3
1524 1525 2
1524 1564 3
1525 1526 2
1525 1565 5
1526 1527 3
1526 1566 5
1527 1528 3
1527 1567 2
1528 1529 4
1528 1568 2
1529 1530 1
1529 1569 2
1530 1531 3
1530 1570 5
1531 1532 5
1531 1571 3
1532 1533 5
1532 1572 3
1533 1534 3
1533 1573 3
1534 1535 4
1534 1574 5
1535 1536 5
1535 1575 1
1536 1537 2
1536 1576 1
1537 1538 4
1537 1577 3
1538 1539 3
1538 1578 3
1539 1540 5
1539 1579 4
1540 1541 1
1540 1580 2
1541 1542 5
1541 1581 4
1542 1543 1
1542 1582 3
1543 1544 1
1543 1583 2
1544 1545 1
1544 1584 5
1545 1546 4
1545 1585 3
1546 1547 5
1546 1586 3
1547 1548 4
1547 1587 5
1548 1549 1
1548 1588 5
1549 1550 5
1549 1589 5
1550 1551 2
1550 1590 4
1551 1552 1
1551 1591 1
1552 1553 2
1552 1592 3
1553 1554 2
1553 1593 1
1554 1555 5
1554 1594 3
1555 1556 4
1555 1595 4
1556 1557 3
1556 1596 4
1557 1558 1
1557 1597 5
1558 1559 2
1558 1598 3
1559 1560 4
1559 1599 2
1560 1600 1
1561 1562 3
1562 1563 2
1563 1564 4
1564 1565 2
1565 1566 1
1566 1567 4
1567 1568 3
1568 1569 5
1569 1570 1
1570 1571 3
1571 1572 1
1572 1573 2
1573 1574 2
1574 1575 3
1575 1576 2
1576 1577 5
1577 1578 4
1578 1579 1
1579 1580 4
1580 1581 4
1581 1582 4
1582 1583 3
1583 1584 5
1584 1585 5
1585 1586 5
1586 1587 2
1587 1588 5
1588 1589 5
1589 1590 5
1590 1591 4
1591 1592 1
1592 1593 1
1593 1594 3
1594 1595 2
1595 1596 2
1596 1597 5
1597 1598 4
1598 1599 3
1599 1600 5
1 1561 2
2 1562 4
3 1563 4
4 1564 2
5 1565 1
6 1566 4
7 1567 5
8 1568 4
9 1569 2
10 1570 1
11 1571 5
12 1572 2
13 1573 2
14 1574 1
15 1575 4
16 1576 4
17 1577 3
18 1578 2
19 1579 5
20 1580 5
21 1581 1
22 1582 5
23 1583 4
24 1584 2
25 1585 3
26 1586 5
27 1587 5
28 1588 4
29 1589 5
30 1590 3
31 1591 1
32 1592 4
33 1593 3
34 1594 3
35 1595 5
36 1596 1
37 1597 1
38 1598 4
39 1599 3
40 1600 2
1 40 5
41 80 1
81 120 5
121 160 5
161 200 2
201 240 1
241 280 1
281 320 1
321 360 3
361 400 5
401 440 2
441 480 5
481 520 1
521 560 3
561 600 5
601 640 1
641 680 4
681 720 2
721 760 2
761 800 1
801 840 3
841 880 5
881 920 3
921 960 3
961 1000 5
1001 1040 5
1041 1080 3
1081 1120 1
1121 1160 3
1161 1200 3
1201 1240 1
1241 1280 1
1281 1320 3
1321 1360 1
1361 1400 3
1401 1440 1
1441 1480 2
1481 1520 3
1521 1560 4
1561 1600 2
