400 800
1 2 2
1 21 1
2 3 3
2 22 2
3 4 4
3 23 1
4 5 3
4 24 3
5 6 4
5 25 1
6 7 1
6 26 4
7 8 1
7 27 2
8 9 2
8 28 1
9 10 3
9 29 3
10 11 3
10 30 1
11 12 5
11 31 5
12 13 5
12 32 5
13 14 2
13 33 4
14 15 4
14 34 4
15 16 4
15 35 4
16 17 1
16 36 4
17 18 3
17 37 3
18 19 2
18 38 2
19 20 4
19 39 4
20 40 2
21 22 5
21 41 3
22 23 1
22 42 3
23 24 3
23 43 1
24 25 1
24 44 5
25 26 1
25 45 5
26 27 3
26 46 4
27 28 1
27 47 3
28 29 2
28 48 4
29 30 2
29 49 1
30 31 1
30 50 1
31 32 2
31 51 1
32 33 5
32 52 3
33 34 3
33 53 3
34 35 1
34 54 4
35 36 2
35 55 5
36 37 5
36 56 5
37 38 4
37 57 5
38 39 2
38 58 3
39 40 2
39 59 5
40 60 1
41 42 3
41 61 2
42 43 2
42 62 3
43 44 3
43 63 1
44 45 5
44 64 4
45 46 4
45 65 2
46 47 2
46 66 2
47 48 2
47 67 2
48 49 4
48 68 2
49 50 4
49 69 4
50 51 2
50 70 5
51 52 2
51 71 2
52 53 1
52 72 5
53 54 1
53 73 5
54 55 1
54 74 1
55 56 5
55 75 2
56 57 5
56 76 1
57 58 4
57 77 5
58 59 1
58 78 4
59 60 1
59 79 2
60 80 4
61 62 5
61 81 3
62 63 1
62 82 2
63 64 3
63 83 2
64 65 5
64 84 4
65 66 2
65 85 5
66 67 3
66 86 4
67 68 3
67 87 2
68 69 2
68 88 5
69 70 4
69 89 5
70 71 3
70 90 3
71 72 4
71 91 5
72 73 2
72 92 2
73 74 2
73 93 1
74 75 1
74 94 3
75 76 3
75 95 1
76 77 2
76 96 4
77 78 4
77 97 4
78 79 1
78 98 4
79 80 3
79 99 2
80 100 3
81 82 1
81 101 4
82 83 5
82 102 2
83 84 3
83 103 1
84 85 1
84 104 4
85 86 4
85 105 4
86 87 4
86 106 1
87 88 5
87 107 4
88 89 2
88 108 1
89 90 3
89 109 3
90 91 2
90 110 3
91 92 5
91 111 2
92 93 2
92 112 1
93 94 3
93 113 1
94 95 2
94 114 3
95 96 5
95 115 5
96 97 1
96 116 2
97 98 3
97 117 3
98 99 5
98 118 1
99 100 1
99 119 2
100 120 3
101 102 4
101 121 1
102 103 1
102 122 4
103 104 2
103 123 4
104 105 5
104 124 3
105 106 1
105 125 4
106 107 5
106 126 1
107 108 3
107 127 5
108 109 3
108 128 5
109 110 3
109 129 2
110 111 5
110 130 3
111 112 3
111 131 4
112 113 5
112 132 2
113 114 3
113 133 5
114 115 2
114 134 1
115 116 5
115 135 2
116 117 3
116 136 1
117 118 4
117 137 4
118 119 4
118 138 1
119 120 2
119 139 3
120 140 1
121 122 3
121 141 2
122 123 2
122 142 4
123 124 5
123 143 3
124 125 2
124 144 5
125 126 2
125 145 2
126 127 2
126 146 1
127 128 5
127 147 3
128 129 5
128 148 3
129 130 5
129 149 1
130 131 2
130 150 2
131 132 5
131 151 1
132 133 4
132 152 2
133 134 4
133 153 5
134 135 2
134 154 3
135 136 4
135 155 2
136 137 3
136 156 1
137 138 4
137 157 1
138 139 2
138 158 5
139 140 3
139 159 1
140 160 3
141 142 4
141 161 2
142 143 5
142 162 2
143 144 3
143 163 5
144 145 3
144 164 5
145 146 2
145 165 4
146 147 5
146 166 5
147 148 2
147 167 5
148 149 1
148 168 5
149 150 2
149 169 3
150 151 4
150 170 4
151 152 5
151 171 5
152 153 1
152 172 2
153 154 5
153 173 2
154 155 5
154 174 5
155 156 2
155 175 1
156 157 2
156 176 2
157 158 4
157 177 3
158 159 1
158 178 1
159 160 4
159 179 5
160 180 2
161 162 2
161 181 3
162 163 5
162 182 2
163 164 3
163 183 4
164 165 1
164 184 3
165 166 5
165 185 3
166 167 5
166 186 1
167 168 1
167 187 2
168 169 3
168 188 4
169 170 1
169 189 2
170 171 3
170 190 1
171 172 3
171 191 3
172 173 2
172 192 1
173 174 2
173 193 2
174 175 1
174 194 3
175 176 4
175 195 4
176 177 5
176 196 5
177 178 4
177 197 2
178 179 5
178 198 4
179 180 1
179 199 5
180 200 3
181 182 4
181 201 5
182 183 3
182 202 4
183 184 2
183 203 4
184 185 1
184 204 1
185 186 1
185 205 5
186 187 2
186 206 3
187 188 5
187 207 4
188 189 3
188 208 4
189 190 2
189 209 2
190 191 2
190 210 2
191 192 3
191 211 2
192 193 3
192 212 1
193 194 1
193 213 4
194 195 1
194 214 2
195 196 5
195 215 4
196 197 3
196 216 4
197 198 3
197 217 5
198 199 4
198 218 5
199 200 5
199 219 3
200 220 5
201 202 3
201 221 1
202 203 5
202 222 1
203 204 1
203 223 3
204 205 5
204 224 1
205 206 5
205 225 1
206 207 2
206 226 3
207 208 5
207 227 5
208 209 2
208 228 4
209 210 5
209 229 3
210 211 1
210 230 5
211 212 1
211 231 2
212 213 1
212 232 5
213 214 5
213 233 5
214 215 5
214 234 1
215 216 3
215 235 5
216 217 4
216 236 4
217 218 1
217 237 5
218 219 4
218 238 5
219 220 5
219 239 4
220 240 5
221 222 2
221 241 2
222 223 4
222 242 1
223 224 2
223 243 4
224 225 2
224 244 3
225 226 1
225 245 3
226 227 2
226 246 1
227 228 1
227 247 2
228 229 3
228 248 5
229 230 3
229 249 2
230 231 2
230 250 5
231 232 5
231 251 1
232 233 1
232 252 4
233 234 3
233 253 1
234 235 1
234 254 2
235 236 4
235 255 4
236 237 1
236 256 2
237 238 5
237 257 3
238 239 2
238 258 2
239 240 2
239 259 4
240 260 2
241 242 4
241 261 5
242 243 2
242 262 1
243 244 2
243 263 4
244 245 3
244 264 5
245 246 4
245 265 1
246 247 1
246 266 2
247 248 1
247 267 3
248 249 3
248 268 3
249 250 3
249 269 2
250 251 5
250 270 3
251 252 1
251 271 4
252 253 5
252 272 1
253 254 5
253 273 1
254 255 1
254 274 2
255 256 4
255 275 1
256 257 2
256 276 2
257 258 3
257 277 2
258 259 3
258 278 2
259 260 4
259 279 4
260 280 5
261 262 4
261 281 1
262 263 5
262 282 4
263 264 1
263 283 4
264 265 1
264 284 4
265 266 3
265 285 1
266 267 1
266 286 4
267 268 5
267 287 4
268 269 3
268 288 4
269 270 4
269 289 5
270 271 3
270 290 4
271 272 3
271 291 1
272 273 3
272 292 4
273 274 4
273 293 4
274 275 4
274 294 5
275 276 2
275 295 4
276 277 3
276 296 4
277 278 4
277 297 5
278 279 2
278 298 4
279 280 1
279 299 2
280 300 5
281 282 1
281 301 2
282 283 1
282 302 2
283 284 3
283 303 3
284 285 3
284 304 4
285 286 1
285 305 1
286 287 2
286 306 4
287 288 4
287 307 1
288 289 2
288 308 5
289 290 5
289 309 1
290 291 5
290 310 1
291 292 4
291 311 5
292 293 5
292 312 1
293 294 5
293 313 1
294 295 1
294 314 2
295 296 5
295 315 2
296 297 5
296 316 4
297 298 1
297 317 5
298 299 3
298 318 3
299 300 2
299 319 1
300 320 4
301 302 5
301 321 1
302 303 3
302 322 5
303 304 4
303 323 5
304 305 3
304 324 4
305 306 2
305 325 5
306 307 4
306 326 4
307 308 1
307 327 2
308 309 3
308 328 1
309 310 3
309 329 5
310 311 2
310 330 3
311 312 3
311 331 5
312 313 4
312 332 4
313 314 2
313 333 2
314 315 3
314 334 5
315 316 4
315 335 3
316 317 5
316 336 1
317 318 3
317 337 5
318 319 3
318 338 1
319 320 3
319 339 2
320 340 4
321 322 5
321 341 3
322 323 5
322 342 1
323 324 1
323 343 4
324 325 3
324 344 2
325 326 2
325 345 2
326 327 2
326 346 2
327 328 3
327 347 3
328 329 3
328 348 1
329 330 5
329 349 3
330 331 3
330 350 2
331 332 1
331 351 2
332 333 3
332 352 2
333 334 3
333 353 4
334 335 4
334 354 5
335 336 4
335 355 5
336 337 1
336 356 3
337 338 1
337 357 1
338 339 5
338 358 3
339 340 1
339 359 3
340 360 5
341 342 1
341 361 3
342 343 3
342 362 5
343 344 1
343 363 5
344 345 2
344 364 2
345 346 3
345 365 5
346 347 2
346 366 3
347 348 2
347 367 2
348 349 5
348 368 4
349 350 1
349 369 2
350 351 1
350 370 1
351 352 2
351 371 4
352 353 5
352 372 2
353 354 2
353 373 3
354 355 4
354 374 4
355 356 2
355 375 5
356 357 1
356 376 5
357 358 2
357 377 1
358 359 5
358 378 2
359 360 5
359 379 3
360 380 3
361 362 4
361 381 4
362 363 3
362 382 3
363 364 4
363 383 4
364 365 5
364 384 5
365 366 5
365 385 3
366 367 3
366 386 3
367 368 4
367 387 2
368 369 2
368 388 3
369 370 2
369 389 5
370 371 2
370 390 4
371 372 1
371 391 4
372 373 4
372 392 4
373 374 5
373 393 5
374 375 5
374 394 3
375 376 3
375 395 3
376 377 5
376 396 4
377 378 2
377 397 1
378 379 4
378 398 1
379 380 4
379 399 4
380 400 5
381 382 3
382 383 3
383 384 4
384 385 1
385 386 3
386 387 1
387 388 1
388 389 3
389 390 3
390 391 3
391 392 4
392 393 3
393 394 1
394 395 3
395 396 5
396 397 4
397 398 4
398 399 5
399 400 5
1 381 4
2 382 2
3 383 3
4 384 4
5 385 5
6 386 5
7 387 3
8 388 2
9 389 1
10 390 4
11 391 5
12 392 5
13 393 5
14 394 1
15 395 4
16 396 3
17 397 3
18 398 4
19 399 2
20 400 4
1 20 3
21 40 4
41 60 4
61 80 2
81 100 5
101 120 3
121 140 2
141 160 3
161 180 5
181 200 4
201 220 5
221 240 1
241 260 3
261 280 1
281 300 4
301 320 4
321 340 2
341 360 2
361 380 3
381 400 2
