784 1568
1 2 4
1 29 4
2 3 1
2 30 5
3 4 4
3 31 5
4 5 5
4 32 5
5 6 2
5 33 4
6 7 2
6 34 5
7 8 3
7 35 4
8 9 4
8 36 4
9 10 4
9 37 4
10 11 1
10 38 2
11 12 2
11 39 4
12 13 1
12 40 4
13 14 2
13 41 2
14 15 5
14 42 2
15 16 4
15 43 4
16 17 1
16 44 5
17 18 2
17 45 5
18 19 3
18 46 2
19 20 4
19 47 5
20 21 3
20 48 3
21 22 5
21 49 4
22 23 5
22 50 2
23 24 5
23 51 4
24 25 2
24 52 2
25 26 1
25 53 4
26 27 1
26 54 4
27 28 3
27 55 2
28 56 2
29 30 3
29 57 2
30 31 2
30 58 3
31 32 1
31 59 1
32 33 2
32 60 5
33 34 2
33 61 3
34 35 5
34 62 3
35 36 2
35 63 4
36 37 3
36 64 5
37 38 3
37 65 4
38 39 3
38 66 5
39 40 2
39 67 4
40 41 4
40 68 3
41 42 4
41 69 5
42 43 3
42 70 1
43 44 3
43 71 4
44 45 2
44 72 1
45 46 5
45 73 5
46 47 2
46 74 1
47 48 3
47 75 4
48 49 1
48 76 5
49 50 5
49 77 3
50 51 5
50 78 5
51 52 4
51 79 4
52 53 5
52 80 3
53 54 4
53 81 4
54 55 5
54 82 3
55 56 5
55 83 4
56 84 3
57 58 4
57 85 1
58 59 1
58 86 5
59 60 2
59 87 3
60 61 2
60 88 1
61 62 5
61 89 3
62 63 3
62 90 4
63 64 5
63 91 3
64 65 3
64 92 2
65 66 4
65 93 1
66 67 5
66 94 3
67 68 1
67 95 3
68 69 3
68 96 5
69 70 2
69 97 4
70 71 5
70 98 3
71 72 4
71 99 2
72 73 5
72 100 4
73 74 2
73 101 4
74 75 2
74 102 5
75 76 5
75 103 2
76 77 4
76 104 5
77 78 4
77 105 1
78 79 5
78 106 4
79 80 3
79 107 4
80 81 1
80 108 1
81 82 2
81 109 1
82 83 4
82 110 4
83 84 1
83 111 1
84 112 1
85 86 5
85 113 3
86 87 5
86 114 5
87 88 4
87 115 4
88 89 5
88 116 3
89 90 1
89 117 1
90 91 3
90 118 3
91 92 4
91 119 1
92 93 1
92 120 4
93 94 4
93 121 2
94 95 1
94 122 4
95 96 2
95 123 3
96 97 3
96 124 2
97 98 3
97 125 2
98 99 2
98 126 1
99 100 3
99 127 2
100 101 4
100 128 4
101 102 4
101 129 2
102 103 4
102 130 3
103 104 1
103 131 2
104 105 5
104 132 1
105 106 5
105 133 1
106 107 5
106 134 3
107 108 4
107 135 3
108 109 5
108 136 4
109 110 1
109 137 2
110 111 2
110 138 1
111 112 3
111 139 2
112 140 2
113 114 5
113 141 5
114 115 3
114 142 2
115 116 1
115 143 4
116 117 3
116 144 1
117 118 5
117 145 2
118 119 4
118 146 4
119 120 2
119 147 1
120 121 2
120 148 3
121 122 5
121 149 4
122 123 4
122 150 4
123 124 1
123 151 1
124 125 3
124 152 5
125 126 5
125 153 5
126 127 4
126 154 2
127 128 3
127 155 4
128 129 2
128 156 3
129 130 2
129 157 2
130 131 5
130 158 5
131 132 5
131 159 5
132 133 5
132 160 3
133 134 5
133 161 5
134 135 4
134 162 3
135 136 4
135 163 2
136 137 1
136 164 2
137 138 1
137 165 5
138 139 4
138 166 2
139 140 5
139 167 2
140 168 1
141 142 4
141 169 5
142 143 4
142 170 5
143 144 5
143 171 3
144 145 4
144 172 2
145 146 3
145 173 3
146 147 5
146 174 5
147 148 5
147 175 2
148 149 2
148 176 4
149 150 3
149 177 4
150 151 2
150 178 4
151 152 4
151 179 1
152 153 1
152 180 2
153 154 2
153 181 1
154 155 1
154 182 1
155 156 5
155 183 2
156 157 5
156 184 4
157 158 3
157 185 3
158 159 3
158 186 5
159 160 3
159 187 1
160 161 1
160 188 2
161 162 4
161 189 2
162 163 1
162 190 3
163 164 1
163 191 3
164 165 5
164 192 4
165 166 3
165 193 3
166 167 4
166 194 5
167 168 1
167 195 2
168 196 3
169 170 5
169 197 3
170 171 3
170 198 1
171 172 2
171 199 5
172 173 1
172 200 2
173 174 4
173 201 5
174 175 1
174 202 3
175 176 3
175 203 1
176 177 3
176 204 5
177 178 1
177 205 2
178 179 2
178 206 5
179 180 1
179 207 5
180 181 5
180 208 3
181 182 1
181 209 2
182 183 2
182 210 4
183 184 2
183 211 2
184 185 5
184 212 5
185 186 2
185 213 2
186 187 4
186 214 3
187 188 5
187 215 2
188 189 3
188 216 1
189 190 1
189 217 4
190 191 3
190 218 3
191 192 5
191 219 5
192 193 2
192 220 5
193 194 3
193 221 3
194 195 1
194 222 1
195 196 3
195 223 1
196 224 4
197 198 1
197 225 1
198 199 3
198 226 1
199 200 4
199 227 4
200 201 4
200 228 1
201 202 1
201 229 2
202 203 5
202 230 4
203 204 2
203 231 3
204 205 2
204 232 3
205 206 4
205 233 5
206 207 2
206 234 5
207 208 3
207 235 1
208 209 5
208 236 3
209 210 5
209 237 4
210 211 5
210 238 4
211 212 1
211 239 2
212 213 4
212 240 4
213 214 3
213 241 3
214 215 1
214 242 4
215 216 3
215 243 2
216 217 3
216 244 2
217 218 1
217 245 2
218 219 1
218 246 4
219 220 5
219 247 1
220 221 2
220 248 5
221 222 4
221 249 5
222 223 1
222 250 4
223 224 4
223 251 2
224 252 4
225 226 2
225 253 5
226 227 2
226 254 4
227 228 2
227 255 2
228 229 2
228 256 4
229 230 4
229 257 3
230 231 3
230 258 1
231 232 5
231 259 4
232 233 3
232 260 5
233 234 3
233 261 1
234 235 2
234 262 5
235 236 5
235 263 3
236 237 3
236 264 5
237 238 1
237 265 1
238 239 4
238 266 1
239 240 3
239 267 1
240 241 1
240 268 5
241 242 3
241 269 4
242 243 5
242 270 4
243 244 4
243 271 1
244 245 3
244 272 3
245 246 1
245 273 3
246 247 4
246 274 3
247 248 5
247 275 5
248 249 2
248 276 1
249 250 1
249 277 3
250 251 4
250 278 2
251 252 4
251 279 4
252 280 2
253 254 3
253 281 2
254 255 2
254 282 2
255 256 3
255 283 4
256 257 4
256 284 5
257 258 3
257 285 5
258 259 3
258 286 1
259 260 4
259 287 4
260 261 3
260 288 3
261 262 5
261 289 3
262 263 4
262 290 3
263 264 5
263 291 3
264 265 4
264 292 5
265 266 2
265 293 5
266 267 5
266 294 5
267 268 2
267 295 2
268 269 3
268 296 1
269 270 1
269 297 4
270 271 2
270 298 3
271 272 3
271 299 5
272 273 1
272 300 3
273 274 4
273 301 5
274 275 3
274 302 4
275 276 4
275 303 1
276 277 2
276 304 5
277 278 3
277 305 3
278 279 4
278 306 4
279 280 1
279 307 5
280 308 1
281 282 5
281 309 5
282 283 4
282 310 1
283 284 5
283 311 4
284 285 3
284 312 5
285 286 5
285 313 5
286 287 5
286 314 4
287 288 5
287 315 4
288 289 4
288 316 4
289 290 2
289 317 3
290 291 1
290 318 5
291 292 5
291 319 2
292 293 5
292 320 4
293 294 5
293 321 2
294 295 2
294 322 4
295 296 4
295 323 4
296 297 5
296 324 3
297 298 5
297 325 3
298 299 3
298 326 2
299 300 3
299 327 5
300 301 1
300 328 1
301 302 3
301 329 5
302 303 4
302 330 4
303 304 2
303 331 5
304 305 2
304 332 4
305 306 4
305 333 3
306 307 1
306 334 3
307 308 1
307 335 1
308 336 2
309 310 4
309 337 4
310 311 1
310 338 2
311 312 1
311 339 4
312 313 5
312 340 3
313 314 1
313 341 3
314 315 2
314 342 4
315 316 4
315 343 5
316 317 4
316 344 4
317 318 4
317 345 2
318 319 1
318 346 2
319 320 1
319 347 3
320 321 1
320 348 3
321 322 2
321 349 5
322 323 5
322 350 4
323 324 4
323 351 5
324 325 5
324 352 5
325 326 3
325 353 3
326 327 3
326 354 1
327 328 4
327 355 3
328 329 4
328 356 3
329 330 5
329 357 4
330 331 5
330 358 3
331 332 2
331 359 4
332 333 5
332 360 4
333 334 5
333 361 2
334 335 4
334 362 3
335 336 4
335 363 5
336 364 2
337 338 5
337 365 5
338 339 3
338 366 3
339 340 3
339 367 5
340 341 1
340 368 5
341 342 4
341 369 2
342 343 5
342 370 1
343 344 1
343 371 2
344 345 2
344 372 4
345 346 4
345 373 2
346 347 5
346 374 2
347 348 4
347 375 4
348 349 1
348 376 2
349 350 4
349 377 2
350 351 1
350 378 3
351 352 5
351 379 2
352 353 3
352 380 2
353 354 1
353 381 2
354 355 3
354 382 3
355 356 2
355 383 3
356 357 1
356 384 3
357 358 3
357 385 5
358 359 1
358 386 5
359 360 4
359 387 5
360 361 2
360 388 2
361 362 4
361 389 3
362 363 4
362 390 5
363 364 4
363 391 4
364 392 5
365 366 3
365 393 5
366 367 3
366 394 3
367 368 4
367 395 4
368 369 5
368 396 5
369 370 4
369 397 4
370 371 3
370 398 5
371 372 4
371 399 4
372 373 1
372 400 5
373 374 3
373 401 1
374 375 1
374 402 1
375 376 2
375 403 1
376 377 1
376 404 5
377 378 4
377 405 3
378 379 5
378 406 5
379 380 5
379 407 2
380 381 3
380 408 3
381 382 1
381 409 4
382 383 2
382 410 3
383 384 2
383 411 1
384 385 4
384 412 2
385 386 2
385 413 3
386 387 5
386 414 1
387 388 2
387 415 4
388 389 4
388 416 2
389 390 5
389 417 1
390 391 5
390 418 2
391 392 3
391 419 5
392 420 1
393 394 2
393 421 3
394 395 3
394 422 5
395 396 5
395 423 3
396 397 5
396 424 1
397 398 2
397 425 1
398 399 3
398 426 1
399 400 1
399 427 1
400 401 1
400 428 2
401 402 3
401 429 5
402 403 5
402 430 1
403 404 2
403 431 1
404 405 2
404 432 2
405 406 1
405 433 4
406 407 3
406 434 2
407 408 5
407 435 4
408 409 3
408 436 4
409 410 2
409 437 4
410 411 1
410 438 2
411 412 5
411 439 5
412 413 2
412 440 2
413 414 1
413 441 2
414 415 4
414 442 2
415 416 4
415 443 2
416 417 2
416 444 4
417 418 2
417 445 4
418 419 5
418 446 3
419 420 4
419 447 2
420 448 3
421 422 3
421 449 1
422 423 1
422 450 2
423 424 5
423 451 4
424 425 5
424 452 1
425 426 4
425 453 3
426 427 1
426 454 5
427 428 5
427 455 3
428 429 5
428 456 4
429 430 5
429 457 1
430 431 3
430 458 5
431 432 2
431 459 4
432 433 1
432 460 2
433 434 4
433 461 5
434 435 2
434 462 5
435 436 4
435 463 1
436 437 3
436 464 1
437 438 5
437 465 3
438 439 4
438 466 2
439 440 3
439 467 1
440 441 5
440 468 1
441 442 1
441 469 4
442 443 2
442 470 1
443 444 2
443 471 4
444 445 5
444 472 3
445 446 1
445 473 3
446 447 5
446 474 1
447 448 2
447 475 5
448 476 5
449 450 2
449 477 5
450 451 3
450 478 3
451 452 1
451 479 2
452 453 2
452 480 5
453 454 1
453 481 1
454 455 2
454 482 2
455 456 2
455 483 1
456 457 1
456 484 2
457 458 4
457 485 1
458 459 1
458 486 2
459 460 3
459 487 4
460 461 2
460 488 5
461 462 1
461 489 4
462 463 4
462 490 2
463 464 3
463 491 2
464 465 1
464 492 5
465 466 2
465 493 4
466 467 5
466 494 5
467 468 3
467 495 2
468 469 3
468 496 4
469 470 1
469 497 4
470 471 5
470 498 2
471 472 4
471 499 3
472 473 3
472 500 2
473 474 1
473 501 3
474 475 1
474 502 3
475 476 4
475 503 4
476 504 4
477 478 2
477 505 5
478 479 2
478 506 2
479 480 4
479 507 3
480 481 4
480 508 1
481 482 3
481 509 2
482 483 4
482 510 1
483 484 2
483 511 2
484 485 5
484 512 4
485 486 4
485 513 5
486 487 1
486 514 2
487 488 1
487 515 5
488 489 1
488 516 2
489 490 2
489 517 3
490 491 1
490 518 4
491 492 3
491 519 1
492 493 2
492 520 5
493 494 1
493 521 2
494 495 2
494 522 1
495 496 2
495 523 4
496 497 1
496 524 3
497 498 4
497 525 2
498 499 2
498 526 3
499 500 1
499 527 2
500 501 2
500 528 5
501 502 1
501 529 1
502 503 4
502 530 2
503 504 2
503 531 3
504 532 5
505 506 5
505 533 1
506 507 5
506 534 5
507 508 4
507 535 5
508 509 1
508 536 5
509 510 3
509 537 1
510 511 4
510 538 2
511 512 3
511 539 2
512 513 4
512 540 5
513 514 3
513 541 3
514 515 4
514 542 3
515 516 5
515 543 3
516 517 3
516 544 4
517 518 4
517 545 3
518 519 3
518 546 1
519 520 5
519 547 5
520 521 4
520 548 4
521 522 1
521 549 3
522 523 3
522 550 5
523 524 4
523 551 4
524 525 4
524 552 1
525 526 3
525 553 5
526 527 1
526 554 5
527 528 3
527 555 5
528 529 1
528 556 5
529 530 1
529 557 5
530 531 5
530 558 1
531 532 1
531 559 3
532 560 1
533 534 5
533 561 2
534 535 3
534 562 5
535 536 2
535 563 2
536 537 4
536 564 4
537 538 3
537 565 5
538 539 4
538 566 1
539 540 3
539 567 5
540 541 4
540 568 1
541 542 3
541 569 1
542 543 5
542 570 2
543 544 2
543 571 1
544 545 4
544 572 1
545 546 3
545 573 2
546 547 3
546 574 2
547 548 3
547 575 5
548 549 2
548 576 1
549 550 4
549 577 5
550 551 2
550 578 1
551 552 5
551 579 5
552 553 4
552 580 1
553 554 1
553 581 2
554 555 1
554 582 1
555 556 3
555 583 5
556 557 2
556 584 2
557 558 3
557 585 1
558 559 3
558 586 5
559 560 2
559 587 3
560 588 3
561 562 4
561 589 3
562 563 5
562 590 3
563 564 2
563 591 4
564 565 4
564 592 2
565 566 1
565 593 3
566 567 3
566 594 5
567 568 1
567 595 2
568 569 2
568 596 4
569 570 2
569 597 2
570 571 2
570 598 3
571 572 3
571 599 4
572 573 2
572 600 1
573 574 1
573 601 4
574 575 1
574 602 4
575 576 5
575 603 4
576 577 1
576 604 2
577 578 5
577 605 5
578 579 2
578 606 5
579 580 5
579 607 3
580 581 5
580 608 3
581 582 2
581 609 2
582 583 1
582 610 1
583 584 4
583 611 4
584 585 4
584 612 1
585 586 3
585 613 3
586 587 4
586 614 1
587 588 1
587 615 3
588 616 5
589 590 2
589 617 5
590 591 1
590 618 1
591 592 2
591 619 3
592 593 4
592 620 5
593 594 5
593 621 4
594 595 5
594 622 1
595 596 5
595 623 1
596 597 1
596 624 2
597 598 4
597 625 2
598 599 5
598 626 4
599 600 4
599 627 3
600 601 1
600 628 1
601 602 3
601 629 4
602 603 1
602 630 5
603 604 5
603 631 4
604 605 4
604 632 3
605 606 2
605 633 4
606 607 2
606 634 1
607 608 4
607 635 3
608 609 4
608 636 2
609 610 3
609 637 3
610 611 1
610 638 4
611 612 3
611 639 2
612 613 3
612 640 2
613 614 1
613 641 4
614 615 5
614 642 1
615 616 2
615 643 2
616 644 4
617 618 4
617 645 4
618 619 1
618 646 5
619 620 4
619 647 1
620 621 1
620 648 2
621 622 2
621 649 5
622 623 2
622 650 2
623 624 3
623 651 5
624 625 5
624 652 4
625 626 3
625 653 4
626 627 3
626 654 1
627 628 4
627 655 5
628 629 1
628 656 1
629 630 5
629 657 1
630 631 2
630 658 2
631 632 5
631 659 4
632 633 5
632 660 5
633 634 5
633 661 5
634 635 5
634 662 2
635 636 2
635 663 4
636 637 3
636 664 4
637 638 5
637 665 5
638 639 1
638 666 4
639 640 2
639 667 3
640 641 5
640 668 2
641 642 3
641 669 3
642 643 1
642 670 2
643 644 1
643 671 5
644 672 4
645 646 3
645 673 2
646 647 4
646 674 4
647 648 3
647 675 2
648 649 4
648 676 1
649 650 5
649 677 5
650 651 5
650 678 3
651 652 4
651 679 4
652 653 2
652 680 2
653 654 1
653 681 5
654 655 4
654 682 5
655 656 5
655 683 2
656 657 5
656 684 1
657 658 3
657 685 3
658 659 1
658 686 2
659 660 4
659 687 1
660 661 3
660 688 5
661 662 5
661 689 1
662 663 2
662 690 2
663 664 4
663 691 1
664 665 1
664 692 1
665 666 1
665 693 1
666 667 3
666 694 3
667 668 2
667 695 1
668 669 2
668 696 4
669 670 4
669 697 5
670 671 3
670 698 4
671 672 3
671 699 2
672 700 3
673 674 5
673 701 1
674 675 2
674 702 2
675 676 5
675 703 1
676 677 4
676 704 1
677 678 2
677 705 4
678 679 3
678 706 5
679 680 2
679 707 3
680 681 5
680 708 3
681 682 3
681 709 5
682 683 1
682 710 1
683 684 5
683 711 5
684 685 2
684 712 4
685 686 5
685 713 3
686 687 3
686 714 2
687 688 3
687 715 2
688 689 3
688 716 4
689 690 1
689 717 2
690 691 1
690 718 3
691 692 4
691 719 5
692 693 5
692 720 3
693 694 4
693 721 4
694 695 3
694 722 1
695 696 3
695 723 1
696 697 5
696 724 3
697 698 3
697 725 1
698 699 3
698 726 4
699 700 3
699 727 4
700 728 1
701 702 2
701 729 4
702 703 4
702 730 4
703 704 5
703 731 3
704 705 5
704 732 5
705 706 2
705 733 1
706 707 5
706 734 4
707 708 2
707 735 4
708 709 4
708 736 3
709 710 3
709 737 2
710 711 1
710 738 4
711 712 4
711 739 5
712 713 5
712 740 2
713 714 2
713 741 3
714 715 4
714 742 1
715 716 5
715 743 4
716 717 2
716 744 1
717 718 3
717 745 1
718 719 3
718 746 5
719 720 3
719 747 4
720 721 1
720 748 4
721 722 5
721 749 3
722 723 2
722 750 2
723 724 3
723 751 1
724 725 4
724 752 5
725 726 2
725 753 1
726 727 1
726 754 2
727 728 5
727 755 5
728 756 2
729 730 3
729 757 3
730 731 1
730 758 5
731 732 5
731 759 3
732 733 2
732 760 1
733 734 2
733 761 2
734 735 5
734 762 2
735 736 5
735 763 2
736 737 4
736 764 3
737 738 2
737 765 5
738 739 5
738 766 5
739 740 3
739 767 3
740 741 1
740 768 1
741 742 1
741 769 4
742 743 5
742 770 4
743 744 1
743 771 3
744 745 5
744 772 2
745 746 2
745 773 3
746 747 1
746 774 1
747 748 3
747 775 4
748 749 5
748 776 2
749 750 1
749 777 1
750 751 3
750 778 4
751 752 2
751 779 4
752 753 5
752 780 2
753 754 1
753 781 1
754 755 5
754 782 1
755 756 5
755 783 4
756 784 1
757 758 5
758 759 1
759 760 4
760 761 4
761 762 4
762 763 3
763 764 4
764 765 1
765 766 2
766 767 1
767 768 5
768 769 5
769 770 1
770 771 2
771 772 3
772 773 4
773 774 5
774 775 4
775 776 2
776 777 1
777 778 3
778 779 3
779 780 3
780 781 1
781 782 5
782 783 3
783 784 4
1 757 5
2 758 5
3 759 1
4 760 3
5 761 4
6 762 3
7 763 4
8 764 4
9 765 5
10 766 5
11 767 4
12 768 1
13 769 3
14 770 5
15 771 5
16 772 3
17 773 5
18 774 1
19 775 1
20 776 4
21 777 1
22 778 3
23 779 1
24 780 1
25 781 5
26 782 3
27 783 5
28 784 1
1 28 4
29 56 4
57 84 4
85 112 4
113 140 1
141 168 5
169 196 3
197 224 5
225 252 2
253 280 5
281 308 2
309 336 2
337 364 1
365 392 2
393 420 4
421 448 2
449 476 3
477 504 2
505 532 1
533 560 4
561 588 1
589 616 5
617 644 4
645 672 1
673 700 2
701 728 5
729 756 3
757 784 2
