1600 3200
1 2 1
1 41 1
2 3 3
2 42 5
3 4 2
3 43 4
4 5 5
4 44 2
5 6 2
5 45 3
6 7 3
6 46 1
7 8 2
7 47 1
8 9 5
8 48 2
9 10 4
9 49 2
10 11 3
10 50 2
11 12 2
11 51 3
12 13 2
12 52 1
13 14 3
13 53 5
14 15 2
14 54 3
15 16 5
15 55 3
16 17 3
16 56 4
17 18 3
17 57 3
18 19 3
18 58 4
19 20 4
19 59 2
20 21 1
20 60 2
21 22 3
21 61 2
22 23 3
22 62 5
23 24 4
23 63 3
24 25 3
24 64 4
25 26 1
25 65 3
26 27 2
26 66 1
27 28 4
27 67 3
28 29 1
28 68 5
29 30 4
29 69 5
30 31 1
30 70 1
31 32 3
31 71 3
32 33 3
32 72 1
33 34 3
33 73 1
34 35 4
34 74 5
35 36 4
35 75 4
36 37 4
36 76 4
37 38 2
37 77 3
38 39 1
38 78 1
39 40 2
39 79 2
40 80 3
41 42 5
41 81 2
42 43 5
42 82 5
43 44 5
43 83 1
44 45 4
44 84 1
45 46 2
45 85 2
46 47 1
46 86 2
47 48 4
47 87 3
48 49 5
48 88 4
49 50 4
49 89 3
50 51 3
50 90 1
51 52 4
51 91 3
52 53 4
52 92 3
53 54 5
53 93 5
54 55 3
54 94 2
55 56 4
55 95 2
56 57 5
56 96 4
57 58 4
57 97 4
58 59 2
58 98 2
59 60 1
59 99 5
60 61 1
60 100 3
61 62 3
61 101 5
62 63 3
62 102 1
63 64 4
63 103 1
64 65 4
64 104 5
65 66 2
65 105 4
66 67 2
66 106 4
67 68 5
67 107 4
68 69 3
68 108 1
69 70 4
69 109 2
70 71 2
70 110 4
71 72 5
71 111 5
72 73 4
72 112 4
73 74 2
73 113 4
74 75 1
74 114 3
75 76 1
75 115 1
76 77 1
76 116 5
77 78 4
77 117 1
78 79 1
78 118 1
79 80 5
79 119 2
80 120 4
81 82 5
81 121 2
82 83 3
82 122 3
83 84 3
83 123 4
84 85 2
84 124 2
85 86 3
85 125 3
86 87 1
86 126 5
87 88 2
87 127 2
88 89 3
88 128 5
89 90 3
89 129 5
90 91 3
90 130 5
91 92 5
91 131 2
92 93 2
92 132 2
93 94 4
93 133 4
94 95 2
94 134 4
95 96 1
95 135 2
96 97 1
96 136 3
97 98 4
97 137 1
98 99 3
98 138 5
99 100 4
99 139 3
100 101 1
100 140 1
101 102 1
101 141 3
102 103 1
102 142 4
103 104 5
103 143 3
104 105 3
104 144 1
105 106 3
105 145 1
106 107 2
106 146 5
107 108 1
107 147 2
108 109 2
108 148 1
109 110 4
109 149 5
110 111 5
110 150 4
111 112 3
111 151 2
112 113 4
112 152 4
113 114 1
113 153 1
114 115 2
114 154 3
115 116 5
115 155 3
116 117 3
116 156 3
117 118 4
117 157 4
118 119 2
118 158 4
119 120 3
119 159 1
120 160 5
121 122 2
121 161 4
122 123 1
122 162 2
123 124 2
123 163 4
124 125 3
124 164 3
125 126 2
125 165 4
126 127 1
126 166 3
127 128 2
127 167 5
128 129 1
128 168 3
129 130 3
129 169 4
130 131 1
130 170 3
131 132 5
131 171 2
132 133 2
132 172 2
133 134 3
133 173 4
134 135 2
134 174 2
135 136 4
135 175 3
136 137 1
136 176 4
137 138 3
137 177 3
138 139 4
138 178 3
139 140 4
139 179 4
140 141 3
140 180 3
141 142 2
141 181 2
142 143 1
142 182 3
143 144 4
143 183 1
144 145 2
144 184 4
145 146 5
145 185 2
146 147 5
146 186 5
147 148 2
147 187 1
148 149 2
148 188 3
149 150 5
149 189 3
150 151 5
150 190 2
151 152 4
151 191 3
152 153 5
152 192 2
153 154 2
153 193 3
154 155 1
154 194 1
155 156 4
155 195 4
156 157 5
156 196 4
157 158 1
157 197 4
158 159 3
158 198 2
159 160 5
159 199 5
160 200 2
161 162 1
161 201 1
162 163 5
162 202 2
163 164 2
163 203 1
164 165 2
164 204 4
165 166 5
165 205 1
166 167 3
166 206 2
167 168 4
167 207 4
168 169 4
168 208 3
169 170 3
169 209 5
170 171 3
170 210 1
171 172 5
171 211 2
172 173 2
172 212 1
173 174 3
173 213 5
174 175 5
174 214 4
175 176 5
175 215 4
176 177 4
176 216 3
177 178 2
177 217 5
178 179 1
178 218 2
179 180 2
179 219 2
180 181 5
180 220 2
181 182 2
181 221 4
182 183 2
182 222 5
183 184 4
183 223 5
184 185 2
184 224 2
185 186 3
185 225 2
186 187 5
186 226 3
187 188 4
187 227 1
188 189 2
188 228 5
189 190 1
189 229 2
190 191 3
190 230 5
191 192 3
191 231 3
192 193 1
192 232 3
193 194 3
193 233 2
194 195 4
194 234 3
195 196 4
195 235 3
196 197 1
196 236 4
197 198 2
197 237 2
198 199 5
198 238 1
199 200 3
199 239 4
200 240 2
201 202 5
201 241 2
202 203 2
202 242 1
203 204 3
203 243 1
204 205 4
204 244 5
205 206 1
205 245 4
206 207 2
206 246 1
207 208 5
207 247 2
208 209 4
208 248 2
209 210 2
209 249 3
210 211 2
210 250 2
211 212 5
211 251 3
212 213 2
212 252 1
213 214 2
213 253 5
214 215 2
214 254 2
215 216 1
215 255 2
216 217 3
216 256 2
217 218 2
217 257 4
218 219 2
218 258 3
219 220 5
219 259 4
220 221 2
220 260 2
221 222 3
221 261 2
222 223 5
222 262 4
223 224 3
223 263 5
224 225 3
224 264 2
225 226 3
225 265 5
226 227 2
226 266 3
227 228 4
227 267 3
228 229 2
228 268 4
229 230 3
229 269 5
230 231 3
230 270 4
231 232 1
231 271 5
232 233 1
232 272 2
233 234 2
233 273 1
234 235 2
234 274 2
235 236 5
235 275 2
236 237 3
236 276 3
237 238 2
237 277 4
238 239 5
238 278 2
239 240 1
239 279 4
240 280 5
241 242 1
241 281 5
242 243 3
242 282 4
243 244 5
243 283 3
244 245 2
244 284 5
245 246 4
245 285 5
246 247 3
246 286 2
247 248 4
247 287 5
248 249 3
248 288 1
249 250 4
249 289 4
250 251 4
250 290 2
251 252 4
251 291 3
252 253 4
252 292 3
253 254 5
253 293 1
254 255 1
254 294 2
255 256 3
255 295 2
256 257 3
256 296 3
257 258 4
257 297 3
258 259 1
258 298 1
259 260 5
259 299 1
260 261 5
260 300 4
261 262 4
261 301 5
262 263 4
262 302 2
263 264 1
263 303 1
264 265 1
264 304 5
265 266 2
265 305 2
266 267 2
266 306 3
267 268 1
267 307 2
268 269 4
268 308 2
269 270 4
269 309 5
270 271 4
270 310 5
271 272 5
271 311 3
272 273 2
272 312 5
273 274 2
273 313 1
274 275 1
274 314 3
275 276 1
275 315 3
276 277 5
276 316 5
277 278 5
277 317 2
278 279 2
278 318 1
279 280 4
279 319 4
280 320 4
281 282 4
281 321 4
282 283 1
282 322 2
283 284 3
283 323 4
284 285 3
284 324 2
285 286 3
285 325 4
286 287 5
286 326 5
287 288 2
287 327 1
288 289 3
288 328 4
289 290 1
289 329 5
290 291 5
290 330 1
291 292 2
291 331 5
292 293 2
292 332 3
293 294 1
293 333 4
294 295 2
294 334 5
295 296 1
295 335 1
296 297 4
296 336 2
297 298 2
297 337 4
298 299 3
298 338 3
299 300 2
299 339 4
300 301 5
300 340 5
301 302 4
301 341 4
302 303 2
302 342 5
303 304 4
303 343 1
304 305 2
304 344 1
305 306 3
305 345 1
306 307 3
306 346 2
307 308 5
307 347 3
308 309 3
308 348 4
309 310 1
309 349 4
310 311 2
310 350 2
311 312 2
311 351 5
312 313 1
312 352 5
313 314 2
313 353 4
314 315 2
314 354 1
315 316 5
315 355 2
316 317 1
316 356 1
317 318 1
317 357 2
318 319 5
318 358 4
319 320 4
319 359 4
320 360 1
321 322 3
321 361 3
322 323 3
322 362 5
323 324 1
323 363 1
324 325 2
324 364 1
325 326 1
325 365 3
326 327 2
326 366 3
327 328 4
327 367 3
328 329 3
328 368 2
329 330 1
329 369 3
330 331 2
330 370 1
331 332 1
331 371 4
332 333 4
332 372 2
333 334 4
333 373 5
334 335 1
334 374 3
335 336 5
335 375 4
336 337 2
336 376 4
337 338 3
337 377 5
338 339 2
338 378 3
339 340 3
339 379 3
340 341 1
340 380 1
341 342 3
341 381 1
342 343 5
342 382 1
343 344 3
343 383 1
344 345 4
344 384 4
345 346 5
345 385 1
346 347 2
346 386 1
347 348 5
347 387 4
348 349 4
348 388 4
349 350 3
349 389 4
350 351 3
350 390 3
351 352 5
351 391 1
352 353 1
352 392 4
353 354 2
353 393 3
354 355 4
354 394 3
355 356 1
355 395 3
356 357 3
356 396 2
357 358 3
357 397 1
358 359 2
358 398 1
359 360 3
359 399 3
360 400 5
361 362 1
361 401 4
362 363 4
362 402 2
363 364 4
363 403 2
364 365 3
364 404 5
365 366 1
365 405 1
366 367 3
366 406 4
367 368 1
367 407 2
368 369 4
368 408 4
369 370 4
369 409 1
370 371 5
370 410 3
371 372 3
371 411 5
372 373 4
372 412 4
373 374 3
373 413 1
374 375 3
374 414 2
375 376 5
375 415 4
376 377 3
376 416 5
377 378 3
377 417 4
378 379 4
378 418 4
379 380 4
379 419 5
380 381 4
380 420 5
381 382 5
381 421 3
382 383 4
382 422 3
383 384 2
383 423 2
384 385 4
384 424 5
385 386 5
385 425 5
386 387 2
386 426 2
387 388 1
387 427 3
388 389 1
388 428 2
389 390 4
389 429 4
390 391 3
390 430 2
391 392 5
391 431 4
392 393 5
392 432 2
393 394 4
393 433 3
394 395 1
394 434 3
395 396 3
395 435 4
396 397 2
396 436 3
397 398 4
397 437 3
398 399 5
398 438 2
399 400 3
399 439 4
400 440 4
401 402 5
401 441 3
402 403 3
402 442 3
403 404 4
403 443 2
404 405 4
404 444 5
405 406 1
405 445 1
406 407 4
406 446 4
407 408 2
407 447 4
408 409 3
408 448 5
409 410 4
409 449 2
410 411 1
410 450 2
411 412 4
411 451 5
412 413 5
412 452 3
413 414 3
413 453 1
414 415 2
414 454 4
415 416 2
415 455 1
416 417 2
416 456 2
417 418 5
417 457 5
418 419 3
418 458 3
419 420 2
419 459 4
420 421 5
420 460 3
421 422 5
421 461 3
422 423 5
422 462 2
423 424 5
423 463 3
424 425 2
424 464 5
425 426 4
425 465 3
426 427 2
426 466 5
427 428 2
427 467 2
428 429 1
428 468 1
429 430 2
429 469 5
430 431 5
430 470 2
431 432 1
431 471 3
432 433 4
432 472 1
433 434 1
433 473 3
434 435 1
434 474 2
435 436 4
435 475 2
436 437 1
436 476 4
437 438 1
437 477 4
438 439 1
438 478 1
439 440 3
439 479 4
440 480 1
441 442 3
441 481 5
442 443 3
442 482 1
443 444 1
443 483 5
444 445 4
444 484 3
445 446 3
445 485 1
446 447 1
446 486 4
447 448 4
447 487 3
448 449 5
448 488 4
449 450 2
449 489 4
450 451 5
450 490 2
451 452 2
451 491 4
452 453 4
452 492 2
453 454 4
453 493 1
454 455 3
454 494 4
455 456 1
455 495 5
456 457 3
456 496 1
457 458 3
457 497 3
458 459 1
458 498 2
459 460 5
459 499 1
460 461 2
460 500 4
461 462 3
461 501 3
462 463 3
462 502 1
463 464 5
463 503 2
464 465 3
464 504 3
465 466 1
465 505 5
466 467 4
466 506 5
467 468 1
467 507 2
468 469 5
468 508 3
469 470 4
469 509 4
470 471 1
470 510 3
471 472 2
471 511 5
472 473 2
472 512 5
473 474 3
473 513 1
474 475 4
474 514 4
475 476 3
475 515 1
476 477 4
476 516 1
477 478 4
477 517 5
478 479 2
478 518 3
479 480 2
479 519 3
480 520 1
481 482 3
481 521 5
482 483 5
482 522 3
483 484 5
483 523 2
484 485 4
484 524 1
485 486 1
485 525 5
486 487 5
486 526 4
487 488 2
487 527 4
488 489 5
488 528 4
489 490 5
489 529 3
490 491 3
490 530 2
491 492 4
491 531 5
492 493 3
492 532 5
493 494 4
493 533 2
494 495 1
494 534 1
495 496 5
495 535 2
496 497 3
496 536 5
497 498 5
497 537 3
498 499 5
498 538 2
499 500 1
499 539 3
500 501 1
500 540 5
501 502 1
501 541 1
502 503 3
502 542 4
503 504 4
503 543 4
504 505 3
504 544 4
505 506 4
505 545 3
506 507 4
506 546 1
507 508 5
507 547 2
508 509 5
508 548 1
509 510 5
509 549 4
510 511 3
510 550 1
511 512 3
511 551 1
512 513 3
512 552 1
513 514 3
513 553 5
514 515 2
514 554 1
515 516 2
515 555 2
516 517 1
516 556 1
517 518 3
517 557 5
518 519 2
518 558 4
519 520 5
519 559 3
520 560 4
521 522 3
521 561 5
522 523 2
522 562 2
523 524 2
523 563 4
524 525 2
524 564 1
525 526 5
525 565 5
526 527 4
526 566 3
527 528 3
527 567 4
528 529 5
528 568 2
529 530 3
529 569 1
530 531 5
530 570 3
531 532 3
531 571 1
532 533 5
532 572 4
533 534 1
533 573 5
534 535 4
534 574 1
535 536 2
535 575 1
536 537 4
536 576 2
537 538 2
537 577 1
538 539 3
538 578 5
539 540 5
539 579 1
540 541 4
540 580 3
541 542 2
541 581 3
542 543 5
542 582 1
543 544 2
543 583 1
544 545 5
544 584 4
545 546 2
545 585 5
546 547 1
546 586 1
547 548 1
547 587 4
548 549 5
548 588 4
549 550 1
549 589 3
550 551 3
550 590 3
551 552 5
551 591 1
552 553 3
552 592 5
553 554 5
553 593 5
554 555 1
554 594 3
555 556 4
555 595 2
556 557 3
556 596 3
557 558 3
557 597 3
558 559 4
558 598 3
559 560 2
559 599 2
560 600 2
561 562 1
561 601 3
562 563 5
562 602 4
563 564 2
563 603 5
564 565 4
564 604 1
565 566 1
565 605 4
566 567 1
566 606 2
567 568 1
567 607 5
568 569 1
568 608 1
569 570 2
569 609 4
570 571 3
570 610 1
571 572 2
571 611 3
572 573 1
572 612 5
573 574 5
573 613 5
574 575 4
574 614 1
575 576 3
575 615 4
576 577 4
576 616 4
577 578 1
577 617 2
578 579 3
578 618 4
579 580 2
579 619 4
580 581 5
580 620 4
581 582 1
581 621 4
582 583 4
582 622 4
583 584 4
583 623 1
584 585 1
584 624 5
585 586 4
585 625 2
586 587 2
586 626 3
587 588 3
587 627 1
588 589 4
588 628 5
589 590 5
589 629 1
590 591 4
590 630 2
591 592 2
591 631 1
592 593 5
592 632 1
593 594 3
593 633 2
594 595 5
594 634 1
595 596 1
595 635 1
596 597 1
596 636 4
597 598 2
597 637 3
598 599 3
598 638 3
599 600 2
599 639 1
600 640 2
601 602 3
601 641 2
602 603 1
602 642 3
603 604 1
603 643 1
604 605 1
604 644 3
605 606 2
605 645 4
606 607 5
606 646 4
607 608 3
607 647 3
608 609 1
608 648 4
609 610 5
609 649 2
610 611 4
610 650 5
611 612 4
611 651 1
612 613 2
612 652 5
613 614 4
613 653 2
614 615 5
614 654 3
615 616 2
615 655 1
616 617 2
616 656 4
617 618 2
617 657 2
618 619 2
618 658 3
619 620 3
619 659 1
620 621 1
620 660 1
621 622 1
621 661 1
622 623 4
622 662 3
623 624 1
623 663 1
624 625 5
624 664 5
625 626 4
625 665 4
626 627 1
626 666 4
627 628 1
627 667 2
628 629 3
628 668 4
629 630 5
629 669 5
630 631 4
630 670 2
631 632 4
631 671 5
632 633 1
632 672 1
633 634 1
633 673 2
634 635 5
634 674 1
635 636 4
635 675 5
636 637 5
636 676 4
637 638 2
637 677 2
638 639 1
638 678 5
639 640 3
639 679 2
640 680 2
641 642 2
641 681 5
642 643 1
642 682 3
643 644 1
643 683 4
644 645 1
644 684 4
645 646 4
645 685 4
646 647 2
646 686 3
647 648 3
647 687 5
648 649 1
648 688 4
649 650 4
649 689 1
650 651 5
650 690 4
651 652 5
651 691 3
652 653 5
652 692 5
653 654 4
653 693 3
654 655 3
654 694 2
655 656 1
655 695 4
656 657 4
656 696 3
657 658 5
657 697 2
658 659 1
658 698 3
659 660 5
659 699 2
660 661 4
660 700 3
661 662 3
661 701 4
662 663 2
662 702 4
663 664 1
663 703 3
664 665 3
664 704 1
665 666 2
665 705 1
666 667 2
666 706 1
667 668 2
667 707 5
668 669 2
668 708 1
669 670 4
669 709 4
670 671 3
670 710 5
671 672 1
671 711 5
672 673 1
672 712 2
673 674 2
673 713 3
674 675 1
674 714 5
675 676 3
675 715 4
676 677 4
676 716 4
677 678 4
677 717 2
678 679 4
678 718 3
679 680 5
679 719 1
680 720 5
681 682 3
681 721 4
682 683 3
682 722 5
683 684 2
683 723 2
684 685 4
684 724 4
685 686 5
685 725 3
686 687 2
686 726 2
687 688 4
687 727 3
688 689 2
688 728 2
689 690 2
689 729 4
690 691 3
690 730 3
691 692 3
691 731 1
692 693 1
692 732 5
693 694 1
693 733 5
694 695 4
694 734 5
695 696 2
695 735 5
696 697 4
696 736 3
697 698 5
697 737 2
698 699 2
698 738 5
699 700 5
699 739 4
700 701 5
700 740 3
701 702 5
701 741 5
702 703 2
702 742 3
703 704 1
703 743 2
704 705 4
704 744 4
705 706 3
705 745 2
706 707 2
706 746 2
707 708 1
707 747 5
708 709 1
708 748 3
709 710 2
709 749 1
710 711 1
710 750 5
711 712 5
711 751 2
712 713 1
712 752 2
713 714 3
713 753 4
714 715 2
714 754 1
715 716 5
715 755 4
716 717 5
716 756 1
717 718 4
717 757 2
718 719 4
718 758 1
719 720 3
719 759 5
720 760 4
721 722 2
721 761 5
722 723 2
722 762 1
723 724 2
723 763 3
724 725 3
724 764 3
725 726 5
725 765 4
726 727 1
726 766 2
727 728 1
727 767 5
728 729 2
728 768 4
729 730 5
729 769 4
730 731 4
730 770 3
731 732 5
731 771 2
732 733 5
732 772 2
733 734 5
733 773 2
734 735 1
734 774 1
735 736 3
735 775 5
736 737 4
736 776 3
737 738 2
737 777 2
738 739 4
738 778 5
739 740 5
739 779 3
740 741 5
740 780 5
741 742 5
741 781 4
742 743 5
742 782 5
743 744 1
743 783 3
744 745 4
744 784 4
745 746 5
745 785 5
746 747 5
746 786 2
747 748 3
747 787 3
748 749 3
748 788 4
749 750 2
749 789 1
750 751 5
750 790 2
751 752 5
751 791 2
752 753 3
752 792 3
753 754 1
753 793 1
754 755 3
754 794 5
755 756 5
755 795 2
756 757 3
756 796 1
757 758 2
757 797 3
758 759 5
758 798 4
759 760 1
759 799 1
760 800 1
761 762 4
761 801 4
762 763 4
762 802 1
763 764 1
763 803 5
764 765 2
764 804 4
765 766 3
765 805 5
766 767 3
766 806 1
767 768 4
767 807 5
768 769 3
768 808 5
769 770 5
769 809 2
770 771 5
770 810 2
771 772 4
771 811 5
772 773 4
772 812 4
773 774 2
773 813 3
774 775 2
774 814 5
775 776 4
775 815 3
776 777 2
776 816 1
777 778 2
777 817 1
778 779 4
778 818 3
779 780 1
779 819 3
780 781 1
780 820 1
781 782 4
781 821 4
782 783 3
782 822 5
783 784 2
783 823 1
784 785 5
784 824 5
785 786 4
785 825 5
786 787 3
786 826 5
787 788 4
787 827 5
788 789 2
788 828 1
789 790 3
789 829 5
790 791 1
790 830 5
791 792 4
791 831 4
792 793 5
792 832 2
793 794 3
793 833 5
794 795 5
794 834 5
795 796 2
795 835 5
796 797 5
796 836 4
797 798 5
797 837 4
798 799 4
798 838 3
799 800 3
799 839 4
800 840 2
801 802 1
801 841 1
802 803 1
802 842 5
803 804 4
803 843 3
804 805 1
804 844 5
805 806 5
805 845 3
806 807 2
806 846 5
807 808 4
807 847 1
808 809 5
808 848 3
809 810 5
809 849 2
810 811 5
810 850 4
811 812 3
811 851 2
812 813 4
812 852 3
813 814 3
813 853 4
814 815 3
814 854 1
815 816 4
815 855 5
816 817 3
816 856 4
817 818 2
817 857 2
818 819 2
818 858 5
819 820 2
819 859 5
820 821 1
820 860 3
821 822 4
821 861 4
822 823 1
822 862 3
823 824 3
823 863 4
824 825 2
824 864 4
825 826 1
825 865 4
826 827 4
826 866 5
827 828 5
827 867 5
828 829 1
828 868 4
829 830 2
829 869 3
830 831 1
830 870 1
831 832 5
831 871 3
832 833 1
832 872 1
833 834 3
833 873 3
834 835 4
834 874 1
835 836 3
835 875 4
836 837 4
836 876 4
837 838 4
837 877 1
838 839 5
838 878 3
839 840 5
839 879 1
840 880 3
841 842 4
841 881 4
842 843 5
842 882 2
843 844 2
843 883 1
844 845 4
844 884 2
845 846 2
845 885 2
846 847 1
846 886 5
847 848 4
847 887 1
848 849 3
848 888 2
849 850 4
849 889 2
850 851 5
850 890 3
851 852 2
851 891 3
852 853 4
852 892 3
853 854 4
853 893 1
854 855 1
854 894 5
855 856 3
855 895 1
856 857 5
856 896 3
857 858 2
857 897 3
858 859 5
858 898 5
859 860 1
859 899 1
860 861 5
860 900 3
861 862 3
861 901 2
862 863 4
862 902 3
863 864 2
863 903 4
864 865 1
864 904 1
865 866 4
865 905 1
866 867 3
866 906 5
867 868 2
867 907 1
868 869 4
868 908 5
869 870 5
869 909 5
870 871 1
870 910 1
871 872 4
871 911 4
872 873 3
872 912 3
873 874 5
873 913 2
874 875 3
874 914 5
875 876 1
875 915 2
876 877 5
876 916 1
877 878 2
877 917 2
878 879 1
878 918 5
879 880 4
879 919 2
880 920 2
881 882 5
881 921 1
882 883 2
882 922 4
883 884 5
883 923 2
884 885 3
884 924 2
885 886 4
885 925 3
886 887 1
886 926 5
887 888 5
887 927 5
888 889 5
888 928 3
889 890 1
889 929 2
890 891 1
890 930 1
891 892 1
891 931 3
892 893 5
892 932 5
893 894 2
893 933 3
894 895 3
894 934 5
895 896 4
895 935 4
896 897 2
896 936 5
897 898 1
897 937 5
898 899 4
898 938 2
899 900 5
899 939 4
900 901 5
900 940 3
901 902 2
901 941 4
902 903 2
902 942 4
903 904 4
903 943 5
904 905 1
904 944 5
905 906 1
905 945 4
906 907 5
906 946 4
907 908 2
907 947 3
908 909 1
908 948 2
909 910 2
909 949 4
910 911 4
910 950 5
911 912 3
911 951 2
912 913 2
912 952 5
913 914 4
913 953 1
914 915 1
914 954 3
915 916 5
915 955 3
916 917 5
916 956 2
917 918 4
917 957 3
918 919 5
918 958 4
919 920 3
919 959 2
920 960 5
921 922 2
921 961 3
922 923 2
922 962 2
923 924 4
923 963 1
924 925 4
924 964 5
925 926 2
925 965 2
926 927 5
926 966 5
927 928 3
927 967 4
928 929 4
928 968 1
929 930 5
929 969 5
930 931 1
930 970 4
931 932 1
931 971 5
932 933 3
932 972 4
933 934 2
933 973 5
934 935 3
934 974 2
935 936 1
935 975 2
936 937 4
936 976 4
937 938 2
937 977 1
938 939 2
938 978 5
939 940 5
939 979 1
940 941 3
940 980 5
941 942 5
941 981 4
942 943 1
942 982 4
943 944 4
943 983 4
944 945 3
944 984 1
945 946 5
945 985 2
946 947 1
946 986 2
947 948 5
947 987 2
948 949 3
948 988 1
949 950 1
949 989 1
950 951 1
950 990 1
951 952 1
951 991 4
952 953 3
952 992 5
953 954 2
953 993 2
954 955 1
954 994 3
955 956 1
955 995 2
956 957 4
956 996 4
957 958 5
957 997 4
958 959 5
958 998 3
959 960 2
959 999 4
960 1000 3
961 962 5
961 1001 4
962 963 5
962 1002 1
963 964 1
963 1003 4
964 965 2
964 1004 4
965 966 2
965 1005 5
966 967 1
966 1006 3
967 968 1
967 1007 5
968 969 5
968 1008 2
969 970 2
969 1009 5
970 971 1
970 1010 4
971 972 3
971 1011 3
972 973 5
972 1012 5
973 974 4
973 1013 5
974 975 2
974 1014 3
975 976 1
975 1015 5
976 977 4
976 1016 2
977 978 4
977 1017 1
978 979 3
978 1018 1
979 980 4
979 1019 2
980 981 4
980 1020 5
981 982 4
981 1021 4
982 983 5
982 1022 5
983 984 2
983 1023 4
984 985 5
984 1024 1
985 986 2
985 1025 5
986 987 5
986 1026 3
987 988 4
987 1027 1
988 989 1
988 1028 1
989 990 4
989 1029 4
990 991 2
990 1030 1
991 992 1
991 1031 2
992 993 4
992 1032 4
993 994 4
993 1033 1
994 995 3
994 1034 4
995 996 4
995 1035 4
996 997 2
996 1036 5
997 998 3
997 1037 4
998 999 3
998 1038 5
999 1000 4
999 1039 4
1000 1040 5
1001 1002 4
1001 1041 4
1002 1003 2
1002 1042 2
1003 1004 1
1003 1043 1
1004 1005 1
1004 1044 2
1005 1006 2
1005 1045 2
1006 1007 2
1006 1046 5
1007 1008 1
1007 1047 5
1008 1009 3
1008 1048 3
1009 1010 3
1009 1049 5
1010 1011 4
1010 1050 2
1011 1012 5
1011 1051 4
1012 1013 3
1012 1052 3
1013 1014 5
1013 1053 5
1014 1015 5
1014 1054 1
1015 1016 3
1015 1055 1
1016 1017 2
1016 1056 3
1017 1018 2
1017 1057 3
1018 1019 5
1018 1058 2
1019 1020 1
1019 1059 2
1020 1021 5
1020 1060 4
1021 1022 3
1021 1061 2
1022 1023 2
1022 1062 4
1023 1024 1
1023 1063 2
1024 1025 3
1024 1064 3
1025 1026 5
1025 1065 4
1026 1027 3
1026 1066 2
1027 1028 2
1027 1067 2
1028 1029 5
1028 1068 4
1029 1030 5
1029 1069 2
1030 1031 4
1030 1070 2
1031 1032 2
1031 1071 4
1032 1033 5
1032 1072 3
1033 1034 5
1033 1073 1
1034 1035 5
1034 1074 2
1035 1036 5
1035 1075 2
1036 1037 2
1036 1076 3
1037 1038 3
1037 1077 1
1038 1039 1
1038 1078 5
1039 1040 4
1039 1079 3
1040 1080 1
1041 1042 4
1041 1081 5
1042 1043 2
1042 1082 3
1043 1044 2
1043 1083 2
1044 1045 4
1044 1084 2
1045 1046 4
1045 1085 2
1046 1047 2
1046 1086 2
1047 1048 2
1047 1087 1
1048 1049 5
1048 1088 4
1049 1050 4
1049 1089 3
1050 1051 4
1050 1090 4
1051 1052 2
1051 1091 4
1052 1053 1
1052 1092 1
1053 1054 2
1053 1093 2
1054 1055 2
1054 1094 5
1055 1056 5
1055 1095 5
1056 1057 2
1056 1096 4
1057 1058 4
1057 1097 4
1058 1059 4
1058 1098 4
1059 1060 4
1059 1099 5
1060 1061 2
1060 1100 4
1061 1062 4
1061 1101 1
1062 1063 5
1062 1102 1
1063 1064 3
1063 1103 5
1064 1065 3
1064 1104 4
1065 1066 5
1065 1105 3
1066 1067 4
1066 1106 4
1067 1068 1
1067 1107 3
1068 1069 4
1068 1108 1
1069 1070 5
1069 1109 5
1070 1071 1
1070 1110 5
1071 1072 2
1071 1111 2
1072 1073 4
1072 1112 3
1073 1074 5
1073 1113 3
1074 1075 3
1074 1114 1
1075 1076 2
1075 1115 4
1076 1077 2
1076 1116 3
1077 1078 1
1077 1117 2
1078 1079 3
1078 1118 5
1079 1080 2
1079 1119 4
1080 1120 4
1081 1082 5
1081 1121 3
1082 1083 1
1082 1122 5
1083 1084 1
1083 1123 5
1084 1085 1
1084 1124 4
1085 1086 3
1085 1125 4
1086 1087 3
1086 1126 5
1087 1088 5
1087 1127 4
1088 1089 2
1088 1128 4
1089 1090 4
1089 1129 1
1090 1091 2
1090 1130 5
1091 1092 4
1091 1131 3
1092 1093 3
1092 1132 1
1093 1094 5
1093 1133 4
1094 1095 2
1094 1134 5
1095 1096 3
1095 1135 3
1096 1097 4
1096 1136 3
1097 1098 2
1097 1137 5
1098 1099 5
1098 1138 2
1099 1100 2
1099 1139 1
1100 1101 4
1100 1140 4
1101 1102 3
1101 1141 5
1102 1103 1
1102 1142 3
1103 1104 3
1103 1143 5
1104 1105 4
1104 1144 2
1105 1106 1
1105 1145 5
1106 1107 2
1106 1146 1
1107 1108 1
1107 1147 4
1108 1109 3
1108 1148 1
1109 1110 4
1109 1149 3
1110 1111 5
1110 1150 5
1111 1112 3
1111 1151 5
1112 1113 2
1112 1152 1
1113 1114 5
1113 1153 3
1114 1115 4
1114 1154 1
1115 1116 3
1115 1155 1
1116 1117 2
1116 1156 4
1117 1118 5
1117 1157 4
1118 1119 5
1118 1158 5
1119 1120 5
1119 1159 5
1120 1160 1
1121 1122 2
1121 1161 5
1122 1123 5
1122 1162 3
1123 1124 1
1123 1163 5
1124 1125 5
1124 1164 3
1125 1126 3
1125 1165 3
1126 1127 5
1126 1166 1
1127 1128 5
1127 1167 4
1128 1129 4
1128 1168 4
1129 1130 2
1129 1169 1
1130 1131 3
1130 1170 4
1131 1132 3
1131 1171 1
1132 1133 1
1132 1172 3
1133 1134 1
1133 1173 1
1134 1135 3
1134 1174 3
1135 1136 5
1135 1175 2
1136 1137 5
1136 1176 1
1137 1138 1
1137 1177 5
1138 1139 1
1138 1178 3
1139 1140 5
1139 1179 1
1140 1141 4
1140 1180 2
1141 1142 4
1141 1181 2
1142 1143 3
1142 1182 1
1143 1144 3
1143 1183 3
1144 1145 2
1144 1184 4
1145 1146 1
1145 1185 4
1146 1147 2
1146 1186 4
1147 1148 3
1147 1187 5
1148 1149 3
1148 1188 1
1149 1150 5
1149 1189 4
1150 1151 1
1150 1190 3
1151 1152 4
1151 1191 4
1152 1153 5
1152 1192 1
1153 1154 3
1153 1193 4
1154 1155 4
1154 1194 2
1155 1156 2
1155 1195 1
1156 1157 5
1156 1196 1
1157 1158 4
1157 1197 4
1158 1159 5
1158 1198 2
1159 1160 2
1159 1199 1
1160 1200 3
1161 1162 2
1161 1201 2
1162 1163 5
1162 1202 5
1163 1164 5
1163 1203 4
1164 1165 5
1164 1204 5
1165 1166 1
1165 1205 3
1166 1167 2
1166 1206 3
1167 1168 3
1167 1207 2
1168 1169 3
1168 1208 1
1169 1170 2
1169 1209 1
1170 1171 3
1170 1210 2
1171 1172 5
1171 1211 4
1172 1173 4
1172 1212 1
1173 1174 4
1173 1213 3
1174 1175 1
1174 1214 3
1175 1176 4
1175 1215 1
1176 1177 5
1176 1216 3
1177 1178 1
1177 1217 1
1178 1179 2
1178 1218 4
1179 1180 3
1179 1219 3
1180 1181 1
1180 1220 4
1181 1182 2
1181 1221 1
1182 1183 1
1182 1222 4
1183 1184 1
1183 1223 4
1184 1185 5
1184 1224 5
1185 1186 5
1185 1225 4
1186 1187 4
1186 1226 1
1187 1188 3
1187 1227 2
1188 1189 1
1188 1228 1
1189 1190 2
1189 1229 1
1190 1191 5
1190 1230 5
1191 1192 3
1191 1231 2
1192 1193 5
1192 1232 1
1193 1194 4
1193 1233 1
1194 1195 3
1194 1234 1
1195 1196 3
1195 1235 2
1196 1197 4
1196 1236 1
1197 1198 3
1197 1237 4
1198 1199 4
1198 1238 4
1199 1200 1
1199 1239 3
1200 1240 1
1201 1202 4
1201 1241 1
1202 1203 1
1202 1242 2
1203 1204 3
1203 1243 1
1204 1205 2
1204 1244 2
1205 1206 3
1205 1245 5
1206 1207 5
1206 1246 4
1207 1208 3
1207 1247 3
1208 1209 1
1208 1248 1
1209 1210 4
1209 1249 1
1210 1211 4
1210 1250 1
1211 1212 5
1211 1251 4
1212 1213 1
1212 1252 5
1213 1214 2
1213 1253 4
1214 1215 3
1214 1254 2
1215 1216 1
1215 1255 5
1216 1217 2
1216 1256 4
1217 1218 3
1217 1257 3
1218 1219 1
1218 1258 1
1219 1220 1
1219 1259 5
1220 1221 3
1220 1260 3
1221 1222 5
1221 1261 5
1222 1223 5
1222 1262 5
1223 1224 4
1223 1263 5
1224 1225 2
1224 1264 1
1225 1226 2
1225 1265 5
1226 1227 5
1226 1266 4
1227 1228 1
1227 1267 3
1228 1229 5
1228 1268 2
1229 1230 4
1229 1269 4
1230 1231 4
1230 1270 4
1231 1232 2
1231 1271 1
1232 1233 3
1232 1272 4
1233 1234 4
1233 1273 5
1234 1235 5
1234 1274 5
1235 1236 3
1235 1275 4
1236 1237 2
1236 1276 3
1237 1238 3
1237 1277 5
1238 1239 4
1238 1278 3
1239 1240 4
1239 1279 2
1240 1280 4
1241 1242 2
1241 1281 5
1242 1243 1
1242 1282 1
1243 1244 5
1243 1283 4
1244 1245 3
1244 1284 3
1245 1246 1
1245 1285 2
1246 1247 1
1246 1286 2
1247 1248 5
1247 1287 1
1248 1249 5
1248 1288 1
1249 1250 4
1249 1289 4
1250 1251 2
1250 1290 4
1251 1252 3
1251 1291 3
1252 1253 5
1252 1292 5
1253 1254 4
1253 1293 4
1254 1255 3
1254 1294 2
1255 1256 1
1255 1295 3
1256 1257 1
1256 1296 5
1257 1258 1
1257 1297 1
1258 1259 1
1258 1298 3
1259 1260 3
1259 1299 1
1260 1261 5
1260 1300 3
1261 1262 1
1261 1301 3
1262 1263 3
1262 1302 2
1263 1264 2
1263 1303 4
1264 1265 2
1264 1304 3
1265 1266 2
1265 1305 1
1266 1267 5
1266 1306 1
1267 1268 5
1267 1307 5
1268 1269 5
1268 1308 4
1269 1270 3
1269 1309 2
1270 1271 5
1270 1310 2
1271 1272 1
1271 1311 4
1272 1273 4
1272 1312 4
1273 1274 1
1273 1313 5
1274 1275 1
1274 1314 3
1275 1276 3
1275 1315 3
1276 1277 5
1276 1316 3
1277 1278 5
1277 1317 2
1278 1279 4
1278 1318 4
1279 1280 5
1279 1319 2
1280 1320 1
1281 1282 1
1281 1321 2
1282 1283 1
1282 1322 4
1283 1284 4
1283 1323 1
1284 1285 4
1284 1324 4
1285 1286 1
1285 1325 4
1286 1287 4
1286 1326 1
1287 1288 5
1287 1327 1
1288 1289 4
1288 1328 5
1289 1290 1
1289 1329 3
1290 1291 5
1290 1330 5
1291 1292 2
1291 1331 5
1292 1293 1
1292 1332 2
1293 1294 2
1293 1333 4
1294 1295 4
1294 1334 1
1295 1296 2
1295 1335 1
1296 1297 4
1296 1336 1
1297 1298 5
1297 1337 2
1298 1299 1
1298 1338 1
1299 1300 4
1299 1339 3
1300 1301 3
1300 1340 3
1301 1302 4
1301 1341 3
1302 1303 1
1302 1342 5
1303 1304 2
1303 1343 1
1304 1305 2
1304 1344 4
1305 1306 4
1305 1345 3
1306 1307 2
1306 1346 4
1307 1308 2
1307 1347 4
1308 1309 2
1308 1348 3
1309 1310 2
1309 1349 5
1310 1311 3
1310 1350 1
1311 1312 1
1311 1351 4
1312 1313 1
1312 1352 2
1313 1314 5
1313 1353 3
1314 1315 4
1314 1354 5
1315 1316 2
1315 1355 5
1316 1317 1
1316 1356 1
1317 1318 2
1317 1357 1
1318 1319 2
1318 1358 3
1319 1320 1
1319 1359 5
1320 1360 5
1321 1322 4
1321 1361 2
1322 1323 3
1322 1362 4
1323 1324 5
1323 1363 5
1324 1325 2
1324 1364 1
1325 1326 5
1325 1365 5
1326 1327 3
1326 1366 1
1327 1328 4
1327 1367 5
1328 1329 4
1328 1368 4
1329 1330 4
1329 1369 5
1330 1331 2
1330 1370 1
1331 1332 2
1331 1371 1
1332 1333 5
1332 1372 2
1333 1334 4
1333 1373 2
1334 1335 5
1334 1374 2
1335 1336 2
1335 1375 3
1336 1337 4
1336 1376 1
1337 1338 4
1337 1377 2
1338 1339 1
1338 1378 3
1339 1340 3
1339 1379 5
1340 1341 4
1340 1380 2
1341 1342 4
1341 1381 4
1342 1343 2
1342 1382 2
1343 1344 3
1343 1383 2
1344 1345 3
1344 1384 5
1345 1346 3
1345 1385 1
1346 1347 3
1346 1386 1
1347 1348 5
1347 1387 4
1348 1349 3
1348 1388 3
1349 1350 5
1349 1389 2
1350 1351 1
1350 1390 2
1351 1352 3
1351 1391 2
1352 1353 5
1352 1392 2
1353 1354 3
1353 1393 1
1354 1355 4
1354 1394 2
1355 1356 1
1355 1395 5
1356 1357 5
1356 1396 5
1357 1358 4
1357 1397 1
1358 1359 4
1358 1398 3
1359 1360 2
1359 1399 4
1360 1400 2
1361 1362 2
1361 1401 2
1362 1363 1
1362 1402 4
1363 1364 3
1363 1403 4
1364 1365 3
1364 1404 3
1365 1366 4
1365 1405 2
1366 1367 2
1366 1406 4
1367 1368 4
1367 1407 5
1368 1369 2
1368 1408 4
1369 1370 4
1369 1409 4
1370 1371 5
1370 1410 1
1371 1372 4
1371 1411 5
1372 1373 5
1372 1412 3
1373 1374 1
1373 1413 4
1374 1375 4
1374 1414 1
1375 1376 4
1375 1415 4
1376 1377 4
1376 1416 5
1377 1378 2
1377 1417 2
1378 1379 5
1378 1418 3
1379 1380 3
1379 1419 4
1380 1381 1
1380 1420 5
1381 1382 1
1381 1421 5
1382 1383 4
1382 1422 1
1383 1384 3
1383 1423 5
1384 1385 2
1384 1424 4
1385 1386 4
1385 1425 4
1386 1387 2
1386 1426 1
1387 1388 1
1387 1427 4
1388 1389 3
1388 1428 1
1389 1390 3
1389 1429 5
1390 1391 2
1390 1430 3
1391 1392 5
1391 1431 5
1392 1393 5
1392 1432 1
1393 1394 4
1393 1433 3
1394 1395 5
1394 1434 1
1395 1396 3
1395 1435 4
1396 1397 4
1396 1436 4
1397 1398 3
1397 1437 3
1398 1399 5
1398 1438 2
1399 1400 4
1399 1439 2
1400 1440 1
1401 1402 4
1401 1441 5
1402 1403 1
1402 1442 2
1403 1404 2
1403 1443 4
1404 1405 3
1404 1444 3
1405 1406 3
1405 1445 3
1406 1407 1
1406 1446 4
1407 1408 4
1407 1447 4
1408 1409 3
1408 1448 1
1409 1410 2
1409 1449 3
1410 1411 3
1410 1450 5
1411 1412 5
1411 1451 5
1412 1413 4
1412 1452 4
1413 1414 2
1413 1453 5
1414 1415 3
1414 1454 5
1415 1416 1
1415 1455 2
1416 1417 4
1416 1456 2
1417 1418 5
1417 1457 2
1418 1419 2
1418 1458 5
1419 1420 5
1419 1459 5
1420 1421 3
1420 1460 5
1421 1422 1
1421 1461 5
1422 1423 4
1422 1462 5
1423 1424 4
1423 1463 4
1424 1425 5
1424 1464 5
1425 1426 1
1425 1465 2
1426 1427 4
1426 1466 3
1427 1428 1
1427 1467 1
1428 1429 3
1428 1468 3
1429 1430 5
1429 1469 2
1430 1431 4
1430 1470 5
1431 1432 5
1431 1471 1
1432 1433 4
1432 1472 3
1433 1434 2
1433 1473 5
1434 1435 2
1434 1474 5
1435 1436 5
1435 1475 4
1436 1437 5
1436 1476 4
1437 1438 2
1437 1477 1
1438 1439 2
1438 1478 5
1439 1440 5
1439 1479 1
1440 1480 4
1441 1442 1
1441 1481 3
1442 1443 1
1442 1482 3
1443 1444 1
1443 1483 4
1444 1445 2
1444 1484 3
1445 1446 4
1445 1485 4
1446 1447 4
1446 1486 4
1447 1448 2
1447 1487 2
1448 1449 4
1448 1488 4
1449 1450 4
1449 1489 5
1450 1451 1
1450 1490 4
1451 1452 3
1451 1491 4
1452 1453 3
1452 1492 3
1453 1454 3
1453 1493 2
1454 1455 5
1454 1494 3
1455 1456 2
1455 1495 5
1456 1457 4
1456 1496 4
1457 1458 3
1457 1497 4
1458 1459 4
1458 1498 1
1459 1460 1
1459 1499 5
1460 1461 3
1460 1500 3
1461 1462 4
1461 1501 3
1462 1463 2
1462 1502 2
1463 1464 4
1463 1503 1
1464 1465 2
1464 1504 5
1465 1466 5
1465 1505 3
1466 1467 3
1466 1506 5
1467 1468 1
1467 1507 4
1468 1469 3
1468 1508 4
1469 1470 4
1469 1509 2
1470 1471 5
1470 1510 2
1471 1472 3
1471 1511 3
1472 1473 1
1472 1512 3
1473 1474 2
1473 1513 1
1474 1475 3
1474 1514 1
1475 1476 5
1475 1515 4
1476 1477 5
1476 1516 5
1477 1478 4
1477 1517 5
1478 1479 2
1478 1518 2
1479 1480 4
1479 1519 5
1480 1520 2
1481 1482 2
1481 1521 2
1482 1483 3
1482 1522 1
1483 1484 2
1483 1523 2
1484 1485 3
1484 1524 1
1485 1486 5
1485 1525 5
1486 1487 2
1486 1526 4
1487 1488 4
1487 1527 3
1488 1489 2
1488 1528 3
1489 1490 3
1489 1529 5
1490 1491 1
1490 1530 4
1491 1492 2
1491 1531 3
1492 1493 5
1492 1532 3
1493 1494 4
1493 1533 4
1494 1495 3
1494 1534 5
1495 1496 5
1495 1535 2
1496 1497 1
1496 1536 1
1497 1498 3
1497 1537 4
1498 1499 5
1498 1538 4
1499 1500 1
1499 1539 4
1500 1501 4
1500 1540 5
1501 1502 4
1501 1541 2
1502 1503 1
1502 1542 1
1503 1504 3
1503 1543 1
1504 1505 3
1504 1544 5
1505 1506 4
1505 1545 4
1506 1507 1
1506 1546 3
1507 1508 5
1507 1547 3
1508 1509 3
1508 1548 2
1509 1510 5
1509 1549 2
1510 1511 2
1510 1550 4
1511 1512 1
1511 1551 2
1512 1513 2
1512 1552 3
1513 1514 2
1513 1553 3
1514 1515 1
1514 1554 1
1515 1516 2
1515 1555 4
1516 1517 2
1516 1556 4
1517 1518 1
1517 1557 1
1518 1519 4
1518 1558 2
1519 1520 4
1519 1559 2
1520 1560 2
1521 1522 4
1521 1561 3
1522 1523 2
1522 1562 2
1523 1524 1
1523 1563 1
1524 1525 2
1524 1564 3
1525 1526 2
1525 1565 2
1526 1527 3
1526 1566 4
1527 1528 5
1527 1567 2
1528 1529 1
1528 1568 1
1529 1530 5
1529 1569 5
1530 1531 1
1530 1570 1
1531 1532 5
1531 1571 1
1532 1533 1
1532 1572 3
1533 1534 5
1533 1573 3
1534 1535 1
1534 1574 4
1535 1536 3
1535 1575 4
1536 1537 1
1536 1576 4
1537 1538 3
1537 1577 5
1538 1539 5
1538 1578 2
1539 1540 4
1539 1579 1
1540 1541 1
1540 1580 3
1541 1542 5
1541 1581 2
1542 1543 1
1542 1582 2
1543 1544 5
1543 1583 3
1544 1545 5
1544 1584 5
1545 1546 1
1545 1585 2
1546 1547 1
1546 1586 2
1547 1548 3
1547 1587 5
1548 1549 1
1548 1588 3
1549 1550 3
1549 1589 3
1550 1551 2
1550 1590 1
1551 1552 2
1551 1591 4
1552 1553 4
1552 1592 1
1553 1554 4
1553 1593 5
1554 1555 4
1554 1594 1
1555 1556 5
1555 1595 3
1556 1557 2
1556 1596 3
1557 1558 2
1557 1597 5
1558 1559 1
1558 1598 5
1559 1560 5
1559 1599 3
1560 1600 3
1561 1562 1
1562 1563 3
1563 1564 2
1564 1565 3
1565 1566 3
1566 1567 5
1567 1568 4
1568 1569 5
1569 1570 5
1570 1571 5
1571 1572 5
1572 1573 3
1573 1574 1
1574 1575 4
1575 1576 5
1576 1577 3
1577 1578 5
1578 1579 4
1579 1580 5
1580 1581 4
1581 1582 2
1582 1583 4
1583 1584 1
1584 1585 2
1585 1586 5
1586 1587 4
1587 1588 2
1588 1589 4
1589 1590 4
1590 1591 2
1591 1592 3
1592 1593 5
1593 1594 4
1594 1595 1
1595 1596 1
1596 1597 1
1597 1598 3
1598 1599 5
1599 1600 5
1 1561 1
2 1562 1
3 1563 5
4 1564 5
5 1565 5
6 1566 3
7 1567 5
8 1568 4
9 1569 2
10 1570 3
11 1571 1
12 1572 5
13 1573 4
14 1574 2
15 1575 2
16 1576 5
17 1577 4
18 1578 2
19 1579 3
20 1580 5
21 1581 3
22 1582 3
23 1583 3
24 1584 1
25 1585 3
26 1586 4
27 1587 3
28 1588 1
29 1589 4
30 1590 3
31 1591 3
32 1592 4
33 1593 1
34 1594 2
35 1595 1
36 1596 1
37 1597 2
38 1598 2
39 1599 1
40 1600 4
1 40 2
41 80 3
81 120 3
121 160 5
161 200 4
201 240 1
241 280 5
281 320 2
321 360 3
361 400 3
401 440 4
441 480 5
481 520 2
521 560 1
561 600 5
601 640 4
641 680 5
681 720 2
721 760 3
761 800 5
801 840 5
841 880 1
881 920 2
921 960 3
961 1000 2
1001 1040 2
1041 1080 3
1081 1120 3
1121 1160 5
1161 1200 4
1201 1240 5
1241 1280 3
1281 1320 4
1321 1360 3
1361 1400 2
1401 1440 2
1441 1480 2
1481 1520 3
1521 1560 3
1561 1600 5
