784 1568
1 2 1
1 29 1
2 3 5
2 30 3
3 4 4
3 31 4
4 5 5
4 32 2
5 6 5
5 33 4
6 7 1
6 34 5
7 8 5
7 35 5
8 9 4
8 36 3
9 10 4
9 37 3
10 11 1
10 38 4
11 12 5
11 39 5
12 13 3
12 40 2
13 14 2
13 41 1
14 15 2
14 42 2
15 16 2
15 43 5
16 17 5
16 44 4
17 18 3
17 45 4
18 19 3
18 46 1
19 20 5
19 47 2
20 21 1
20 48 3
21 22 5
21 49 1
22 23 5
22 50 3
23 24 2
23 51 4
24 25 4
24 52 3
25 26 2
25 53 5
26 27 5
26 54 5
27 28 1
27 55 5
28 56 5
29 30 1
29 57 2
30 31 3
30 58 5
31 32 1
31 59 2
32 33 3
32 60 3
33 34 1
33 61 2
34 35 3
34 62 3
35 36 1
35 63 2
36 37 1
36 64 3
37 38 2
37 65 4
38 39 5
38 66 1
39 40 4
39 67 4
40 41 3
40 68 3
41 42 4
41 69 3
42 43 1
42 70 5
43 44 2
43 71 4
44 45 5
44 72 2
45 46 3
45 73 5
46 47 1
46 74 5
47 48 1
47 75 4
48 49 2
48 76 1
49 50 5
49 77 5
50 51 1
50 78 1
51 52 1
51 79 2
52 53 5
52 80 5
53 54 5
53 81 1
54 55 3
54 82 5
55 56 2
55 83 4
56 84 4
57 58 2
57 85 4
58 59 4
58 86 3
59 60 4
59 87 4
60 61 1
60 88 4
61 62 2
61 89 3
62 63 3
62 90 4
63 64 1
63 91 3
64 65 3
64 92 2
65 66 3
65 93 4
66 67 4
66 94 4
67 68 2
67 95 1
68 69 5
68 96 5
69 70 4
69 97 2
70 71 5
70 98 3
71 72 4
71 99 3
72 73 1
72 100 3
73 74 5
73 101 1
74 75 1
74 102 3
75 76 5
75 103 5
76 77 5
76 104 4
77 78 1
77 105 4
78 79 2
78 106 2
79 80 5
79 107 1
80 81 3
80 108 2
81 82 4
81 109 5
82 83 2
82 110 5
83 84 1
83 111 2
84 112 2
85 86 2
85 113 4
86 87 2
86 114 5
87 88 4
87 115 3
88 89 3
88 116 2
89 90 4
89 117 3
90 91 2
90 118 1
91 92 5
91 119 5
92 93 2
92 120 3
93 94 1
93 121 2
94 95 5
94 122 1
95 96 5
95 123 4
96 97 3
96 124 3
97 98 5
97 125 2
98 99 2
98 126 2
99 100 3
99 127 3
100 101 1
100 128 2
101 102 4
101 129 3
102 103 4
102 130 2
103 104 3
103 131 5
104 105 5
104 132 4
105 106 1
105 133 5
106 107 2
106 134 3
107 108 2
107 135 3
108 109 4
108 136 2
109 110 1
109 137 4
110 111 5
110 138 1
111 112 1
111 139 4
112 140 4
113 114 1
113 141 3
114 115 2
114 142 1
115 116 3
115 143 5
116 117 3
116 144 5
117 118 3
117 145 1
118 119 2
118 146 1
119 120 3
119 147 2
120 121 3
120 148 2
121 122 5
121 149 5
122 123 3
122 150 3
123 124 5
123 151 1
124 125 3
124 152 2
125 126 5
125 153 5
126 127 5
126 154 2
127 128 4
127 155 5
128 129 4
128 156 1
129 130 2
129 157 3
130 131 2
130 158 4
131 132 3
131 159 2
132 133 3
132 160 5
133 134 2
133 161 1
134 135 2
134 162 1
135 136 2
135 163 4
136 137 3
136 164 4
137 138 3
137 165 3
138 139 1
138 166 4
139 140 1
139 167 2
140 168 4
141 142 5
141 169 3
142 143 5
142 170 5
143 144 5
143 171 3
144 145 1
144 172 3
145 146 5
145 173 2
146 147 4
146 174 1
147 148 5
147 175 4
148 149 4
148 176 2
149 150 5
149 177 3
150 151 4
150 178 2
151 152 3
151 179 4
152 153 2
152 180 5
153 154 2
153 181 5
154 155 4
154 182 4
155 156 4
155 183 4
156 157 5
156 184 3
157 158 2
157 185 3
158 159 3
158 186 4
159 160 2
159 187 4
160 161 1
160 188 5
161 162 2
161 189 5
162 163 3
162 190 5
163 164 2
163 191 1
164 165 2
164 192 3
165 166 1
165 193 3
166 167 5
166 194 2
167 168 1
167 195 2
168 196 3
169 170 5
169 197 3
170 171 4
170 198 3
171 172 3
171 199 2
172 173 3
172 200 4
173 174 2
173 201 4
174 175 4
174 202 4
175 176 3
175 203 3
176 177 4
176 204 4
177 178 3
177 205 4
178 179 4
178 206 4
179 180 2
179 207 5
180 181 5
180 208 3
181 182 4
181 209 3
182 183 5
182 210 4
183 184 1
183 211 5
184 185 1
184 212 5
185 186 4
185 213 3
186 187 1
186 214 3
187 188 1
187 215 1
188 189 3
188 216 1
189 190 3
189 217 1
190 191 5
190 218 1
191 192 5
191 219 3
192 193 5
192 220 3
193 194 2
193 221 1
194 195 5
194 222 1
195 196 4
195 223 5
196 224 4
197 198 3
197 225 3
198 199 3
198 226 2
199 200 3
199 227 1
200 201 4
200 228 4
201 202 3
201 229 5
202 203 5
202 230 1
203 204 2
203 231 5
204 205 2
204 232 2
205 206 5
205 233 1
206 207 1
206 234 3
207 208 3
207 235 5
208 209 3
208 236 2
209 210 3
209 237 5
210 211 2
210 238 5
211 212 3
211 239 5
212 213 2
212 240 4
213 214 1
213 241 3
214 215 2
214 242 5
215 216 1
215 243 1
216 217 4
216 244 3
217 218 3
217 245 3
218 219 1
218 246 1
219 220 5
219 247 1
220 221 4
220 248 3
221 222 2
221 249 4
222 223 3
222 250 2
223 224 3
223 251 3
224 252 1
225 226 1
225 253 5
226 227 5
226 254 1
227 228 4
227 255 5
228 229 1
228 256 1
229 230 3
229 257 3
230 231 4
230 258 1
231 232 1
231 259 2
232 233 1
232 260 3
233 234 1
233 261 2
234 235 3
234 262 1
235 236 2
235 263 5
236 237 3
236 264 5
237 238 1
237 265 4
238 239 3
238 266 3
239 240 4
239 267 1
240 241 4
240 268 5
241 242 2
241 269 3
242 243 2
242 270 4
243 244 1
243 271 2
244 245 4
244 272 3
245 246 2
245 273 3
246 247 4
246 274 2
247 248 1
247 275 4
248 249 4
248 276 2
249 250 5
249 277 3
250 251 2
250 278 2
251 252 1
251 279 3
252 280 1
253 254 5
253 281 3
254 255 2
254 282 3
255 256 2
255 283 2
256 257 2
256 284 3
257 258 5
257 285 2
258 259 1
258 286 1
259 260 5
259 287 2
260 261 3
260 288 1
261 262 1
261 289 4
262 263 5
262 290 1
263 264 2
263 291 2
264 265 5
264 292 1
265 266 4
265 293 2
266 267 2
266 294 5
267 268 4
267 295 5
268 269 1
268 296 3
269 270 2
269 297 5
270 271 3
270 298 3
271 272 1
271 299 2
272 273 3
272 300 4
273 274 1
273 301 1
274 275 1
274 302 4
275 276 4
275 303 1
276 277 2
276 304 4
277 278 3
277 305 1
278 279 1
278 306 5
279 280 1
279 307 1
280 308 4
281 282 4
281 309 2
282 283 3
282 310 4
283 284 3
283 311 3
284 285 1
284 312 3
285 286 3
285 313 1
286 287 5
286 314 1
287 288 1
287 315 4
288 289 2
288 316 2
289 290 5
289 317 3
290 291 2
290 318 4
291 292 4
291 319 5
292 293 5
292 320 5
293 294 4
293 321 4
294 295 5
294 322 2
295 296 1
295 323 3
296 297 3
296 324 3
297 298 3
297 325 2
298 299 2
298 326 1
299 300 1
299 327 3
300 301 2
300 328 5
301 302 4
301 329 1
302 303 1
302 330 1
303 304 2
303 331 3
304 305 4
304 332 2
305 306 5
305 333 1
306 307 1
306 334 1
307 308 2
307 335 1
308 336 4
309 310 5
309 337 5
310 311 4
310 338 4
311 312 5
311 339 1
312 313 1
312 340 2
313 314 3
313 341 2
314 315 3
314 342 1
315 316 1
315 343 4
316 317 4
316 344 5
317 318 5
317 345 1
318 319 4
318 346 4
319 320 2
319 347 2
320 321 1
320 348 5
321 322 4
321 349 4
322 323 4
322 350 1
323 324 2
323 351 2
324 325 1
324 352 3
325 326 5
325 353 5
326 327 5
326 354 4
327 328 4
327 355 1
328 329 3
328 356 3
329 330 1
329 357 1
330 331 5
330 358 1
331 332 2
331 359 5
332 333 1
332 360 1
333 334 2
333 361 3
334 335 2
334 362 3
335 336 5
335 363 2
336 364 4
337 338 2
337 365 2
338 339 5
338 366 5
339 340 3
339 367 1
340 341 3
340 368 2
341 342 4
341 369 3
342 343 4
342 370 3
343 344 4
343 371 4
344 345 1
344 372 4
345 346 4
345 373 3
346 347 2
346 374 1
347 348 5
347 375 5
348 349 1
348 376 1
349 350 2
349 377 4
350 351 3
350 378 2
351 352 1
351 379 2
352 353 3
352 380 4
353 354 3
353 381 3
354 355 2
354 382 4
355 356 1
355 383 4
356 357 5
356 384 2
357 358 3
357 385 4
358 359 2
358 386 4
359 360 4
359 387 2
360 361 3
360 388 2
361 362 1
361 389 5
362 363 4
362 390 5
363 364 5
363 391 3
364 392 2
365 366 4
365 393 5
366 367 4
366 394 4
367 368 2
367 395 3
368 369 3
368 396 2
369 370 3
369 397 5
370 371 1
370 398 1
371 372 5
371 399 4
372 373 4
372 400 2
373 374 3
373 401 3
374 375 3
374 402 1
375 376 4
375 403 1
376 377 5
376 404 1
377 378 2
377 405 3
378 379 5
378 406 3
379 380 3
379 407 4
380 381 1
380 408 2
381 382 4
381 409 3
382 383 2
382 410 5
383 384 2
383 411 2
384 385 4
384 412 4
385 386 5
385 413 3
386 387 4
386 414 5
387 388 5
387 415 4
388 389 3
388 416 4
389 390 3
389 417 3
390 391 1
390 418 2
391 392 4
391 419 2
392 420 5
393 394 4
393 421 4
394 395 4
394 422 5
395 396 3
395 423 2
396 397 5
396 424 5
397 398 2
397 425 2
398 399 2
398 426 2
399 400 5
399 427 3
400 401 4
400 428 1
401 402 5
401 429 1
402 403 2
402 430 2
403 404 1
403 431 2
404 405 1
404 432 3
405 406 3
405 433 4
406 407 2
406 434 4
407 408 1
407 435 1
408 409 5
408 436 4
409 410 2
409 437 4
410 411 3
410 438 3
411 412 5
411 439 5
412 413 1
412 440 3
413 414 2
413 441 1
414 415 2
414 442 5
415 416 2
415 443 3
416 417 2
416 444 5
417 418 5
417 445 5
418 419 3
418 446 2
419 420 1
419 447 1
420 448 2
421 422 1
421 449 2
422 423 2
422 450 5
423 424 2
423 451 2
424 425 2
424 452 3
425 426 1
425 453 2
426 427 3
426 454 2
427 428 3
427 455 1
428 429 5
428 456 5
429 430 2
429 457 5
430 431 4
430 458 1
431 432 5
431 459 2
432 433 4
432 460 2
433 434 5
433 461 2
434 435 4
434 462 3
435 436 2
435 463 1
436 437 2
436 464 3
437 438 3
437 465 2
438 439 2
438 466 2
439 440 1
439 467 2
440 441 2
440 468 5
441 442 1
441 469 3
442 443 5
442 470 1
443 444 4
443 471 1
444 445 4
444 472 4
445 446 3
445 473 3
446 447 2
446 474 4
447 448 3
447 475 2
448 476 1
449 450 5
449 477 3
450 451 5
450 478 5
451 452 1
451 479 2
452 453 4
452 480 4
453 454 2
453 481 4
454 455 5
454 482 4
455 456 1
455 483 2
456 457 2
456 484 5
457 458 1
457 485 5
458 459 3
458 486 5
459 460 5
459 487 4
460 461 2
460 488 2
461 462 2
461 489 2
462 463 1
462 490 1
463 464 2
463 491 3
464 465 5
464 492 3
465 466 2
465 493 5
466 467 5
466 494 2
467 468 3
467 495 3
468 469 5
468 496 4
469 470 3
469 497 1
470 471 3
470 498 5
471 472 5
471 499 2
472 473 2
472 500 4
473 474 2
473 501 4
474 475 5
474 502 3
475 476 1
475 503 4
476 504 4
477 478 5
477 505 4
478 479 5
478 506 2
479 480 5
479 507 3
480 481 4
480 508 3
481 482 2
481 509 3
482 483 1
482 510 5
483 484 1
483 511 3
484 485 3
484 512 4
485 486 1
485 513 3
486 487 4
486 514 5
487 488 1
487 515 5
488 489 4
488 516 4
489 490 2
489 517 2
490 491 2
490 518 2
491 492 5
491 519 1
492 493 2
492 520 3
493 494 5
493 521 4
494 495 2
494 522 1
495 496 2
495 523 3
496 497 1
496 524 3
497 498 4
497 525 4
498 499 5
498 526 2
499 500 3
499 527 5
500 501 5
500 528 4
501 502 4
501 529 4
502 503 2
502 530 1
503 504 1
503 531 1
504 532 3
505 506 4
505 533 2
506 507 3
506 534 4
507 508 4
507 535 5
508 509 4
508 536 3
509 510 5
509 537 3
510 511 5
510 538 4
511 512 4
511 539 2
512 513 1
512 540 5
513 514 5
513 541 5
514 515 5
514 542 1
515 516 5
515 543 4
516 517 5
516 544 5
517 518 5
517 545 2
518 519 4
518 546 4
519 520 3
519 547 3
520 521 4
520 548 2
521 522 3
521 549 4
522 523 4
522 550 4
523 524 4
523 551 3
524 525 2
524 552 5
525 526 4
525 553 5
526 527 2
526 554 4
527 528 1
527 555 1
528 529 4
528 556 5
529 530 2
529 557 2
530 531 2
530 558 3
531 532 5
531 559 1
532 560 5
533 534 3
533 561 4
534 535 3
534 562 3
535 536 4
535 563 5
536 537 5
536 564 4
537 538 4
537 565 1
538 539 2
538 566 5
539 540 2
539 567 1
540 541 4
540 568 4
541 542 5
541 569 3
542 543 2
542 570 4
543 544 5
543 571 1
544 545 5
544 572 3
545 546 2
545 573 2
546 547 5
546 574 2
547 548 3
547 575 5
548 549 5
548 576 4
549 550 5
549 577 1
550 551 3
550 578 5
551 552 1
551 579 4
552 553 2
552 580 2
553 554 5
553 581 1
554 555 3
554 582 5
555 556 4
555 583 2
556 557 5
556 584 3
557 558 5
557 585 4
558 559 1
558 586 2
559 560 3
559 587 3
560 588 3
561 562 5
561 589 5
562 563 1
562 590 3
563 564 5
563 591 5
564 565 3
564 592 4
565 566 1
565 593 1
566 567 1
566 594 5
567 568 4
567 595 1
568 569 4
568 596 1
569 570 4
569 597 5
570 571 2
570 598 2
571 572 3
571 599 5
572 573 2
572 600 2
573 574 2
573 601 4
574 575 1
574 602 4
575 576 4
575 603 1
576 577 2
576 604 5
577 578 3
577 605 2
578 579 5
578 606 5
579 580 5
579 607 4
580 581 1
580 608 5
581 582 2
581 609 5
582 583 1
582 610 1
583 584 1
583 611 2
584 585 5
584 612 5
585 586 4
585 613 1
586 587 3
586 614 5
587 588 4
587 615 4
588 616 2
589 590 1
589 617 1
590 591 5
590 618 4
591 592 5
591 619 3
592 593 4
592 620 5
593 594 3
593 621 1
594 595 3
594 622 5
595 596 1
595 623 4
596 597 5
596 624 3
597 598 2
597 625 2
598 599 5
598 626 2
599 600 4
599 627 5
600 601 1
600 628 5
601 602 2
601 629 1
602 603 5
602 630 4
603 604 3
603 631 1
604 605 3
604 632 4
605 606 3
605 633 4
606 607 3
606 634 2
607 608 3
607 635 5
608 609 5
608 636 2
609 610 3
609 637 4
610 611 3
610 638 5
611 612 3
611 639 4
612 613 3
612 640 1
613 614 3
613 641 3
614 615 3
614 642 4
615 616 3
615 643 4
616 644 5
617 618 5
617 645 3
618 619 1
618 646 5
619 620 2
619 647 2
620 621 5
620 648 5
621 622 4
621 649 2
622 623 5
622 650 4
623 624 5
623 651 2
624 625 4
624 652 3
625 626 1
625 653 5
626 627 5
626 654 3
627 628 1
627 655 2
628 629 1
628 656 3
629 630 4
629 657 5
630 631 3
630 658 1
631 632 1
631 659 1
632 633 1
632 660 3
633 634 1
633 661 1
634 635 2
634 662 3
635 636 1
635 663 2
636 637 4
636 664 4
637 638 3
637 665 1
638 639 4
638 666 5
639 640 5
639 667 5
640 641 4
640 668 1
641 642 1
641 669 3
642 643 4
642 670 1
643 644 2
643 671 5
644 672 3
645 646 5
645 673 1
646 647 1
646 674 2
647 648 4
647 675 4
648 649 4
648 676 3
649 650 2
649 677 3
650 651 3
650 678 3
651 652 5
651 679 1
652 653 4
652 680 5
653 654 4
653 681 5
654 655 1
654 682 1
655 656 4
655 683 4
656 657 3
656 684 2
657 658 4
657 685 2
658 659 3
658 686 5
659 660 1
659 687 3
660 661 5
660 688 5
661 662 2
661 689 5
662 663 1
662 690 1
663 664 3
663 691 5
664 665 2
664 692 5
665 666 1
665 693 3
666 667 1
666 694 4
667 668 2
667 695 1
668 669 5
668 696 1
669 670 4
669 697 5
670 671 1
670 698 5
671 672 3
671 699 3
672 700 2
673 674 1
673 701 5
674 675 2
674 702 1
675 676 2
675 703 5
676 677 4
676 704 2
677 678 2
677 705 3
678 679 3
678 706 3
679 680 1
679 707 5
680 681 5
680 708 4
681 682 3
681 709 2
682 683 1
682 710 5
683 684 3
683 711 5
684 685 2
684 712 3
685 686 3
685 713 4
686 687 2
686 714 5
687 688 3
687 715 4
688 689 3
688 716 2
689 690 3
689 717 1
690 691 2
690 718 3
691 692 3
691 719 5
692 693 5
692 720 5
693 694 3
693 721 1
694 695 1
694 722 2
695 696 2
695 723 1
696 697 3
696 724 3
697 698 2
697 725 3
698 699 1
698 726 2
699 700 4
699 727 4
700 728 4
701 702 4
701 729 5
702 703 4
702 730 4
703 704 5
703 731 4
704 705 5
704 732 3
705 706 1
705 733 3
706 707 1
706 734 1
707 708 1
707 735 1
708 709 2
708 736 1
709 710 1
709 737 1
710 711 1
710 738 3
711 712 4
711 739 5
712 713 1
712 740 3
713 714 2
713 741 2
714 715 2
714 742 2
715 716 3
715 743 4
716 717 3
716 744 1
717 718 2
717 745 5
718 719 5
718 746 3
719 720 2
719 747 3
720 721 2
720 748 5
721 722 3
721 749 4
722 723 5
722 750 3
723 724 4
723 751 5
724 725 1
724 752 4
725 726 3
725 753 4
726 727 3
726 754 1
727 728 2
727 755 1
728 756 1
729 730 3
729 757 4
730 731 4
730 758 4
731 732 3
731 759 2
732 733 5
732 760 4
733 734 2
733 761 4
734 735 2
734 762 1
735 736 4
735 763 5
736 737 2
736 764 2
737 738 2
737 765 1
738 739 5
738 766 5
739 740 1
739 767 5
740 741 1
740 768 1
741 742 2
741 769 5
742 743 2
742 770 5
743 744 5
743 771 2
744 745 5
744 772 5
745 746 3
745 773 3
746 747 1
746 774 5
747 748 1
747 775 5
748 749 4
748 776 4
749 750 1
749 777 3
750 751 1
750 778 5
751 752 3
751 779 2
752 753 4
752 780 4
753 754 3
753 781 3
754 755 4
754 782 4
755 756 1
755 783 2
756 784 3
757 758 1
758 759 3
759 760 3
760 761 2
761 762 3
762 763 3
763 764 5
764 765 5
765 766 4
766 767 3
767 768 5
768 769 1
769 770 5
770 771 1
771 772 2
772 773 1
773 774 1
774 775 2
775 776 1
776 777 1
777 778 5
778 779 2
779 780 2
780 781 1
781 782 1
782 783 5
783 784 1
1 757 2
2 758 4
3 759 2
4 760 4
5 761 4
6 762 5
7 763 5
8 764 4
9 765 1
10 766 3
11 767 2
12 768 2
13 769 2
14 770 5
15 771 5
16 772 1
17 773 1
18 774 5
19 775 3
20 776 1
21 777 1
22 778 1
23 779 5
24 780 3
25 781 3
26 782 3
27 783 4
28 784 4
1 28 3
29 56 1
57 84 2
85 112 1
113 140 3
141 168 3
169 196 1
197 224 3
225 252 2
253 280 1
281 308 3
309 336 4
337 364 3
365 392 5
393 420 3
421 448 5
449 476 4
477 504 4
505 532 1
533 560 5
561 588 3
589 616 5
617 644 2
645 672 4
673 700 5
701 728 3
729 756 5
757 784 2
