400 800
1 2 1
1 21 3
2 3 3
2 22 2
3 4 4
3 23 2
4 5 3
4 24 4
5 6 3
5 25 3
6 7 2
6 26 2
7 8 2
7 27 2
8 9 2
8 28 3
9 10 1
9 29 5
10 11 5
10 30 1
11 12 4
11 31 1
12 13 5
12 32 1
13 14 2
13 33 5
14 15 3
14 34 2
15 16 5
15 35 4
16 17 1
16 36 5
17 18 3
17 37 1
18 19 3
18 38 3
19 20 3
19 39 5
20 40 1
21 22 3
21 41 1
22 23 3
22 42 4
23 24 4
23 43 3
24 25 2
24 44 2
25 26 5
25 45 3
26 27 4
26 46 1
27 28 1
27 47 4
28 29 3
28 48 2
29 30 5
29 49 3
30 31 4
30 50 2
31 32 5
31 51 5
32 33 2
32 52 5
33 34 2
33 53 3
34 35 1
34 54 5
35 36 5
35 55 1
36 37 5
36 56 3
37 38 5
37 57 1
38 39 3
38 58 2
39 40 1
39 59 4
40 60 2
41 42 1
41 61 4
42 43 5
42 62 2
43 44 1
43 63 3
44 45 4
44 64 3
45 46 4
45 65 4
46 47 2
46 66 4
47 48 2
47 67 5
48 49 4
48 68 2
49 50 5
49 69 1
50 51 3
50 70 5
51 52 2
51 71 3
52 53 2
52 72 2
53 54 3
53 73 1
54 55 3
54 74 1
55 56 3
55 75 2
56 57 2
56 76 3
57 58 2
57 77 4
58 59 4
58 78 1
59 60 1
59 79 4
60 80 5
61 62 3
61 81 4
62 63 4
62 82 2
63 64 5
63 83 2
64 65 4
64 84 4
65 66 1
65 85 4
66 67 1
66 86 3
67 68 3
67 87 5
68 69 2
68 88 5
69 70 4
69 89 1
70 71 1
70 90 3
71 72 5
71 91 5
72 73 1
72 92 2
73 74 3
73 93 5
74 75 5
74 94 1
75 76 5
75 95 5
76 77 1
76 96 4
77 78 3
77 97 5
78 79 4
78 98 2
79 80 1
79 99 5
80 100 2
81 82 4
81 101 2
82 83 1
82 102 2
83 84 1
83 103 1
84 85 1
84 104 3
85 86 5
85 105 3
86 87 3
86 106 4
87 88 5
87 107 4
88 89 5
88 108 2
89 90 3
89 109 3
90 91 4
90 110 5
91 92 2
91 111 5
92 93 5
92 112 1
93 94 1
93 113 2
94 95 2
94 114 5
95 96 1
95 115 5
96 97 3
96 116 5
97 98 1
97 117 3
98 99 2
98 118 5
99 100 4
99 119 4
100 120 2
101 102 2
101 121 2
102 103 3
102 122 1
103 104 2
103 123 4
104 105 1
104 124 4
105 106 4
105 125 1
106 107 1
106 126 2
107 108 3
107 127 3
108 109 5
108 128 4
109 110 4
109 129 2
110 111 5
110 130 1
111 112 2
111 131 2
112 113 4
112 132 3
113 114 2
113 133 3
114 115 3
114 134 3
115 116 3
115 135 5
116 117 4
116 136 3
117 118 3
117 137 5
118 119 4
118 138 3
119 120 3
119 139 2
120 140 3
121 122 4
121 141 5
122 123 2
122 142 3
123 124 2
123 143 1
124 125 3
124 144 3
125 126 3
125 145 3
126 127 3
126 146 1
127 128 3
127 147 4
128 129 3
128 148 3
129 130 1
129 149 1
130 131 1
130 150 4
131 132 1
131 151 4
132 133 4
132 152 5
133 134 4
133 153 2
134 135 2
134 154 2
135 136 5
135 155 3
136 137 4
136 156 2
137 138 4
137 157 3
138 139 2
138 158 4
139 140 4
139 159 4
140 160 2
141 142 1
141 161 1
142 143 4
142 162 4
143 144 4
143 163 1
144 145 3
144 164 1
145 146 2
145 165 2
146 147 4
146 166 2
147 148 2
147 167 5
148 149 1
148 168 5
149 150 4
149 169 3
150 151 2
150 170 1
151 152 5
151 171 1
152 153 3
152 172 4
153 154 3
153 173 3
154 155 2
154 174 1
155 156 3
155 175 1
156 157 2
156 176 4
157 158 5
157 177 5
158 159 1
158 178 1
159 160 5
159 179 2
160 180 5
161 162 5
161 181 2
162 163 1
162 182 2
163 164 2
163 183 3
164 165 2
164 184 4
165 166 1
165 185 1
166 167 5
166 186 2
167 168 1
167 187 4
168 169 5
168 188 5
169 170 3
169 189 5
170 171 2
170 190 4
171 172 5
171 191 1
172 173 3
172 192 5
173 174 2
173 193 4
174 175 3
174 194 4
175 176 5
175 195 2
176 177 5
176 196 5
177 178 3
177 197 4
178 179 5
178 198 3
179 180 2
179 199 2
180 200 4
181 182 5
181 201 1
182 183 1
182 202 1
183 184 4
183 203 1
184 185 2
184 204 1
185 186 3
185 205 5
186 187 2
186 206 4
187 188 2
187 207 4
188 189 5
188 208 3
189 190 4
189 209 1
190 191 3
190 210 3
191 192 5
191 211 5
192 193 4
192 212 4
193 194 3
193 213 1
194 195 1
194 214 1
195 196 2
195 215 4
196 197 4
196 216 4
197 198 5
197 217 1
198 199 3
198 218 3
199 200 1
199 219 3
200 220 2
201 202 1
201 221 2
202 203 5
202 222 4
203 204 5
203 223 3
204 205 3
204 224 3
205 206 5
205 225 2
206 207 5
206 226 4
207 208 2
207 227 4
208 209 4
208 228 5
209 210 2
209 229 4
210 211 5
210 230 1
211 212 3
211 231 5
212 213 3
212 232 1
213 214 5
213 233 4
214 215 4
214 234 2
215 216 4
215 235 2
216 217 2
216 236 5
217 218 1
217 237 3
218 219 1
218 238 4
219 220 4
219 239 2
220 240 4
221 222 3
221 241 5
222 223 5
222 242 1
223 224 1
223 243 4
224 225 5
224 244 1
225 226 3
225 245 3
226 227 1
226 246 2
227 228 2
227 247 2
228 229 4
228 248 4
229 230 1
229 249 2
230 231 5
230 250 2
231 232 2
231 251 1
232 233 3
232 252 3
233 234 1
233 253 4
234 235 1
234 254 5
235 236 5
235 255 5
236 237 1
236 256 1
237 238 1
237 257 1
238 239 5
238 258 4
239 240 4
239 259 5
240 260 2
241 242 4
241 261 1
242 243 4
242 262 3
243 244 5
243 263 5
244 245 2
244 264 5
245 246 2
245 265 4
246 247 5
246 266 3
247 248 1
247 267 5
248 249 5
248 268 3
249 250 3
249 269 4
250 251 3
250 270 4
251 252 5
251 271 5
252 253 3
252 272 2
253 254 1
253 273 3
254 255 3
254 274 3
255 256 2
255 275 3
256 257 4
256 276 3
257 258 2
257 277 5
258 259 3
258 278 3
259 260 3
259 279 5
260 280 4
261 262 4
261 281 1
262 263 1
262 282 3
263 264 2
263 283 4
264 265 3
264 284 4
265 266 3
265 285 1
266 267 1
266 286 4
267 268 1
267 287 1
268 269 5
268 288 2
269 270 5
269 289 5
270 271 1
270 290 2
271 272 2
271 291 2
272 273 1
272 292 3
273 274 4
273 293 3
274 275 3
274 294 3
275 276 4
275 295 2
276 277 1
276 296 2
277 278 1
277 297 3
278 279 3
278 298 2
279 280 1
279 299 1
280 300 4
281 282 2
281 301 2
282 283 4
282 302 3
283 284 4
283 303 5
284 285 3
284 304 1
285 286 3
285 305 4
286 287 3
286 306 2
287 288 3
287 307 1
288 289 4
288 308 4
289 290 3
289 309 4
290 291 1
290 310 3
291 292 1
291 311 1
292 293 3
292 312 5
293 294 3
293 313 5
294 295 4
294 314 5
295 296 3
295 315 4
296 297 4
296 316 2
297 298 2
297 317 5
298 299 3
298 318 2
299 300 2
299 319 5
300 320 3
301 302 1
301 321 2
302 303 1
302 322 3
303 304 4
303 323 5
304 305 2
304 324 4
305 306 5
305 325 2
306 307 5
306 326 3
307 308 2
307 327 4
308 309 4
308 328 4
309 310 1
309 329 1
310 311 3
310 330 1
311 312 4
311 331 4
312 313 2
312 332 2
313 314 3
313 333 5
314 315 3
314 334 4
315 316 3
315 335 4
316 317 1
316 336 2
317 318 3
317 337 2
318 319 2
318 338 2
319 320 2
319 339 1
320 340 1
321 322 3
321 341 3
322 323 3
322 342 4
323 324 5
323 343 3
324 325 1
324 344 1
325 326 3
325 345 5
326 327 3
326 346 5
327 328 1
327 347 2
328 329 4
328 348 4
329 330 4
329 349 3
330 331 2
330 350 3
331 332 3
331 351 3
332 333 5
332 352 1
333 334 5
333 353 1
334 335 4
334 354 5
335 336 3
335 355 5
336 337 1
336 356 3
337 338 5
337 357 4
338 339 2
338 358 3
339 340 2
339 359 2
340 360 1
341 342 2
341 361 4
342 343 5
342 362 2
343 344 3
343 363 3
344 345 2
344 364 1
345 346 1
345 365 3
346 347 5
346 366 4
347 348 2
347 367 3
348 349 2
348 368 1
349 350 3
349 369 5
350 351 3
350 370 1
351 352 1
351 371 3
352 353 3
352 372 4
353 354 2
353 373 3
354 355 1
354 374 5
355 356 5
355 375 4
356 357 5
356 376 1
357 358 3
357 377 5
358 359 1
358 378 4
359 360 3
359 379 1
360 380 4
361 362 3
361 381 1
362 363 1
362 382 4
363 364 1
363 383 2
364 365 4
364 384 5
365 366 1
365 385 2
366 367 4
366 386 4
367 368 5
367 387 2
368 369 4
368 388 4
369 370 4
369 389 1
370 371 4
370 390 1
371 372 4
371 391 5
372 373 2
372 392 4
373 374 5
373 393 5
374 375 2
374 394 4
375 376 1
375 395 2
376 377 4
376 396 1
377 378 3
377 397 1
378 379 4
378 398 2
379 380 3
379 399 2
380 400 3
381 382 3
382 383 5
383 384 3
384 385 1
385 386 4
386 387 2
387 388 5
388 389 2
389 390 1
390 391 5
391 392 5
392 393 2
393 394 3
394 395 3
395 396 1
396 397 2
397 398 5
398 399 1
399 400 3
1 381 4
2 382 3
3 383 5
4 384 3
5 385 4
6 386 1
7 387 1
8 388 1
9 389 5
10 390 3
11 391 5
12 392 4
13 393 1
14 394 5
15 395 4
16 396 5
17 397 3
18 398 2
19 399 1
20 400 1
1 20 2
21 40 2
41 60 2
61 80 4
81 100 4
101 120 4
121 140 4
141 160 2
161 180 1
181 200 5
201 220 1
221 240 4
241 260 5
261 280 1
281 300 3
301 320 2
321 340 5
341 360 2
361 380 3
381 400 3
