784 1568
1 2 4
1 29 3
2 3 1
2 30 2
3 4 3
3 31 5
4 5 5
4 32 3
5 6 5
5 33 4
6 7 5
6 34 1
7 8 4
7 35 2
8 9 5
8 36 4
9 10 2
9 37 3
10 11 2
10 38 5
11 12 4
11 39 5
12 13 5
12 40 2
13 14 2
13 41 4
14 15 3
14 42 1
15 16 1
15 43 4
16 17 3
16 44 2
17 18 3
17 45 4
18 19 4
18 46 3
19 20 2
19 47 2
20 21 5
20 48 2
21 22 5
21 49 3
22 23 2
22 50 1
23 24 3
23 51 1
24 25 5
24 52 5
25 26 2
25 53 1
26 27 1
26 54 3
27 28 5
27 55 5
28 56 2
29 30 4
29 57 1
30 31 4
30 58 4
31 32 2
31 59 4
32 33 2
32 60 3
33 34 3
33 61 1
34 35 3
34 62 3
35 36 3
35 63 4
36 37 1
36 64 5
37 38 2
37 65 3
38 39 4
38 66 3
39 40 5
39 67 3
40 41 1
40 68 5
41 42 5
41 69 4
42 43 2
42 70 3
43 44 2
43 71 5
44 45 1
44 72 4
45 46 3
45 73 2
46 47 3
46 74 1
47 48 1
47 75 4
48 49 3
48 76 2
49 50 2
49 77 3
50 51 4
50 78 4
51 52 1
51 79 1
52 53 1
52 80 2
53 54 3
53 81 5
54 55 2
54 82 4
55 56 2
55 83 1
56 84 5
57 58 1
57 85 3
58 59 4
58 86 1
59 60 3
59 87 5
60 61 1
60 88 4
61 62 1
61 89 1
62 63 4
62 90 1
63 64 5
63 91 3
64 65 3
64 92 2
65 66 1
65 93 2
66 67 2
66 94 1
67 68 2
67 95 5
68 69 4
68 96 3
69 70 2
69 97 4
70 71 3
70 98 1
71 72 4
71 99 1
72 73 3
72 100 2
73 74 2
73 101 3
74 75 3
74 102 5
75 76 3
75 103 4
76 77 2
76 104 5
77 78 3
77 105 1
78 79 1
78 106 1
79 80 5
79 107 4
80 81 2
80 108 1
81 82 1
81 109 1
82 83 5
82 110 2
83 84 1
83 111 3
84 112 3
85 86 1
85 113 3
86 87 4
86 114 1
87 88 1
87 115 2
88 89 1
88 116 5
89 90 5
89 117 2
90 91 3
90 118 5
91 92 3
91 119 5
92 93 1
92 120 5
93 94 2
93 121 3
94 95 4
94 122 3
95 96 4
95 123 1
96 97 3
96 124 2
97 98 3
97 125 4
98 99 4
98 126 4
99 100 5
99 127 3
100 101 4
100 128 1
101 102 1
101 129 3
102 103 1
102 130 3
103 104 4
103 131 2
104 105 1
104 132 5
105 106 1
105 133 4
106 107 3
106 134 5
107 108 2
107 135 2
108 109 3
108 136 4
109 110 5
109 137 2
110 111 1
110 138 2
111 112 1
111 139 5
112 140 1
113 114 5
113 141 4
114 115 5
114 142 4
115 116 2
115 143 2
116 117 2
116 144 5
117 118 4
117 145 1
118 119 1
118 146 5
119 120 3
119 147 5
120 121 3
120 148 4
121 122 1
121 149 5
122 123 3
122 150 4
123 124 3
123 151 5
124 125 3
124 152 1
125 126 5
125 153 1
126 127 1
126 154 1
127 128 5
127 155 4
128 129 5
128 156 1
129 130 3
129 157 5
130 131 1
130 158 3
131 132 5
131 159 4
132 133 5
132 160 4
133 134 4
133 161 5
134 135 4
134 162 5
135 136 5
135 163 3
136 137 4
136 164 5
137 138 2
137 165 1
138 139 5
138 166 1
139 140 3
139 167 2
140 168 5
141 142 5
141 169 2
142 143 2
142 170 2
143 144 4
143 171 4
144 145 5
144 172 5
145 146 1
145 173 5
146 147 5
146 174 2
147 148 4
147 175 2
148 149 2
148 176 4
149 150 2
149 177 4
150 151 2
150 178 1
151 152 2
151 179 1
152 153 1
152 180 3
153 154 1
153 181 2
154 155 4
154 182 2
155 156 3
155 183 3
156 157 3
156 184 3
157 158 2
157 185 5
158 159 5
158 186 4
159 160 2
159 187 1
160 161 5
160 188 4
161 162 1
161 189 5
162 163 5
162 190 3
163 164 2
163 191 1
164 165 5
164 192 2
165 166 4
165 193 5
166 167 4
166 194 3
167 168 4
167 195 3
168 196 1
169 170 2
169 197 4
170 171 5
170 198 3
171 172 1
171 199 5
172 173 3
172 200 2
173 174 2
173 201 1
174 175 2
174 202 1
175 176 5
175 203 2
176 177 3
176 204 2
177 178 5
177 205 1
178 179 1
178 206 1
179 180 4
179 207 5
180 181 1
180 208 3
181 182 5
181 209 2
182 183 1
182 210 3
183 184 2
183 211 4
184 185 4
184 212 4
185 186 3
185 213 2
186 187 5
186 214 3
187 188 3
187 215 1
188 189 4
188 216 2
189 190 3
189 217 1
190 191 2
190 218 1
191 192 1
191 219 5
192 193 4
192 220 4
193 194 4
193 221 3
194 195 5
194 222 4
195 196 3
195 223 4
196 224 2
197 198 4
197 225 1
198 199 1
198 226 1
199 200 3
199 227 4
200 201 1
200 228 5
201 202 3
201 229 4
202 203 2
202 230 3
203 204 3
203 231 1
204 205 3
204 232 4
205 206 4
205 233 4
206 207 3
206 234 3
207 208 2
207 235 2
208 209 2
208 236 2
209 210 4
209 237 2
210 211 3
210 238 4
211 212 3
211 239 2
212 213 5
212 240 3
213 214 2
213 241 5
214 215 3
214 242 2
215 216 2
215 243 1
216 217 5
216 244 1
217 218 3
217 245 2
218 219 4
218 246 3
219 220 5
219 247 3
220 221 3
220 248 1
221 222 2
221 249 2
222 223 1
222 250 5
223 224 5
223 251 3
224 252 5
225 226 1
225 253 5
226 227 4
226 254 3
227 228 3
227 255 4
228 229 1
228 256 4
229 230 3
229 257 3
230 231 1
230 258 4
231 232 4
231 259 5
232 233 1
232 260 1
233 234 5
233 261 2
234 235 3
234 262 2
235 236 5
235 263 3
236 237 5
236 264 5
237 238 3
237 265 1
238 239 1
238 266 2
239 240 4
239 267 5
240 241 3
240 268 4
241 242 1
241 269 2
242 243 3
242 270 2
243 244 1
243 271 1
244 245 4
244 272 4
245 246 4
245 273 1
246 247 3
246 274 5
247 248 1
247 275 1
248 249 4
248 276 4
249 250 2
249 277 4
250 251 4
250 278 5
251 252 2
251 279 3
252 280 4
253 254 2
253 281 2
254 255 1
254 282 1
255 256 1
255 283 5
256 257 5
256 284 4
257 258 1
257 285 5
258 259 3
258 286 2
259 260 3
259 287 4
260 261 4
260 288 4
261 262 5
261 289 4
262 263 5
262 290 3
263 264 3
263 291 4
264 265 3
264 292 4
265 266 5
265 293 1
266 267 5
266 294 3
267 268 3
267 295 3
268 269 3
268 296 5
269 270 2
269 297 4
270 271 5
270 298 1
271 272 1
271 299 3
272 273 5
272 300 3
273 274 4
273 301 5
274 275 4
274 302 4
275 276 3
275 303 1
276 277 4
276 304 2
277 278 5
277 305 5
278 279 2
278 306 3
279 280 3
279 307 2
280 308 4
281 282 1
281 309 3
282 283 4
282 310 2
283 284 2
283 311 2
284 285 4
284 312 3
285 286 2
285 313 1
286 287 1
286 314 4
287 288 3
287 315 4
288 289 4
288 316 1
289 290 1
289 317 4
290 291 3
290 318 1
291 292 5
291 319 4
292 293 2
292 320 3
293 294 2
293 321 2
294 295 3
294 322 3
295 296 5
295 323 4
296 297 3
296 324 3
297 298 3
297 325 4
298 299 5
298 326 4
299 300 1
299 327 5
300 301 5
300 328 1
301 302 4
301 329 3
302 303 3
302 330 3
303 304 2
303 331 5
304 305 2
304 332 3
305 306 1
305 333 4
306 307 4
306 334 3
307 308 4
307 335 1
308 336 5
309 310 4
309 337 3
310 311 3
310 338 3
311 312 4
311 339 4
312 313 5
312 340 5
313 314 5
313 341 3
314 315 5
314 342 1
315 316 1
315 343 5
316 317 2
316 344 2
317 318 2
317 345 2
318 319 5
318 346 4
319 320 4
319 347 3
320 321 4
320 348 5
321 322 5
321 349 4
322 323 1
322 350 4
323 324 5
323 351 5
324 325 3
324 352 3
325 326 2
325 353 4
326 327 4
326 354 2
327 328 1
327 355 2
328 329 3
328 356 4
329 330 5
329 357 4
330 331 4
330 358 3
331 332 4
331 359 1
332 333 5
332 360 4
333 334 3
333 361 5
334 335 5
334 362 5
335 336 4
335 363 4
336 364 4
337 338 1
337 365 2
338 339 1
338 366 1
339 340 3
339 367 2
340 341 3
340 368 1
341 342 3
341 369 1
342 343 5
342 370 2
343 344 5
343 371 3
344 345 4
344 372 2
345 346 4
345 373 3
346 347 4
346 374 3
347 348 1
347 375 2
348 349 2
348 376 3
349 350 4
349 377 3
350 351 1
350 378 2
351 352 4
351 379 5
352 353 3
352 380 1
353 354 3
353 381 1
354 355 4
354 382 1
355 356 5
355 383 1
356 357 1
356 384 5
357 358 3
357 385 4
358 359 5
358 386 1
359 360 2
359 387 2
360 361 3
360 388 2
361 362 4
361 389 5
362 363 4
362 390 3
363 364 5
363 391 4
364 392 2
365 366 4
365 393 1
366 367 1
366 394 1
367 368 5
367 395 3
368 369 1
368 396 3
369 370 3
369 397 1
370 371 5
370 398 5
371 372 2
371 399 2
372 373 1
372 400 1
373 374 3
373 401 5
374 375 5
374 402 2
375 376 1
375 403 3
376 377 4
376 404 4
377 378 2
377 405 4
378 379 4
378 406 5
379 380 2
379 407 2
380 381 4
380 408 3
381 382 4
381 409 4
382 383 4
382 410 2
383 384 1
383 411 5
384 385 2
384 412 3
385 386 3
385 413 1
386 387 2
386 414 2
387 388 5
387 415 2
388 389 3
388 416 4
389 390 2
389 417 1
390 391 4
390 418 2
391 392 3
391 419 1
392 420 3
393 394 2
393 421 3
394 395 1
394 422 4
395 396 3
395 423 5
396 397 4
396 424 2
397 398 3
397 425 5
398 399 4
398 426 2
399 400 1
399 427 4
400 401 3
400 428 4
401 402 5
401 429 3
402 403 4
402 430 2
403 404 2
403 431 1
404 405 2
404 432 5
405 406 5
405 433 2
406 407 2
406 434 5
407 408 4
407 435 5
408 409 3
408 436 3
409 410 1
409 437 2
410 411 2
410 438 1
411 412 2
411 439 5
412 413 2
412 440 4
413 414 2
413 441 2
414 415 1
414 442 5
415 416 2
415 443 2
416 417 5
416 444 1
417 418 4
417 445 4
418 419 2
418 446 4
419 420 5
419 447 5
420 448 5
421 422 1
421 449 3
422 423 1
422 450 2
423 424 5
423 451 4
424 425 4
424 452 1
425 426 2
425 453 4
426 427 3
426 454 2
427 428 2
427 455 3
428 429 2
428 456 1
429 430 5
429 457 4
430 431 2
430 458 3
431 432 5
431 459 1
432 433 2
432 460 4
433 434 1
433 461 4
434 435 2
434 462 3
435 436 5
435 463 2
436 437 4
436 464 4
437 438 3
437 465 4
438 439 4
438 466 3
439 440 1
439 467 4
440 441 1
440 468 3
441 442 5
441 469 2
442 443 5
442 470 3
443 444 2
443 471 3
444 445 3
444 472 5
445 446 2
445 473 2
446 447 1
446 474 2
447 448 3
447 475 3
448 476 3
449 450 3
449 477 5
450 451 3
450 478 2
451 452 3
451 479 3
452 453 1
452 480 2
453 454 4
453 481 3
454 455 1
454 482 2
455 456 1
455 483 3
456 457 4
456 484 5
457 458 2
457 485 1
458 459 3
458 486 1
459 460 4
459 487 1
460 461 4
460 488 5
461 462 5
461 489 3
462 463 4
462 490 4
463 464 3
463 491 2
464 465 3
464 492 1
465 466 5
465 493 5
466 467 5
466 494 2
467 468 1
467 495 4
468 469 1
468 496 1
469 470 3
469 497 3
470 471 4
470 498 3
471 472 5
471 499 3
472 473 5
472 500 1
473 474 1
473 501 3
474 475 5
474 502 3
475 476 3
475 503 1
476 504 1
477 478 2
477 505 2
478 479 1
478 506 1
479 480 2
479 507 1
480 481 1
480 508 5
481 482 2
481 509 5
482 483 1
482 510 4
483 484 5
483 511 5
484 485 5
484 512 3
485 486 5
485 513 3
486 487 3
486 514 1
487 488 3
487 515 2
488 489 3
488 516 5
489 490 1
489 517 4
490 491 2
490 518 4
491 492 2
491 519 4
492 493 4
492 520 4
493 494 3
493 521 5
494 495 5
494 522 4
495 496 4
495 523 5
496 497 4
496 524 3
497 498 5
497 525 5
498 499 5
498 526 1
499 500 2
499 527 4
500 501 3
500 528 3
501 502 4
501 529 1
502 503 1
502 530 5
503 504 5
503 531 3
504 532 4
505 506 3
505 533 1
506 507 1
506 534 3
507 508 4
507 535 2
508 509 2
508 536 5
509 510 5
509 537 4
510 511 4
510 538 1
511 512 3
511 539 2
512 513 1
512 540 2
513 514 5
513 541 1
514 515 3
514 542 4
515 516 1
515 543 2
516 517 2
516 544 5
517 518 2
517 545 4
518 519 1
518 546 1
519 520 2
519 547 3
520 521 5
520 548 1
521 522 2
521 549 4
522 523 3
522 550 1
523 524 4
523 551 1
524 525 2
524 552 3
525 526 1
525 553 5
526 527 1
526 554 3
527 528 2
527 555 5
528 529 2
528 556 5
529 530 1
529 557 3
530 531 2
530 558 2
531 532 5
531 559 1
532 560 4
533 534 2
533 561 2
534 535 2
534 562 5
535 536 3
535 563 5
536 537 4
536 564 2
537 538 4
537 565 4
538 539 3
538 566 2
539 540 2
539 567 5
540 541 2
540 568 4
541 542 4
541 569 3
542 543 4
542 570 3
543 544 1
543 571 3
544 545 5
544 572 4
545 546 5
545 573 2
546 547 3
546 574 4
547 548 3
547 575 5
548 549 1
548 576 5
549 550 5
549 577 4
550 551 5
550 578 1
551 552 4
551 579 2
552 553 5
552 580 3
553 554 1
553 581 4
554 555 4
554 582 1
555 556 5
555 583 2
556 557 5
556 584 4
557 558 2
557 585 1
558 559 1
558 586 3
559 560 1
559 587 4
560 588 1
561 562 1
561 589 3
562 563 4
562 590 4
563 564 2
563 591 3
564 565 3
564 592 1
565 566 1
565 593 2
566 567 3
566 594 1
567 568 2
567 595 3
568 569 4
568 596 3
569 570 4
569 597 3
570 571 3
570 598 4
571 572 1
571 599 1
572 573 4
572 600 4
573 574 3
573 601 4
574 575 4
574 602 5
575 576 2
575 603 2
576 577 3
576 604 5
577 578 2
577 605 1
578 579 4
578 606 2
579 580 5
579 607 4
580 581 3
580 608 3
581 582 4
581 609 1
582 583 1
582 610 2
583 584 1
583 611 2
584 585 5
584 612 5
585 586 1
585 613 1
586 587 4
586 614 1
587 588 2
587 615 5
588 616 2
589 590 1
589 617 5
590 591 2
590 618 2
591 592 2
591 619 4
592 593 2
592 620 5
593 594 1
593 621 3
594 595 3
594 622 4
595 596 5
595 623 2
596 597 4
596 624 5
597 598 4
597 625 5
598 599 1
598 626 1
599 600 4
599 627 4
600 601 1
600 628 1
601 602 2
601 629 2
602 603 1
602 630 3
603 604 1
603 631 3
604 605 2
604 632 2
605 606 4
605 633 5
606 607 5
606 634 2
607 608 1
607 635 5
608 609 3
608 636 4
609 610 3
609 637 2
610 611 2
610 638 5
611 612 1
611 639 1
612 613 2
612 640 3
613 614 4
613 641 2
614 615 4
614 642 5
615 616 1
615 643 1
616 644 4
617 618 2
617 645 2
618 619 1
618 646 4
619 620 4
619 647 5
620 621 1
620 648 1
621 622 5
621 649 5
622 623 1
622 650 1
623 624 4
623 651 3
624 625 1
624 652 2
625 626 4
625 653 4
626 627 1
626 654 3
627 628 3
627 655 2
628 629 1
628 656 2
629 630 4
629 657 5
630 631 4
630 658 4
631 632 2
631 659 4
632 633 1
632 660 3
633 634 3
633 661 2
634 635 4
634 662 3
635 636 3
635 663 3
636 637 2
636 664 4
637 638 2
637 665 4
638 639 3
638 666 3
639 640 2
639 667 4
640 641 4
640 668 3
641 642 5
641 669 4
642 643 3
642 670 3
643 644 5
643 671 4
644 672 2
645 646 5
645 673 5
646 647 2
646 674 3
647 648 5
647 675 1
648 649 5
648 676 3
649 650 4
649 677 1
650 651 3
650 678 2
651 652 5
651 679 2
652 653 5
652 680 3
653 654 2
653 681 3
654 655 3
654 682 4
655 656 5
655 683 4
656 657 3
656 684 1
657 658 2
657 685 1
658 659 2
658 686 4
659 660 4
659 687 2
660 661 1
660 688 4
661 662 2
661 689 3
662 663 4
662 690 5
663 664 4
663 691 2
664 665 2
664 692 5
665 666 5
665 693 3
666 667 4
666 694 1
667 668 2
667 695 1
668 669 1
668 696 4
669 670 3
669 697 3
670 671 4
670 698 5
671 672 4
671 699 5
672 700 4
673 674 2
673 701 1
674 675 4
674 702 2
675 676 5
675 703 2
676 677 1
676 704 1
677 678 5
677 705 1
678 679 2
678 706 4
679 680 4
679 707 5
680 681 2
680 708 5
681 682 4
681 709 1
682 683 3
682 710 2
683 684 5
683 711 5
684 685 2
684 712 4
685 686 3
685 713 3
686 687 3
686 714 1
687 688 3
687 715 1
688 689 4
688 716 1
689 690 4
689 717 4
690 691 2
690 718 3
691 692 4
691 719 3
692 693 1
692 720 3
693 694 4
693 721 3
694 695 5
694 722 2
695 696 4
695 723 3
696 697 3
696 724 1
697 698 5
697 725 1
698 699 5
698 726 5
699 700 1
699 727 1
700 728 4
701 702 1
701 729 4
702 703 5
702 730 5
703 704 3
703 731 2
704 705 3
704 732 3
705 706 4
705 733 5
706 707 1
706 734 4
707 708 4
707 735 4
708 709 3
708 736 4
709 710 2
709 737 1
710 711 4
710 738 2
711 712 4
711 739 4
712 713 5
712 740 2
713 714 2
713 741 1
714 715 5
714 742 5
715 716 4
715 743 1
716 717 4
716 744 1
717 718 5
717 745 4
718 719 5
718 746 5
719 720 4
719 747 4
720 721 5
720 748 1
721 722 2
721 749 5
722 723 5
722 750 1
723 724 1
723 751 3
724 725 5
724 752 2
725 726 2
725 753 4
726 727 5
726 754 2
727 728 3
727 755 2
728 756 1
729 730 1
729 757 4
730 731 2
730 758 5
731 732 5
731 759 1
732 733 5
732 760 5
733 734 3
733 761 1
734 735 4
734 762 4
735 736 2
735 763 2
736 737 2
736 764 2
737 738 2
737 765 3
738 739 4
738 766 2
739 740 1
739 767 1
740 741 5
740 768 1
741 742 2
741 769 2
742 743 3
742 770 5
743 744 1
743 771 5
744 745 4
744 772 3
745 746 5
745 773 4
746 747 4
746 774 2
747 748 5
747 775 1
748 749 5
748 776 4
749 750 5
749 777 3
750 751 1
750 778 4
751 752 3
751 779 5
752 753 3
752 780 4
753 754 5
753 781 4
754 755 2
754 782 5
755 756 3
755 783 1
756 784 3
757 758 5
758 759 2
759 760 5
760 761 5
761 762 5
762 763 1
763 764 1
764 765 1
765 766 2
766 767 4
767 768 4
768 769 1
769 770 1
770 771 3
771 772 5
772 773 5
773 774 3
774 775 2
775 776 3
776 777 5
777 778 5
778 779 1
779 780 3
780 781 4
781 782 3
782 783 1
783 784 2
1 757 3
2 758 5
3 759 2
4 760 5
5 761 4
6 762 1
7 763 4
8 764 1
9 765 5
10 766 4
11 767 2
12 768 3
13 769 5
14 770 5
15 771 1
16 772 2
17 773 5
18 774 2
19 775 3
20 776 1
21 777 4
22 778 4
23 779 4
24 780 3
25 781 3
26 782 1
27 783 4
28 784 4
1 28 5
29 56 1
57 84 5
85 112 2
113 140 1
141 168 4
169 196 1
197 224 5
225 252 2
253 280 5
281 308 2
309 336 3
337 364 2
365 392 2
393 420 5
421 448 2
449 476 1
477 504 4
505 532 3
533 560 5
561 588 4
589 616 5
617 644 1
645 672 5
673 700 4
701 728 2
729 756 1
757 784 5
