784 1568
1 2 2
1 29 1
2 3 2
2 30 5
3 4 3
3 31 2
4 5 5
4 32 1
5 6 2
5 33 3
6 7 3
6 34 1
7 8 3
7 35 3
8 9 3
8 36 2
9 10 3
9 37 3
10 11 4
10 38 4
11 12 3
11 39 5
12 13 3
12 40 5
13 14 4
13 41 4
14 15 2
14 42 4
15 16 3
15 43 1
16 17 2
16 44 2
17 18 5
17 45 4
18 19 5
18 46 2
19 20 5
19 47 5
20 21 4
20 48 5
21 22 2
21 49 3
22 23 5
22 50 2
23 24 4
23 51 3
24 25 3
24 52 3
25 26 1
25 53 5
26 27 4
26 54 3
27 28 2
27 55 3
28 56 1
29 30 2
29 57 1
30 31 5
30 58 4
31 32 5
31 59 1
32 33 5
32 60 2
33 34 4
33 61 5
34 35 4
34 62 3
35 36 2
35 63 4
36 37 5
36 64 2
37 38 1
37 65 5
38 39 3
38 66 4
39 40 4
39 67 3
40 41 3
40 68 3
41 42 5
41 69 4
42 43 5
42 70 5
43 44 2
43 71 1
44 45 5
44 72 3
45 46 4
45 73 3
46 47 3
46 74 4
47 48 1
47 75 2
48 49 1
48 76 1
49 50 4
49 77 2
50 51 5
50 78 5
51 52 5
51 79 2
52 53 3
52 80 1
53 54 1
53 81 2
54 55 3
54 82 1
55 56 2
55 83 1
56 84 2
57 58 2
57 85 3
58 59 2
58 86 3
59 60 3
59 87 2
60 61 4
60 88 5
61 62 2
61 89 1
62 63 2
62 90 1
63 64 5
63 91 1
64 65 3
64 92 3
65 66 1
65 93 4
66 67 3
66 94 5
67 68 4
67 95 3
68 69 1
68 96 2
69 70 2
69 97 3
70 71 2
70 98 3
71 72 5
71 99 1
72 73 1
72 100 1
73 74 5
73 101 3
74 75 5
74 102 2
75 76 1
75 103 5
76 77 3
76 104 3
77 78 3
77 105 5
78 79 1
78 106 4
79 80 5
79 107 5
80 81 3
80 108 5
81 82 4
81 109 5
82 83 4
82 110 3
83 84 2
83 111 1
84 112 5
85 86 5
85 113 5
86 87 3
86 114 1
87 88 1
87 115 3
88 89 1
88 116 2
89 90 4
89 117 5
90 91 2
90 118 1
91 92 2
91 119 5
92 93 3
92 120 4
93 94 4
93 121 2
94 95 3
94 122 5
95 96 2
95 123 3
96 97 3
96 124 4
97 98 5
97 125 3
98 99 3
98 126 3
99 100 1
99 127 5
100 101 5
100 128 2
101 102 1
101 129 4
102 103 2
102 130 2
103 104 4
103 131 5
104 105 4
104 132 2
105 106 1
105 133 2
106 107 4
106 134 3
107 108 4
107 135 1
108 109 3
108 136 2
109 110 4
109 137 1
110 111 1
110 138 5
111 112 5
111 139 3
112 140 1
113 114 1
113 141 3
114 115 4
114 142 1
115 116 2
115 143 1
116 117 2
116 144 5
117 118 2
117 145 1
118 119 3
118 146 2
119 120 5
119 147 3
120 121 1
120 148 4
121 122 4
121 149 5
122 123 5
122 150 5
123 124 4
123 151 5
124 125 3
124 152 5
125 126 3
125 153 3
126 127 4
126 154 2
127 128 4
127 155 1
128 129 5
128 156 5
129 130 5
129 157 2
130 131 2
130 158 4
131 132 4
131 159 2
132 133 1
132 160 4
133 134 3
133 161 5
134 135 4
134 162 3
135 136 2
135 163 5
136 137 1
136 164 3
137 138 3
137 165 1
138 139 2
138 166 4
139 140 1
139 167 3
140 168 4
141 142 2
141 169 5
142 143 3
142 170 5
143 144 2
143 171 5
144 145 1
144 172 1
145 146 1
145 173 1
146 147 4
146 174 4
147 148 4
147 175 4
148 149 1
148 176 3
149 150 4
149 177 4
150 151 5
150 178 2
151 152 3
151 179 5
152 153 5
152 180 3
153 154 5
153 181 1
154 155 1
154 182 4
155 156 2
155 183 5
156 157 3
156 184 5
157 158 2
157 185 1
158 159 1
158 186 5
159 160 2
159 187 4
160 161 5
160 188 5
161 162 1
161 189 5
162 163 3
162 190 5
163 164 1
163 191 3
164 165 1
164 192 3
165 166 4
165 193 2
166 167 4
166 194 1
167 168 5
167 195 5
168 196 1
169 170 2
169 197 3
170 171 2
170 198 2
171 172 4
171 199 3
172 173 4
172 200 3
173 174 1
173 201 4
174 175 4
174 202 3
175 176 2
175 203 5
176 177 3
176 204 3
177 178 3
177 205 5
178 179 4
178 206 1
179 180 5
179 207 1
180 181 2
180 208 3
181 182 1
181 209 2
182 183 2
182 210 2
183 184 2
183 211 1
184 185 4
184 212 5
185 186 5
185 213 5
186 187 4
186 214 3
187 188 4
187 215 1
188 189 1
188 216 2
189 190 3
189 217 1
190 191 5
190 218 1
191 192 3
191 219 5
192 193 5
192 220 3
193 194 5
193 221 5
194 195 2
194 222 4
195 196 5
195 223 2
196 224 1
197 198 3
197 225 4
198 199 1
198 226 3
199 200 1
199 227 1
200 201 2
200 228 3
201 202 4
201 229 5
202 203 3
202 230 2
203 204 5
203 231 1
204 205 1
204 232 1
205 206 1
205 233 3
206 207 2
206 234 1
207 208 2
207 235 3
208 209 4
208 236 2
209 210 3
209 237 2
210 211 3
210 238 1
211 212 1
211 239 4
212 213 1
212 240 5
213 214 5
213 241 5
214 215 2
214 242 3
215 216 5
215 243 3
216 217 4
216 244 2
217 218 4
217 245 2
218 219 1
218 246 4
219 220 1
219 247 3
220 221 1
220 248 5
221 222 4
221 249 1
222 223 4
222 250 5
223 224 3
223 251 2
224 252 2
225 226 3
225 253 4
226 227 4
226 254 4
227 228 2
227 255 3
228 229 2
228 256 3
229 230 5
229 257 5
230 231 2
230 258 3
231 232 2
231 259 1
232 233 2
232 260 5
233 234 2
233 261 2
234 235 3
234 262 2
235 236 5
235 263 1
236 237 3
236 264 5
237 238 2
237 265 2
238 239 4
238 266 4
239 240 3
239 267 5
240 241 3
240 268 5
241 242 3
241 269 2
242 243 5
242 270 5
243 244 1
243 271 3
244 245 1
244 272 5
245 246 3
245 273 2
246 247 4
246 274 5
247 248 5
247 275 3
248 249 5
248 276 3
249 250 2
249 277 4
250 251 5
250 278 3
251 252 3
251 279 1
252 280 5
253 254 5
253 281 3
254 255 3
254 282 1
255 256 2
255 283 1
256 257 2
256 284 5
257 258 5
257 285 1
258 259 2
258 286 1
259 260 4
259 287 1
260 261 2
260 288 5
261 262 5
261 289 3
262 263 2
262 290 3
263 264 3
263 291 2
264 265 3
264 292 1
265 266 1
265 293 1
266 267 4
266 294 4
267 268 4
267 295 1
268 269 3
268 296 1
269 270 1
269 297 1
270 271 5
270 298 5
271 272 2
271 299 2
272 273 5
272 300 3
273 274 4
273 301 5
274 275 4
274 302 5
275 276 4
275 303 5
276 277 3
276 304 5
277 278 1
277 305 3
278 279 5
278 306 2
279 280 1
279 307 3
280 308 5
281 282 5
281 309 1
282 283 5
282 310 2
283 284 4
283 311 2
284 285 5
284 312 3
285 286 2
285 313 1
286 287 2
286 314 4
287 288 2
287 315 4
288 289 5
288 316 3
289 290 5
289 317 1
290 291 1
290 318 1
291 292 5
291 319 3
292 293 5
292 320 1
293 294 2
293 321 2
294 295 1
294 322 3
295 296 5
295 323 4
296 297 5
296 324 1
297 298 3
297 325 5
298 299 4
298 326 2
299 300 2
299 327 2
300 301 5
300 328 5
301 302 2
301 329 4
302 303 3
302 330 5
303 304 2
303 331 2
304 305 4
304 332 4
305 306 5
305 333 5
306 307 2
306 334 1
307 308 1
307 335 5
308 336 2
309 310 4
309 337 2
310 311 4
310 338 3
311 312 3
311 339 3
312 313 1
312 340 1
313 314 1
313 341 2
314 315 1
314 342 2
315 316 3
315 343 4
316 317 4
316 344 3
317 318 5
317 345 5
318 319 1
318 346 2
319 320 1
319 347 3
320 321 2
320 348 3
321 322 1
321 349 1
322 323 1
322 350 4
323 324 1
323 351 1
324 325 1
324 352 5
325 326 5
325 353 2
326 327 2
326 354 4
327 328 1
327 355 2
328 329 5
328 356 4
329 330 2
329 357 3
330 331 5
330 358 5
331 332 4
331 359 4
332 333 5
332 360 5
333 334 5
333 361 5
334 335 3
334 362 1
335 336 1
335 363 3
336 364 2
337 338 2
337 365 1
338 339 3
338 366 4
339 340 5
339 367 4
340 341 4
340 368 4
341 342 4
341 369 4
342 343 2
342 370 3
343 344 4
343 371 1
344 345 2
344 372 4
345 346 4
345 373 1
346 347 5
346 374 3
347 348 2
347 375 2
348 349 2
348 376 1
349 350 1
349 377 3
350 351 2
350 378 4
351 352 2
351 379 3
352 353 4
352 380 5
353 354 2
353 381 5
354 355 5
354 382 2
355 356 3
355 383 3
356 357 1
356 384 2
357 358 3
357 385 3
358 359 3
358 386 4
359 360 1
359 387 3
360 361 4
360 388 4
361 362 5
361 389 1
362 363 4
362 390 5
363 364 1
363 391 1
364 392 5
365 366 3
365 393 1
366 367 3
366 394 2
367 368 3
367 395 1
368 369 2
368 396 3
369 370 1
369 397 1
370 371 2
370 398 1
371 372 1
371 399 5
372 373 3
372 400 3
373 374 1
373 401 1
374 375 4
374 402 5
375 376 1
375 403 1
376 377 4
376 404 1
377 378 3
377 405 2
378 379 3
378 406 2
379 380 3
379 407 3
380 381 5
380 408 3
381 382 4
381 409 3
382 383 4
382 410 4
383 384 4
383 411 4
384 385 4
384 412 4
385 386 2
385 413 2
386 387 2
386 414 3
387 388 3
387 415 4
388 389 4
388 416 4
389 390 2
389 417 1
390 391 1
390 418 5
391 392 5
391 419 1
392 420 4
393 394 3
393 421 2
394 395 4
394 422 5
395 396 5
395 423 4
396 397 5
396 424 5
397 398 5
397 425 3
398 399 1
398 426 5
399 400 3
399 427 1
400 401 1
400 428 4
401 402 1
401 429 4
402 403 2
402 430 2
403 404 5
403 431 5
404 405 4
404 432 3
405 406 5
405 433 1
406 407 1
406 434 1
407 408 1
407 435 4
408 409 2
408 436 1
409 410 3
409 437 3
410 411 4
410 438 4
411 412 5
411 439 5
412 413 3
412 440 5
413 414 3
413 441 5
414 415 3
414 442 2
415 416 1
415 443 1
416 417 3
416 444 1
417 418 4
417 445 2
418 419 1
418 446 3
419 420 4
419 447 4
420 448 4
421 422 2
421 449 2
422 423 3
422 450 5
423 424 4
423 451 5
424 425 1
424 452 1
425 426 1
425 453 5
426 427 1
426 454 4
427 428 2
427 455 4
428 429 5
428 456 1
429 430 2
429 457 1
430 431 5
430 458 5
431 432 1
431 459 5
432 433 3
432 460 3
433 434 5
433 461 4
434 435 1
434 462 5
435 436 4
435 463 5
436 437 3
436 464 3
437 438 5
437 465 2
438 439 5
438 466 5
439 440 2
439 467 5
440 441 5
440 468 3
441 442 3
441 469 5
442 443 3
442 470 2
443 444 2
443 471 2
444 445 2
444 472 4
445 446 5
445 473 2
446 447 1
446 474 3
447 448 1
447 475 5
448 476 2
449 450 2
449 477 3
450 451 2
450 478 5
451 452 3
451 479 3
452 453 5
452 480 3
453 454 5
453 481 3
454 455 1
454 482 2
455 456 3
455 483 4
456 457 3
456 484 4
457 458 1
457 485 3
458 459 3
458 486 2
459 460 4
459 487 4
460 461 4
460 488 4
461 462 3
461 489 3
462 463 3
462 490 5
463 464 2
463 491 5
464 465 2
464 492 2
465 466 5
465 493 4
466 467 4
466 494 3
467 468 4
467 495 5
468 469 5
468 496 2
469 470 1
469 497 2
470 471 5
470 498 4
471 472 5
471 499 1
472 473 4
472 500 1
473 474 1
473 501 5
474 475 5
474 502 5
475 476 3
475 503 3
476 504 2
477 478 2
477 505 5
478 479 3
478 506 3
479 480 3
479 507 1
480 481 3
480 508 3
481 482 4
481 509 1
482 483 4
482 510 5
483 484 3
483 511 2
484 485 5
484 512 1
485 486 4
485 513 2
486 487 1
486 514 4
487 488 2
487 515 2
488 489 1
488 516 4
489 490 3
489 517 3
490 491 1
490 518 1
491 492 5
491 519 2
492 493 5
492 520 1
493 494 5
493 521 1
494 495 5
494 522 2
495 496 2
495 523 1
496 497 4
496 524 3
497 498 4
497 525 2
498 499 5
498 526 3
499 500 2
499 527 4
500 501 2
500 528 3
501 502 5
501 529 1
502 503 3
502 530 3
503 504 4
503 531 1
504 532 1
505 506 5
505 533 5
506 507 5
506 534 2
507 508 1
507 535 4
508 509 5
508 536 2
509 510 2
509 537 5
510 511 1
510 538 4
511 512 5
511 539 2
512 513 4
512 540 3
513 514 5
513 541 3
514 515 1
514 542 1
515 516 5
515 543 3
516 517 3
516 544 4
517 518 3
517 545 4
518 519 1
518 546 5
519 520 3
519 547 4
520 521 2
520 548 2
521 522 2
521 549 2
522 523 1
522 550 5
523 524 2
523 551 1
524 525 4
524 552 1
525 526 4
525 553 1
526 527 1
526 554 5
527 528 3
527 555 3
528 529 2
528 556 4
529 530 4
529 557 4
530 531 1
530 558 3
531 532 1
531 559 5
532 560 4
533 534 3
533 561 2
534 535 4
534 562 2
535 536 5
535 563 3
536 537 1
536 564 2
537 538 4
537 565 2
538 539 2
538 566 3
539 540 5
539 567 3
540 541 5
540 568 4
541 542 1
541 569 3
542 543 3
542 570 2
543 544 3
543 571 5
544 545 4
544 572 2
545 546 3
545 573 4
546 547 5
546 574 5
547 548 4
547 575 4
548 549 4
548 576 1
549 550 5
549 577 4
550 551 2
550 578 4
551 552 3
551 579 4
552 553 5
552 580 3
553 554 3
553 581 1
554 555 5
554 582 1
555 556 3
555 583 2
556 557 3
556 584 2
557 558 5
557 585 3
558 559 4
558 586 4
559 560 1
559 587 1
560 588 4
561 562 3
561 589 1
562 563 4
562 590 5
563 564 3
563 591 3
564 565 3
564 592 4
565 566 4
565 593 3
566 567 3
566 594 2
567 568 2
567 595 5
568 569 5
568 596 4
569 570 2
569 597 2
570 571 1
570 598 1
571 572 5
571 599 5
572 573 4
572 600 4
573 574 5
573 601 4
574 575 5
574 602 2
575 576 3
575 603 3
576 577 1
576 604 3
577 578 1
577 605 4
578 579 4
578 606 4
579 580 3
579 607 1
580 581 3
580 608 4
581 582 1
581 609 1
582 583 5
582 610 3
583 584 2
583 611 1
584 585 3
584 612 4
585 586 2
585 613 3
586 587 5
586 614 1
587 588 4
587 615 3
588 616 5
589 590 5
589 617 1
590 591 2
590 618 4
591 592 2
591 619 1
592 593 4
592 620 3
593 594 2
593 621 3
594 595 5
594 622 3
595 596 3
595 623 3
596 597 5
596 624 3
597 598 5
597 625 5
598 599 5
598 626 4
599 600 3
599 627 3
600 601 2
600 628 1
601 602 1
601 629 4
602 603 4
602 630 5
603 604 3
603 631 3
604 605 4
604 632 1
605 606 2
605 633 2
606 607 4
606 634 3
607 608 4
607 635 5
608 609 5
608 636 1
609 610 3
609 637 3
610 611 1
610 638 4
611 612 4
611 639 3
612 613 1
612 640 1
613 614 4
613 641 3
614 615 4
614 642 2
615 616 5
615 643 1
616 644 2
617 618 5
617 645 3
618 619 4
618 646 2
619 620 3
619 647 5
620 621 3
620 648 5
621 622 4
621 649 2
622 623 2
622 650 1
623 624 1
623 651 4
624 625 5
624 652 1
625 626 2
625 653 1
626 627 3
626 654 2
627 628 3
627 655 5
628 629 5
628 656 4
629 630 3
629 657 2
630 631 1
630 658 1
631 632 1
631 659 3
632 633 1
632 660 5
633 634 2
633 661 5
634 635 3
634 662 2
635 636 2
635 663 3
636 637 5
636 664 1
637 638 4
637 665 3
638 639 5
638 666 4
639 640 3
639 667 5
640 641 3
640 668 3
641 642 1
641 669 4
642 643 1
642 670 3
643 644 5
643 671 4
644 672 4
645 646 2
645 673 3
646 647 2
646 674 3
647 648 5
647 675 3
648 649 5
648 676 3
649 650 1
649 677 4
650 651 3
650 678 4
651 652 2
651 679 5
652 653 3
652 680 2
653 654 1
653 681 5
654 655 5
654 682 2
655 656 2
655 683 3
656 657 1
656 684 5
657 658 4
657 685 3
658 659 1
658 686 4
659 660 3
659 687 2
660 661 3
660 688 1
661 662 3
661 689 2
662 663 5
662 690 1
663 664 1
663 691 4
664 665 2
664 692 5
665 666 5
665 693 5
666 667 2
666 694 5
667 668 1
667 695 4
668 669 1
668 696 5
669 670 3
669 697 1
670 671 1
670 698 4
671 672 3
671 699 5
672 700 3
673 674 3
673 701 1
674 675 2
674 702 3
675 676 1
675 703 4
676 677 1
676 704 3
677 678 2
677 705 3
678 679 2
678 706 1
679 680 2
679 707 2
680 681 1
680 708 4
681 682 2
681 709 2
682 683 4
682 710 5
683 684 1
683 711 5
684 685 5
684 712 5
685 686 5
685 713 5
686 687 3
686 714 4
687 688 4
687 715 4
688 689 5
688 716 3
689 690 4
689 717 1
690 691 1
690 718 4
691 692 1
691 719 3
692 693 4
692 720 2
693 694 1
693 721 2
694 695 3
694 722 2
695 696 3
695 723 5
696 697 2
696 724 5
697 698 3
697 725 3
698 699 2
698 726 3
699 700 2
699 727 4
700 728 5
701 702 1
701 729 3
702 703 1
702 730 2
703 704 4
703 731 1
704 705 5
704 732 2
705 706 4
705 733 5
706 707 3
706 734 2
707 708 5
707 735 4
708 709 5
708 736 3
709 710 4
709 737 5
710 711 3
710 738 5
711 712 5
711 739 5
712 713 5
712 740 5
713 714 3
713 741 5
714 715 1
714 742 1
715 716 4
715 743 3
716 717 4
716 744 5
717 718 3
717 745 5
718 719 3
718 746 3
719 720 2
719 747 2
720 721 1
720 748 2
721 722 4
721 749 2
722 723 2
722 750 5
723 724 5
723 751 2
724 725 2
724 752 5
725 726 1
725 753 4
726 727 4
726 754 3
727 728 1
727 755 2
728 756 1
729 730 4
729 757 5
730 731 1
730 758 1
731 732 1
731 759 4
732 733 2
732 760 3
733 734 3
733 761 5
734 735 5
734 762 4
735 736 1
735 763 5
736 737 3
736 764 3
737 738 3
737 765 1
738 739 5
738 766 5
739 740 3
739 767 5
740 741 4
740 768 3
741 742 4
741 769 1
742 743 2
742 770 3
743 744 1
743 771 4
744 745 5
744 772 3
745 746 5
745 773 3
746 747 3
746 774 5
747 748 4
747 775 4
748 749 1
748 776 3
749 750 1
749 777 1
750 751 3
750 778 1
751 752 1
751 779 5
752 753 5
752 780 2
753 754 3
753 781 3
754 755 5
754 782 3
755 756 1
755 783 5
756 784 2
757 758 2
758 759 4
759 760 1
760 761 5
761 762 1
762 763 3
763 764 4
764 765 1
765 766 5
766 767 1
767 768 3
768 769 5
769 770 1
770 771 5
771 772 1
772 773 4
773 774 3
774 775 5
775 776 2
776 777 1
777 778 3
778 779 5
779 780 2
780 781 5
781 782 4
782 783 5
783 784 3
1 757 1
2 758 3
3 759 1
4 760 2
5 761 5
6 762 1
7 763 2
8 764 2
9 765 4
10 766 2
11 767 1
12 768 3
13 769 2
14 770 3
15 771 3
16 772 2
17 773 4
18 774 3
19 775 5
20 776 4
21 777 3
22 778 3
23 779 1
24 780 4
25 781 2
26 782 4
27 783 5
28 784 4
1 28 4
29 56 5
57 84 4
85 112 5
113 140 2
141 168 2
169 196 2
197 224 4
225 252 5
253 280 1
281 308 3
309 336 3
337 364 3
365 392 2
393 420 5
421 448 3
449 476 3
477 504 5
505 532 5
533 560 4
561 588 1
589 616 4
617 644 4
645 672 2
673 700 3
701 728 3
729 756 3
757 784 2
