784 1568
1 2 5
1 29 4
2 3 4
2 30 3
3 4 5
3 31 3
4 5 5
4 32 2
5 6 1
5 33 5
6 7 3
6 34 1
7 8 1
7 35 4
8 9 1
8 36 1
9 10 5
9 37 3
10 11 3
10 38 2
11 12 1
11 39 2
12 13 5
12 40 2
13 14 4
13 41 1
14 15 2
14 42 2
15 16 2
15 43 4
16 17 1
16 44 4
17 18 2
17 45 3
18 19 4
18 46 1
19 20 2
19 47 5
20 21 1
20 48 4
21 22 1
21 49 2
22 23 4
22 50 2
23 24 4
23 51 5
24 25 1
24 52 1
25 26 3
25 53 2
26 27 3
26 54 2
27 28 4
27 55 1
28 56 5
29 30 1
29 57 4
30 31 2
30 58 1
31 32 3
31 59 4
32 33 2
32 60 4
33 34 3
33 61 4
34 35 1
34 62 1
35 36 4
35 63 3
36 37 2
36 64 5
37 38 3
37 65 1
38 39 4
38 66 1
39 40 2
39 67 5
40 41 4
40 68 4
41 42 5
41 69 3
42 43 5
42 70 3
43 44 1
43 71 5
44 45 5
44 72 3
45 46 3
45 73 3
46 47 2
46 74 3
47 48 3
47 75 1
48 49 5
48 76 4
49 50 4
49 77 5
50 51 5
50 78 3
51 52 3
51 79 5
52 53 2
52 80 5
53 54 1
53 81 3
54 55 4
54 82 3
55 56 5
55 83 3
56 84 1
57 58 3
57 85 5
58 59 5
58 86 2
59 60 4
59 87 1
60 61 3
60 88 2
61 62 1
61 89 3
62 63 1
62 90 1
63 64 2
63 91 2
64 65 1
64 92 4
65 66 4
65 93 5
66 67 2
66 94 2
67 68 3
67 95 2
68 69 4
68 96 1
69 70 4
69 97 1
70 71 1
70 98 2
71 72 3
71 99 4
72 73 1
72 100 4
73 74 1
73 101 3
74 75 4
74 102 5
75 76 3
75 103 5
76 77 2
76 104 3
77 78 2
77 105 2
78 79 4
78 106 4
79 80 1
79 107 3
80 81 4
80 108 5
81 82 2
81 109 2
82 83 2
82 110 2
83 84 4
83 111 2
84 112 2
85 86 3
85 113 4
86 87 3
86 114 2
87 88 3
87 115 4
88 89 2
88 116 1
89 90 1
89 117 3
90 91 3
90 118 1
91 92 3
91 119 1
92 93 2
92 120 3
93 94 1
93 121 4
94 95 5
94 122 3
95 96 2
95 123 5
96 97 3
96 124 2
97 98 3
97 125 2
98 99 3
98 126 2
99 100 1
99 127 1
100 101 2
100 128 2
101 102 3
101 129 1
102 103 4
102 130 4
103 104 5
103 131 4
104 105 3
104 132 2
105 106 3
105 133 3
106 107 4
106 134 4
107 108 4
107 135 1
108 109 4
108 136 1
109 110 5
109 137 4
110 111 3
110 138 5
111 112 3
111 139 2
112 140 4
113 114 5
113 141 5
114 115 3
114 142 1
115 116 4
115 143 3
116 117 3
116 144 4
117 118 2
117 145 5
118 119 3
118 146 5
119 120 1
119 147 5
120 121 4
120 148 5
121 122 1
121 149 4
122 123 3
122 150 1
123 124 1
123 151 3
124 125 2
124 152 3
125 126 1
125 153 3
126 127 5
126 154 2
127 128 1
127 155 2
128 129 1
128 156 1
129 130 1
129 157 1
130 131 1
130 158 5
131 132 1
131 159 5
132 133 4
132 160 3
133 134 1
133 161 4
134 135 3
134 162 1
135 136 3
135 163 3
136 137 2
136 164 5
137 138 1
137 165 2
138 139 3
138 166 2
139 140 3
139 167 1
140 168 3
141 142 4
141 169 2
142 143 4
142 170 1
143 144 2
143 171 2
144 145 3
144 172 4
145 146 1
145 173 3
146 147 4
146 174 1
147 148 3
147 175 5
148 149 3
148 176 1
149 150 3
149 177 5
150 151 4
150 178 5
151 152 5
151 179 1
152 153 5
152 180 1
153 154 1
153 181 5
154 155 1
154 182 3
155 156 2
155 183 5
156 157 1
156 184 2
157 158 2
157 185 2
158 159 5
158 186 2
159 160 4
159 187 2
160 161 4
160 188 4
161 162 2
161 189 2
162 163 5
162 190 5
163 164 5
163 191 4
164 165 4
164 192 4
165 166 2
165 193 2
166 167 4
166 194 1
167 168 2
167 195 1
168 196 1
169 170 2
169 197 3
170 171 5
170 198 2
171 172 4
171 199 2
172 173 1
172 200 5
173 174 4
173 201 1
174 175 3
174 202 4
175 176 1
175 203 5
176 177 5
176 204 4
177 178 2
177 205 3
178 179 1
178 206 2
179 180 4
179 207 1
180 181 3
180 208 1
181 182 3
181 209 5
182 183 3
182 210 4
183 184 1
183 211 2
184 185 2
184 212 3
185 186 4
185 213 1
186 187 2
186 214 1
187 188 5
187 215 3
188 189 5
188 216 4
189 190 3
189 217 3
190 191 4
190 218 2
191 192 1
191 219 2
192 193 1
192 220 4
193 194 5
193 221 4
194 195 3
194 222 5
195 196 1
195 223 3
196 224 3
197 198 3
197 225 4
198 199 2
198 226 5
199 200 5
199 227 5
200 201 1
200 228 4
201 202 2
201 229 5
202 203 3
202 230 2
203 204 5
203 231 5
204 205 5
204 232 2
205 206 2
205 233 2
206 207 1
206 234 4
207 208 3
207 235 5
208 209 2
208 236 3
209 210 3
209 237 2
210 211 2
210 238 5
211 212 4
211 239 1
212 213 1
212 240 5
213 214 5
213 241 1
214 215 5
214 242 4
215 216 2
215 243 1
216 217 1
216 244 4
217 218 2
217 245 3
218 219 3
218 246 2
219 220 1
219 247 4
220 221 3
220 248 3
221 222 5
221 249 4
222 223 4
222 250 5
223 224 2
223 251 1
224 252 5
225 226 4
225 253 5
226 227 2
226 254 5
227 228 3
227 255 5
228 229 2
228 256 4
229 230 5
229 257 5
230 231 4
230 258 3
231 232 3
231 259 2
232 233 1
232 260 1
233 234 4
233 261 5
234 235 4
234 262 1
235 236 2
235 263 2
236 237 5
236 264 3
237 238 2
237 265 1
238 239 4
238 266 2
239 240 4
239 267 1
240 241 2
240 268 1
241 242 4
241 269 1
242 243 4
242 270 4
243 244 3
243 271 4
244 245 1
244 272 2
245 246 4
245 273 1
246 247 4
246 274 4
247 248 4
247 275 1
248 249 5
248 276 2
249 250 1
249 277 3
250 251 3
250 278 3
251 252 2
251 279 3
252 280 5
253 254 5
253 281 2
254 255 1
254 282 1
255 256 4
255 283 5
256 257 3
256 284 1
257 258 1
257 285 2
258 259 3
258 286 2
259 260 1
259 287 1
260 261 2
260 288 5
261 262 2
261 289 3
262 263 1
262 290 1
263 264 3
263 291 5
264 265 3
264 292 3
265 266 1
265 293 5
266 267 5
266 294 4
267 268 2
267 295 5
268 269 5
268 296 1
269 270 3
269 297 4
270 271 4
270 298 5
271 272 2
271 299 3
272 273 1
272 300 2
273 274 4
273 301 4
274 275 3
274 302 5
275 276 4
275 303 1
276 277 1
276 304 4
277 278 2
277 305 2
278 279 4
278 306 4
279 280 3
279 307 2
280 308 3
281 282 2
281 309 4
282 283 4
282 310 2
283 284 1
283 311 3
284 285 4
284 312 4
285 286 3
285 313 1
286 287 4
286 314 5
287 288 3
287 315 3
288 289 4
288 316 1
289 290 1
289 317 1
290 291 1
290 318 1
291 292 1
291 319 1
292 293 3
292 320 4
293 294 3
293 321 2
294 295 5
294 322 3
295 296 3
295 323 3
296 297 3
296 324 5
297 298 2
297 325 3
298 299 1
298 326 1
299 300 1
299 327 1
300 301 2
300 328 3
301 302 3
301 329 2
302 303 3
302 330 3
303 304 2
303 331 1
304 305 3
304 332 1
305 306 4
305 333 3
306 307 2
306 334 1
307 308 3
307 335 5
308 336 1
309 310 2
309 337 4
310 311 1
310 338 5
311 312 5
311 339 1
312 313 2
312 340 4
313 314 3
313 341 2
314 315 5
314 342 3
315 316 2
315 343 2
316 317 1
316 344 3
317 318 1
317 345 2
318 319 3
318 346 3
319 320 1
319 347 5
320 321 5
320 348 1
321 322 2
321 349 5
322 323 5
322 350 4
323 324 2
323 351 1
324 325 3
324 352 1
325 326 1
325 353 3
326 327 3
326 354 5
327 328 2
327 355 3
328 329 3
328 356 4
329 330 3
329 357 5
330 331 1
330 358 1
331 332 3
331 359 4
332 333 5
332 360 5
333 334 3
333 361 3
334 335 2
334 362 4
335 336 5
335 363 4
336 364 1
337 338 5
337 365 3
338 339 5
338 366 4
339 340 5
339 367 2
340 341 1
340 368 3
341 342 4
341 369 2
342 343 5
342 370 2
343 344 3
343 371 3
344 345 3
344 372 2
345 346 5
345 373 2
346 347 2
346 374 5
347 348 1
347 375 4
348 349 1
348 376 2
349 350 4
349 377 3
350 351 5
350 378 5
351 352 1
351 379 2
352 353 2
352 380 4
353 354 2
353 381 1
354 355 3
354 382 2
355 356 5
355 383 5
356 357 4
356 384 1
357 358 4
357 385 2
358 359 5
358 386 3
359 360 2
359 387 4
360 361 5
360 388 2
361 362 1
361 389 2
362 363 4
362 390 1
363 364 4
363 391 1
364 392 2
365 366 2
365 393 5
366 367 3
366 394 4
367 368 1
367 395 3
368 369 1
368 396 3
369 370 5
369 397 2
370 371 4
370 398 3
371 372 3
371 399 3
372 373 5
372 400 4
373 374 5
373 401 3
374 375 4
374 402 5
375 376 3
375 403 5
376 377 5
376 404 5
377 378 1
377 405 2
378 379 4
378 406 5
379 380 4
379 407 3
380 381 3
380 408 2
381 382 1
381 409 5
382 383 5
382 410 4
383 384 5
383 411 4
384 385 4
384 412 5
385 386 4
385 413 4
386 387 2
386 414 4
387 388 1
387 415 2
388 389 5
388 416 4
389 390 5
389 417 1
390 391 5
390 418 3
391 392 2
391 419 3
392 420 5
393 394 4
393 421 3
394 395 2
394 422 4
395 396 2
395 423 2
396 397 1
396 424 5
397 398 2
397 425 3
398 399 4
398 426 5
399 400 5
399 427 1
400 401 3
400 428 3
401 402 1
401 429 2
402 403 2
402 430 4
403 404 1
403 431 4
404 405 3
404 432 1
405 406 3
405 433 3
406 407 5
406 434 4
407 408 2
407 435 4
408 409 4
408 436 4
409 410 1
409 437 4
410 411 5
410 438 2
411 412 1
411 439 2
412 413 4
412 440 1
413 414 1
413 441 5
414 415 2
414 442 3
415 416 3
415 443 2
416 417 4
416 444 1
417 418 4
417 445 1
418 419 3
418 446 2
419 420 4
419 447 2
420 448 4
421 422 5
421 449 3
422 423 5
422 450 2
423 424 1
423 451 2
424 425 4
424 452 2
425 426 1
425 453 1
426 427 3
426 454 3
427 428 3
427 455 2
428 429 1
428 456 3
429 430 2
429 457 3
430 431 1
430 458 5
431 432 4
431 459 1
432 433 1
432 460 5
433 434 2
433 461 5
434 435 1
434 462 4
435 436 4
435 463 1
436 437 3
436 464 2
437 438 5
437 465 4
438 439 4
438 466 3
439 440 1
439 467 4
440 441 5
440 468 2
441 442 5
441 469 3
442 443 2
442 470 2
443 444 4
443 471 1
444 445 5
444 472 5
445 446 3
445 473 2
446 447 5
446 474 4
447 448 2
447 475 4
448 476 3
449 450 2
449 477 1
450 451 3
450 478 2
451 452 4
451 479 1
452 453 3
452 480 1
453 454 4
453 481 3
454 455 5
454 482 3
455 456 2
455 483 3
456 457 1
456 484 1
457 458 2
457 485 3
458 459 3
458 486 5
459 460 1
459 487 5
460 461 2
460 488 1
461 462 2
461 489 1
462 463 4
462 490 4
463 464 3
463 491 2
464 465 4
464 492 4
465 466 1
465 493 5
466 467 4
466 494 4
467 468 5
467 495 4
468 469 3
468 496 1
469 470 3
469 497 3
470 471 2
470 498 3
471 472 2
471 499 5
472 473 2
472 500 1
473 474 3
473 501 5
474 475 1
474 502 4
475 476 5
475 503 4
476 504 5
477 478 3
477 505 3
478 479 1
478 506 5
479 480 2
479 507 4
480 481 1
480 508 5
481 482 3
481 509 1
482 483 4
482 510 2
483 484 3
483 511 3
484 485 4
484 512 3
485 486 1
485 513 4
486 487 1
486 514 2
487 488 3
487 515 1
488 489 1
488 516 1
489 490 4
489 517 3
490 491 1
490 518 2
491 492 2
491 519 3
492 493 4
492 520 5
493 494 4
493 521 2
494 495 3
494 522 5
495 496 2
495 523 4
496 497 1
496 524 3
497 498 4
497 525 3
498 499 1
498 526 5
499 500 2
499 527 2
500 501 2
500 528 4
501 502 2
501 529 3
502 503 1
502 530 4
503 504 4
503 531 2
504 532 3
505 506 3
505 533 1
506 507 3
506 534 5
507 508 1
507 535 5
508 509 2
508 536 3
509 510 5
509 537 1
510 511 2
510 538 2
511 512 3
511 539 4
512 513 4
512 540 3
513 514 1
513 541 4
514 515 4
514 542 4
515 516 4
515 543 5
516 517 3
516 544 3
517 518 3
517 545 5
518 519 3
518 546 3
519 520 1
519 547 2
520 521 1
520 548 3
521 522 5
521 549 4
522 523 5
522 550 1
523 524 5
523 551 5
524 525 2
524 552 4
525 526 1
525 553 1
526 527 3
526 554 3
527 528 5
527 555 1
528 529 2
528 556 3
529 530 4
529 557 4
530 531 2
530 558 3
531 532 2
531 559 5
532 560 3
533 534 4
533 561 1
534 535 2
534 562 1
535 536 4
535 563 1
536 537 3
536 564 5
537 538 4
537 565 1
538 539 3
538 566 5
539 540 3
539 567 2
540 541 5
540 568 1
541 542 1
541 569 2
542 543 1
542 570 4
543 544 1
543 571 3
544 545 5
544 572 2
545 546 2
545 573 1
546 547 5
546 574 1
547 548 5
547 575 2
548 549 2
548 576 5
549 550 2
549 577 2
550 551 1
550 578 4
551 552 2
551 579 5
552 553 4
552 580 4
553 554 5
553 581 2
554 555 4
554 582 2
555 556 2
555 583 5
556 557 3
556 584 2
557 558 2
557 585 2
558 559 5
558 586 1
559 560 3
559 587 1
560 588 4
561 562 3
561 589 1
562 563 3
562 590 4
563 564 1
563 591 3
564 565 4
564 592 3
565 566 3
565 593 2
566 567 3
566 594 1
567 568 2
567 595 5
568 569 3
568 596 3
569 570 1
569 597 1
570 571 5
570 598 3
571 572 3
571 599 1
572 573 3
572 600 3
573 574 4
573 601 5
574 575 2
574 602 1
575 576 1
575 603 2
576 577 1
576 604 3
577 578 4
577 605 2
578 579 4
578 606 4
579 580 1
579 607 3
580 581 2
580 608 1
581 582 4
581 609 3
582 583 3
582 610 1
583 584 3
583 611 5
584 585 5
584 612 5
585 586 5
585 613 1
586 587 2
586 614 3
587 588 3
587 615 2
588 616 3
589 590 1
589 617 4
590 591 1
590 618 1
591 592 3
591 619 5
592 593 5
592 620 4
593 594 5
593 621 1
594 595 2
594 622 3
595 596 3
595 623 5
596 597 5
596 624 2
597 598 4
597 625 4
598 599 2
598 626 1
599 600 5
599 627 5
600 601 5
600 628 5
601 602 2
601 629 1
602 603 5
602 630 2
603 604 5
603 631 2
604 605 3
604 632 1
605 606 5
605 633 2
606 607 2
606 634 1
607 608 3
607 635 3
608 609 1
608 636 5
609 610 2
609 637 3
610 611 5
610 638 5
611 612 5
611 639 2
612 613 3
612 640 4
613 614 5
613 641 4
614 615 5
614 642 5
615 616 4
615 643 2
616 644 5
617 618 3
617 645 2
618 619 4
618 646 3
619 620 1
619 647 5
620 621 3
620 648 5
621 622 2
621 649 4
622 623 4
622 650 1
623 624 3
623 651 2
624 625 1
624 652 3
625 626 4
625 653 3
626 627 5
626 654 3
627 628 3
627 655 4
628 629 4
628 656 4
629 630 5
629 657 5
630 631 5
630 658 4
631 632 1
631 659 5
632 633 3
632 660 4
633 634 5
633 661 2
634 635 1
634 662 2
635 636 5
635 663 3
636 637 3
636 664 3
637 638 5
637 665 4
638 639 3
638 666 2
639 640 1
639 667 2
640 641 3
640 668 1
641 642 1
641 669 2
642 643 1
642 670 1
643 644 1
643 671 5
644 672 2
645 646 5
645 673 2
646 647 4
646 674 4
647 648 1
647 675 5
648 649 4
648 676 1
649 650 3
649 677 5
650 651 3
650 678 3
651 652 5
651 679 1
652 653 5
652 680 1
653 654 5
653 681 5
654 655 3
654 682 5
655 656 2
655 683 3
656 657 2
656 684 4
657 658 3
657 685 3
658 659 5
658 686 1
659 660 1
659 687 4
660 661 1
660 688 4
661 662 2
661 689 3
662 663 4
662 690 4
663 664 1
663 691 2
664 665 2
664 692 1
665 666 3
665 693 1
666 667 3
666 694 2
667 668 2
667 695 5
668 669 3
668 696 1
669 670 1
669 697 2
670 671 2
670 698 5
671 672 4
671 699 5
672 700 5
673 674 3
673 701 1
674 675 1
674 702 1
675 676 3
675 703 1
676 677 2
676 704 4
677 678 1
677 705 2
678 679 2
678 706 2
679 680 1
679 707 5
680 681 2
680 708 1
681 682 4
681 709 1
682 683 1
682 710 1
683 684 2
683 711 3
684 685 5
684 712 5
685 686 2
685 713 3
686 687 2
686 714 5
687 688 1
687 715 4
688 689 3
688 716 5
689 690 2
689 717 5
690 691 3
690 718 3
691 692 3
691 719 4
692 693 5
692 720 3
693 694 2
693 721 5
694 695 5
694 722 2
695 696 1
695 723 5
696 697 1
696 724 3
697 698 2
697 725 3
698 699 1
698 726 2
699 700 3
699 727 4
700 728 1
701 702 3
701 729 5
702 703 5
702 730 5
703 704 1
703 731 4
704 705 2
704 732 4
705 706 3
705 733 5
706 707 2
706 734 2
707 708 1
707 735 5
708 709 1
708 736 3
709 710 3
709 737 4
710 711 1
710 738 5
711 712 5
711 739 5
712 713 3
712 740 3
713 714 3
713 741 1
714 715 4
714 742 5
715 716 5
715 743 3
716 717 1
716 744 2
717 718 3
717 745 4
718 719 3
718 746 2
719 720 4
719 747 4
720 721 2
720 748 2
721 722 1
721 749 1
722 723 4
722 750 3
723 724 1
723 751 3
724 725 4
724 752 5
725 726 1
725 753 2
726 727 3
726 754 4
727 728 2
727 755 2
728 756 2
729 730 3
729 757 5
730 731 3
730 758 2
731 732 3
731 759 4
732 733 3
732 760 4
733 734 5
733 761 3
734 735 1
734 762 1
735 736 5
735 763 1
736 737 3
736 764 1
737 738 3
737 765 1
738 739 5
738 766 4
739 740 3
739 767 2
740 741 1
740 768 1
741 742 5
741 769 1
742 743 1
742 770 4
743 744 4
743 771 2
744 745 1
744 772 3
745 746 2
745 773 1
746 747 4
746 774 2
747 748 1
747 775 5
748 749 2
748 776 2
749 750 1
749 777 4
750 751 1
750 778 3
751 752 1
751 779 3
752 753 5
752 780 4
753 754 2
753 781 1
754 755 3
754 782 4
755 756 2
755 783 1
756 784 3
757 758 1
758 759 2
759 760 1
760 761 1
761 762 1
762 763 4
763 764 1
764 765 3
765 766 1
766 767 2
767 768 5
768 769 1
769 770 2
770 771 2
771 772 3
772 773 4
773 774 1
774 775 1
775 776 3
776 777 1
777 778 1
778 779 2
779 780 1
780 781 4
781 782 5
782 783 2
783 784 1
1 757 4
2 758 5
3 759 5
4 760 5
5 761 1
6 762 5
7 763 4
8 764 2
9 765 1
10 766 2
11 767 2
12 768 1
13 769 1
14 770 1
15 771 1
16 772 1
17 773 4
18 774 2
19 775 3
20 776 5
21 777 4
22 778 4
23 779 4
24 780 1
25 781 3
26 782 5
27 783 5
28 784 3
1 28 2
29 56 1
57 84 3
85 112 4
113 140 4
141 168 1
169 196 5
197 224 3
225 252 1
253 280 1
281 308 4
309 336 2
337 364 2
365 392 5
393 420 1
421 448 4
449 476 4
477 504 2
505 532 5
533 560 4
561 588 3
589 616 3
617 644 3
645 672 1
673 700 3
701 728 3
729 756 4
757 784 3
