784 1568
1 2 3
1 29 4
2 3 3
2 30 3
3 4 2
3 31 5
4 5 2
4 32 4
5 6 2
5 33 1
6 7 5
6 34 4
7 8 3
7 35 3
8 9 1
8 36 3
9 10 5
9 37 1
10 11 3
10 38 4
11 12 5
11 39 2
12 13 5
12 40 2
13 14 1
13 41 4
14 15 3
14 42 5
15 16 2
15 43 2
16 17 5
16 44 3
17 18 2
17 45 4
18 19 4
18 46 4
19 20 5
19 47 1
20 21 5
20 48 1
21 22 4
21 49 3
22 23 5
22 50 5
23 24 1
23 51 2
24 25 3
24 52 5
25 26 2
25 53 4
26 27 2
26 54 2
27 28 4
27 55 1
28 56 2
29 30 4
29 57 5
30 31 1
30 58 3
31 32 5
31 59 1
32 33 2
32 60 4
33 34 3
33 61 5
34 35 5
34 62 5
35 36 1
35 63 4
36 37 1
36 64 5
37 38 5
37 65 5
38 39 2
38 66 4
39 40 1
39 67 3
40 41 2
40 68 4
41 42 3
41 69 2
42 43 4
42 70 1
43 44 2
43 71 1
44 45 5
44 72 2
45 46 4
45 73 2
46 47 5
46 74 3
47 48 3
47 75 2
48 49 5
48 76 5
49 50 1
49 77 1
50 51 3
50 78 5
51 52 3
51 79 5
52 53 3
52 80 5
53 54 4
53 81 3
54 55 1
54 82 3
55 56 3
55 83 4
56 84 1
57 58 5
57 85 2
58 59 5
58 86 1
59 60 1
59 87 2
60 61 4
60 88 5
61 62 3
61 89 4
62 63 3
62 90 1
63 64 3
63 91 3
64 65 3
64 92 1
65 66 4
65 93 3
66 67 5
66 94 2
67 68 1
67 95 5
68 69 2
68 96 5
69 70 2
69 97 4
70 71 1
70 98 4
71 72 5
71 99 4
72 73 2
72 100 2
73 74 1
73 101 1
74 75 4
74 102 1
75 76 3
75 103 2
76 77 1
76 104 5
77 78 5
77 105 3
78 79 2
78 106 1
79 80 1
79 107 4
80 81 4
80 108 3
81 82 5
81 109 1
82 83 5
82 110 1
83 84 1
83 111 1
84 112 2
85 86 5
85 113 1
86 87 5
86 114 4
87 88 3
87 115 1
88 89 3
88 116 5
89 90 4
89 117 2
90 91 5
90 118 2
91 92 5
91 119 5
92 93 2
92 120 3
93 94 1
93 121 4
94 95 2
94 122 2
95 96 2
95 123 4
96 97 2
96 124 5
97 98 2
97 125 4
98 99 2
98 126 3
99 100 4
99 127 2
100 101 1
100 128 4
101 102 2
101 129 3
102 103 1
102 130 3
103 104 3
103 131 5
104 105 5
104 132 4
105 106 2
105 133 4
106 107 1
106 134 4
107 108 5
107 135 1
108 109 3
108 136 3
109 110 4
109 137 1
110 111 1
110 138 2
111 112 4
111 139 3
112 140 1
113 114 2
113 141 2
114 115 2
114 142 1
115 116 4
115 143 4
116 117 4
116 144 3
117 118 1
117 145 5
118 119 5
118 146 3
119 120 1
119 147 4
120 121 4
120 148 4
121 122 3
121 149 5
122 123 1
122 150 4
123 124 4
123 151 3
124 125 1
124 152 3
125 126 5
125 153 1
126 127 2
126 154 3
127 128 3
127 155 2
128 129 4
128 156 5
129 130 3
129 157 5
130 131 3
130 158 2
131 132 1
131 159 2
132 133 3
132 160 1
133 134 4
133 161 4
134 135 3
134 162 5
135 136 2
135 163 4
136 137 5
136 164 2
137 138 5
137 165 5
138 139 3
138 166 4
139 140 5
139 167 1
140 168 4
141 142 2
141 169 4
142 143 1
142 170 2
143 144 1
143 171 1
144 145 4
144 172 3
145 146 4
145 173 3
146 147 5
146 174 3
147 148 5
147 175 3
148 149 5
148 176 5
149 150 4
149 177 4
150 151 2
150 178 5
151 152 2
151 179 4
152 153 3
152 180 4
153 154 3
153 181 2
154 155 4
154 182 1
155 156 1
155 183 2
156 157 4
156 184 4
157 158 4
157 185 2
158 159 5
158 186 2
159 160 1
159 187 3
160 161 1
160 188 3
161 162 4
161 189 3
162 163 3
162 190 3
163 164 5
163 191 5
164 165 2
164 192 4
165 166 2
165 193 1
166 167 3
166 194 5
167 168 1
167 195 4
168 196 5
169 170 5
169 197 5
170 171 4
170 198 3
171 172 2
171 199 1
172 173 2
172 200 4
173 174 2
173 201 5
174 175 2
174 202 1
175 176 1
175 203 4
176 177 4
176 204 4
177 178 3
177 205 4
178 179 1
178 206 1
179 180 5
179 207 3
180 181 5
180 208 5
181 182 1
181 209 5
182 183 3
182 210 3
183 184 3
183 211 3
184 185 1
184 212 2
185 186 2
185 213 1
186 187 2
186 214 2
187 188 1
187 215 3
188 189 2
188 216 3
189 190 2
189 217 5
190 191 5
190 218 1
191 192 2
191 219 2
192 193 4
192 220 1
193 194 4
193 221 2
194 195 5
194 222 4
195 196 2
195 223 2
196 224 4
197 198 2
197 225 3
198 199 5
198 226 3
199 200 3
199 227 2
200 201 4
200 228 2
201 202 1
201 229 3
202 203 1
202 230 1
203 204 3
203 231 1
204 205 5
204 232 2
205 206 4
205 233 5
206 207 5
206 234 4
207 208 5
207 235 5
208 209 2
208 236 1
209 210 5
209 237 1
210 211 5
210 238 5
211 212 1
211 239 4
212 213 5
212 240 5
213 214 1
213 241 3
214 215 5
214 242 2
215 216 2
215 243 3
216 217 1
216 244 5
217 218 5
217 245 4
218 219 2
218 246 4
219 220 5
219 247 3
220 221 5
220 248 2
221 222 5
221 249 5
222 223 4
222 250 4
223 224 4
223 251 3
224 252 2
225 226 3
225 253 5
226 227 5
226 254 1
227 228 5
227 255 2
228 229 4
228 256 2
229 230 4
229 257 4
230 231 5
230 258 2
231 232 3
231 259 4
232 233 3
232 260 2
233 234 2
233 261 2
234 235 3
234 262 1
235 236 1
235 263 1
236 237 3
236 264 1
237 238 2
237 265 5
238 239 2
238 266 1
239 240 5
239 267 2
240 241 2
240 268 4
241 242 3
241 269 4
242 243 3
242 270 2
243 244 2
243 271 4
244 245 4
244 272 5
245 246 5
245 273 1
246 247 4
246 274 1
247 248 1
247 275 5
248 249 1
248 276 1
249 250 4
249 277 1
250 251 4
250 278 5
251 252 1
251 279 1
252 280 3
253 254 1
253 281 3
254 255 4
254 282 4
255 256 4
255 283 5
256 257 2
256 284 2
257 258 4
257 285 3
258 259 3
258 286 1
259 260 5
259 287 5
260 261 4
260 288 3
261 262 5
261 289 3
262 263 3
262 290 3
263 264 2
263 291 5
264 265 1
264 292 5
265 266 3
265 293 5
266 267 5
266 294 4
267 268 4
267 295 3
268 269 4
268 296 1
269 270 3
269 297 5
270 271 1
270 298 4
271 272 1
271 299 2
272 273 3
272 300 5
273 274 2
273 301 5
274 275 5
274 302 4
275 276 2
275 303 5
276 277 1
276 304 4
277 278 5
277 305 2
278 279 3
278 306 5
279 280 4
279 307 3
280 308 3
281 282 1
281 309 1
282 283 2
282 310 4
283 284 2
283 311 5
284 285 2
284 312 5
285 286 5
285 313 3
286 287 2
286 314 4
287 288 2
287 315 3
288 289 1
288 316 1
289 290 1
289 317 4
290 291 3
290 318 5
291 292 2
291 319 2
292 293 2
292 320 5
293 294 3
293 321 1
294 295 5
294 322 1
295 296 3
295 323 1
296 297 2
296 324 3
297 298 2
297 325 2
298 299 4
298 326 5
299 300 3
299 327 1
300 301 4
300 328 4
301 302 3
301 329 1
302 303 3
302 330 5
303 304 2
303 331 5
304 305 4
304 332 1
305 306 4
305 333 5
306 307 4
306 334 1
307 308 3
307 335 4
308 336 3
309 310 3
309 337 5
310 311 2
310 338 1
311 312 3
311 339 2
312 313 1
312 340 3
313 314 5
313 341 5
314 315 1
314 342 4
315 316 5
315 343 3
316 317 4
316 344 2
317 318 5
317 345 3
318 319 4
318 346 2
319 320 5
319 347 1
320 321 2
320 348 4
321 322 1
321 349 5
322 323 3
322 350 1
323 324 2
323 351 1
324 325 4
324 352 1
325 326 1
325 353 2
326 327 3
326 354 2
327 328 3
327 355 2
328 329 2
328 356 2
329 330 3
329 357 2
330 331 1
330 358 3
331 332 4
331 359 1
332 333 3
332 360 4
333 334 2
333 361 2
334 335 5
334 362 3
335 336 5
335 363 1
336 364 3
337 338 1
337 365 1
338 339 3
338 366 4
339 340 2
339 367 5
340 341 2
340 368 2
341 342 1
341 369 5
342 343 3
342 370 2
343 344 1
343 371 5
344 345 1
344 372 3
345 346 1
345 373 2
346 347 1
346 374 3
347 348 2
347 375 4
348 349 4
348 376 4
349 350 4
349 377 3
350 351 1
350 378 3
351 352 2
351 379 2
352 353 2
352 380 3
353 354 2
353 381 4
354 355 1
354 382 4
355 356 3
355 383 4
356 357 1
356 384 4
357 358 3
357 385 1
358 359 4
358 386 1
359 360 4
359 387 5
360 361 4
360 388 4
361 362 3
361 389 3
362 363 2
362 390 2
363 364 5
363 391 4
364 392 2
365 366 2
365 393 3
366 367 4
366 394 4
367 368 1
367 395 3
368 369 3
368 396 1
369 370 2
369 397 1
370 371 5
370 398 2
371 372 1
371 399 5
372 373 2
372 400 4
373 374 5
373 401 5
374 375 2
374 402 4
375 376 5
375 403 3
376 377 5
376 404 2
377 378 1
377 405 2
378 379 4
378 406 3
379 380 2
379 407 1
380 381 3
380 408 2
381 382 4
381 409 1
382 383 1
382 410 2
383 384 1
383 411 3
384 385 3
384 412 1
385 386 3
385 413 5
386 387 5
386 414 3
387 388 5
387 415 1
388 389 4
388 416 5
389 390 5
389 417 5
390 391 3
390 418 2
391 392 3
391 419 1
392 420 1
393 394 5
393 421 2
394 395 4
394 422 4
395 396 5
395 423 3
396 397 1
396 424 2
397 398 4
397 425 3
398 399 2
398 426 3
399 400 2
399 427 2
400 401 4
400 428 3
401 402 1
401 429 5
402 403 5
402 430 2
403 404 2
403 431 3
404 405 1
404 432 4
405 406 5
405 433 5
406 407 3
406 434 3
407 408 2
407 435 5
408 409 4
408 436 5
409 410 5
409 437 1
410 411 5
410 438 1
411 412 5
411 439 2
412 413 2
412 440 5
413 414 1
413 441 1
414 415 1
414 442 5
415 416 5
415 443 5
416 417 3
416 444 5
417 418 3
417 445 5
418 419 2
418 446 4
419 420 4
419 447 1
420 448 2
421 422 4
421 449 5
422 423 1
422 450 4
423 424 3
423 451 3
424 425 1
424 452 4
425 426 1
425 453 4
426 427 4
426 454 1
427 428 3
427 455 1
428 429 4
428 456 1
429 430 5
429 457 1
430 431 2
430 458 5
431 432 1
431 459 5
432 433 5
432 460 1
433 434 4
433 461 5
434 435 1
434 462 1
435 436 4
435 463 4
436 437 4
436 464 3
437 438 1
437 465 4
438 439 2
438 466 4
439 440 1
439 467 5
440 441 4
440 468 3
441 442 5
441 469 4
442 443 2
442 470 4
443 444 2
443 471 1
444 445 1
444 472 3
445 446 2
445 473 4
446 447 2
446 474 2
447 448 2
447 475 2
448 476 3
449 450 4
449 477 5
450 451 3
450 478 3
451 452 5
451 479 1
452 453 4
452 480 2
453 454 5
453 481 5
454 455 5
454 482 3
455 456 1
455 483 4
456 457 2
456 484 5
457 458 3
457 485 1
458 459 1
458 486 1
459 460 4
459 487 2
460 461 2
460 488 1
461 462 2
461 489 1
462 463 3
462 490 5
463 464 4
463 491 1
464 465 3
464 492 5
465 466 4
465 493 1
466 467 1
466 494 3
467 468 4
467 495 3
468 469 2
468 496 5
469 470 4
469 497 3
470 471 4
470 498 4
471 472 1
471 499 3
472 473 3
472 500 1
473 474 1
473 501 4
474 475 1
474 502 3
475 476 3
475 503 1
476 504 1
477 478 4
477 505 3
478 479 1
478 506 3
479 480 2
479 507 5
480 481 5
480 508 5
481 482 4
481 509 4
482 483 3
482 510 3
483 484 3
483 511 1
484 485 1
484 512 1
485 486 3
485 513 4
486 487 3
486 514 3
487 488 4
487 515 1
488 489 4
488 516 4
489 490 3
489 517 4
490 491 1
490 518 5
491 492 1
491 519 1
492 493 1
492 520 3
493 494 2
493 521 2
494 495 3
494 522 1
495 496 4
495 523 3
496 497 1
496 524 5
497 498 2
497 525 1
498 499 5
498 526 5
499 500 4
499 527 1
500 501 3
500 528 1
501 502 4
501 529 4
502 503 1
502 530 4
503 504 2
503 531 4
504 532 4
505 506 4
505 533 2
506 507 5
506 534 5
507 508 2
507 535 4
508 509 1
508 536 2
509 510 3
509 537 5
510 511 4
510 538 4
511 512 2
511 539 3
512 513 4
512 540 3
513 514 1
513 541 5
514 515 3
514 542 2
515 516 3
515 543 1
516 517 5
516 544 1
517 518 1
517 545 3
518 519 4
518 546 4
519 520 3
519 547 1
520 521 5
520 548 1
521 522 1
521 549 3
522 523 2
522 550 3
523 524 2
523 551 1
524 525 1
524 552 1
525 526 1
525 553 3
526 527 5
526 554 4
527 528 3
527 555 5
528 529 1
528 556 2
529 530 4
529 557 1
530 531 4
530 558 2
531 532 1
531 559 3
532 560 3
533 534 3
533 561 1
534 535 1
534 562 4
535 536 3
535 563 1
536 537 3
536 564 1
537 538 5
537 565 2
538 539 5
538 566 2
539 540 1
539 567 4
540 541 2
540 568 1
541 542 5
541 569 2
542 543 4
542 570 3
543 544 1
543 571 5
544 545 1
544 572 3
545 546 1
545 573 3
546 547 1
546 574 3
547 548 1
547 575 1
548 549 1
548 576 3
549 550 3
549 577 1
550 551 4
550 578 4
551 552 2
551 579 4
552 553 5
552 580 2
553 554 3
553 581 1
554 555 3
554 582 1
555 556 4
555 583 5
556 557 5
556 584 4
557 558 5
557 585 2
558 559 4
558 586 3
559 560 1
559 587 3
560 588 3
561 562 5
561 589 3
562 563 4
562 590 3
563 564 2
563 591 4
564 565 4
564 592 2
565 566 3
565 593 1
566 567 4
566 594 1
567 568 2
567 595 2
568 569 1
568 596 3
569 570 1
569 597 4
570 571 1
570 598 4
571 572 2
571 599 3
572 573 3
572 600 1
573 574 5
573 601 4
574 575 3
574 602 3
575 576 5
575 603 1
576 577 2
576 604 3
577 578 3
577 605 3
578 579 4
578 606 1
579 580 5
579 607 1
580 581 4
580 608 3
581 582 3
581 609 4
582 583 1
582 610 5
583 584 1
583 611 5
584 585 4
584 612 3
585 586 1
585 613 4
586 587 5
586 614 2
587 588 4
587 615 5
588 616 4
589 590 4
589 617 1
590 591 4
590 618 1
591 592 2
591 619 3
592 593 1
592 620 5
593 594 1
593 621 3
594 595 4
594 622 5
595 596 4
595 623 4
596 597 2
596 624 3
597 598 3
597 625 4
598 599 3
598 626 4
599 600 3
599 627 1
600 601 2
600 628 4
601 602 5
601 629 1
602 603 4
602 630 3
603 604 1
603 631 1
604 605 5
604 632 5
605 606 5
605 633 5
606 607 3
606 634 3
607 608 3
607 635 5
608 609 1
608 636 2
609 610 2
609 637 5
610 611 3
610 638 5
611 612 1
611 639 2
612 613 2
612 640 4
613 614 3
613 641 5
614 615 2
614 642 1
615 616 5
615 643 1
616 644 3
617 618 5
617 645 5
618 619 2
618 646 1
619 620 1
619 647 1
620 621 1
620 648 1
621 622 3
621 649 1
622 623 3
622 650 4
623 624 2
623 651 5
624 625 4
624 652 4
625 626 4
625 653 5
626 627 4
626 654 4
627 628 2
627 655 5
628 629 5
628 656 3
629 630 4
629 657 4
630 631 2
630 658 4
631 632 4
631 659 3
632 633 1
632 660 4
633 634 5
633 661 5
634 635 2
634 662 3
635 636 5
635 663 4
636 637 1
636 664 5
637 638 1
637 665 3
638 639 4
638 666 2
639 640 4
639 667 1
640 641 3
640 668 3
641 642 1
641 669 3
642 643 2
642 670 3
643 644 2
643 671 2
644 672 3
645 646 2
645 673 4
646 647 5
646 674 1
647 648 1
647 675 2
648 649 3
648 676 5
649 650 1
649 677 5
650 651 1
650 678 3
651 652 1
651 679 2
652 653 3
652 680 3
653 654 3
653 681 2
654 655 4
654 682 2
655 656 2
655 683 1
656 657 4
656 684 4
657 658 4
657 685 1
658 659 4
658 686 2
659 660 4
659 687 3
660 661 1
660 688 3
661 662 1
661 689 3
662 663 4
662 690 3
663 664 4
663 691 2
664 665 5
664 692 1
665 666 4
665 693 1
666 667 1
666 694 3
667 668 2
667 695 3
668 669 4
668 696 5
669 670 1
669 697 3
670 671 3
670 698 3
671 672 4
671 699 4
672 700 5
673 674 1
673 701 1
674 675 3
674 702 1
675 676 2
675 703 3
676 677 2
676 704 5
677 678 2
677 705 4
678 679 5
678 706 3
679 680 3
679 707 1
680 681 3
680 708 3
681 682 3
681 709 2
682 683 4
682 710 3
683 684 5
683 711 2
684 685 3
684 712 1
685 686 5
685 713 2
686 687 4
686 714 2
687 688 5
687 715 4
688 689 4
688 716 4
689 690 1
689 717 1
690 691 5
690 718 4
691 692 5
691 719 1
692 693 1
692 720 3
693 694 4
693 721 5
694 695 4
694 722 2
695 696 5
695 723 1
696 697 1
696 724 5
697 698 5
697 725 4
698 699 3
698 726 1
699 700 5
699 727 4
700 728 5
701 702 1
701 729 4
702 703 4
702 730 1
703 704 5
703 731 5
704 705 3
704 732 1
705 706 5
705 733 2
706 707 3
706 734 1
707 708 5
707 735 1
708 709 5
708 736 4
709 710 3
709 737 2
710 711 1
710 738 4
711 712 4
711 739 4
712 713 1
712 740 3
713 714 3
713 741 1
714 715 3
714 742 2
715 716 3
715 743 1
716 717 1
716 744 3
717 718 1
717 745 4
718 719 3
718 746 5
719 720 5
719 747 2
720 721 2
720 748 5
721 722 2
721 749 3
722 723 1
722 750 5
723 724 2
723 751 1
724 725 4
724 752 1
725 726 4
725 753 5
726 727 3
726 754 4
727 728 5
727 755 3
728 756 4
729 730 2
729 757 1
730 731 3
730 758 1
731 732 2
731 759 3
732 733 2
732 760 2
733 734 5
733 761 4
734 735 4
734 762 4
735 736 4
735 763 3
736 737 4
736 764 2
737 738 1
737 765 4
738 739 4
738 766 3
739 740 1
739 767 2
740 741 5
740 768 4
741 742 1
741 769 2
742 743 3
742 770 3
743 744 4
743 771 2
744 745 3
744 772 1
745 746 2
745 773 4
746 747 4
746 774 1
747 748 4
747 775 2
748 749 1
748 776 3
749 750 1
749 777 3
750 751 3
750 778 5
751 752 2
751 779 2
752 753 4
752 780 3
753 754 4
753 781 3
754 755 3
754 782 3
755 756 4
755 783 4
756 784 2
757 758 3
758 759 2
759 760 4
760 761 1
761 762 5
762 763 2
763 764 2
764 765 4
765 766 2
766 767 2
767 768 3
768 769 1
769 770 4
770 771 4
771 772 4
772 773 3
773 774 2
774 775 4
775 776 1
776 777 4
777 778 5
778 779 2
779 780 5
780 781 1
781 782 3
782 783 2
783 784 4
1 757 2
2 758 2
3 759 3
4 760 1
5 761 1
6 762 5
7 763 5
8 764 1
9 765 4
10 766 4
11 767 3
12 768 4
13 769 1
14 770 5
15 771 4
16 772 4
17 773 5
18 774 4
19 775 5
20 776 1
21 777 5
22 778 3
23 779 4
24 780 5
25 781 5
26 782 2
27 783 5
28 784 5
1 28 5
29 56 3
57 84 1
85 112 2
113 140 4
141 168 1
169 196 4
197 224 3
225 252 5
253 280 4
281 308 1
309 336 3
337 364 2
365 392 1
393 420 1
421 448 3
449 476 5
477 504 5
505 532 3
533 560 4
561 588 2
589 616 1
617 644 3
645 672 3
673 700 5
701 728 5
729 756 3
757 784 1
