784 1568
1 2 5
1 29 5
2 3 5
2 30 1
3 4 1
3 31 2
4 5 2
4 32 5
5 6 2
5 33 5
6 7 5
6 34 5
7 8 2
7 35 1
8 9 2
8 36 2
9 10 2
9 37 4
10 11 2
10 38 3
11 12 3
11 39 2
12 13 3
12 40 3
13 14 1
13 41 2
14 15 5
14 42 2
15 16 1
15 43 3
16 17 2
16 44 1
17 18 1
17 45 1
18 19 1
18 46 1
19 20 1
19 47 4
20 21 4
20 48 5
21 22 4
21 49 4
22 23 2
22 50 1
23 24 2
23 51 5
24 25 2
24 52 3
25 26 4
25 53 3
26 27 1
26 54 3
27 28 1
27 55 2
28 56 1
29 30 4
29 57 1
30 31 5
30 58 4
31 32 3
31 59 5
32 33 3
32 60 5
33 34 5
33 61 2
34 35 1
34 62 3
35 36 2
35 63 5
36 37 5
36 64 4
37 38 1
37 65 3
38 39 4
38 66 5
39 40 5
39 67 4
40 41 1
40 68 4
41 42 3
41 69 1
42 43 1
42 70 3
43 44 3
43 71 2
44 45 1
44 72 3
45 46 2
45 73 4
46 47 3
46 74 3
47 48 3
47 75 1
48 49 4
48 76 3
49 50 1
49 77 5
50 51 3
50 78 1
51 52 4
51 79 5
52 53 1
52 80 3
53 54 5
53 81 5
54 55 1
54 82 2
55 56 4
55 83 2
56 84 1
57 58 1
57 85 3
58 59 1
58 86 2
59 60 2
59 87 5
60 61 5
60 88 2
61 62 1
61 89 5
62 63 5
62 90 5
63 64 3
63 91 3
64 65 4
64 92 1
65 66 5
65 93 3
66 67 5
66 94 2
67 68 4
67 95 5
68 69 4
68 96 4
69 70 1
69 97 4
70 71 2
70 98 3
71 72 2
71 99 1
72 73 5
72 100 1
73 74 1
73 101 1
74 75 4
74 102 3
75 76 5
75 103 4
76 77 2
76 104 1
77 78 2
77 105 5
78 79 1
78 106 5
79 80 5
79 107 4
80 81 2
80 108 4
81 82 4
81 109 4
82 83 5
82 110 5
83 84 1
83 111 2
84 112 1
85 86 2
85 113 1
86 87 3
86 114 3
87 88 5
87 115 5
88 89 5
88 116 3
89 90 2
89 117 5
90 91 5
90 118 2
91 92 5
91 119 1
92 93 2
92 120 5
93 94 4
93 121 2
94 95 1
94 122 4
95 96 1
95 123 2
96 97 4
96 124 3
97 98 2
97 125 1
98 99 5
98 126 3
99 100 4
99 127 1
100 101 1
100 128 2
101 102 3
101 129 2
102 103 1
102 130 2
103 104 1
103 131 2
104 105 1
104 132 3
105 106 5
105 133 4
106 107 2
106 134 2
107 108 5
107 135 1
108 109 5
108 136 1
109 110 4
109 137 2
110 111 4
110 138 5
111 112 5
111 139 4
112 140 1
113 114 4
113 141 2
114 115 5
114 142 1
115 116 1
115 143 1
116 117 5
116 144 2
117 118 2
117 145 2
118 119 2
118 146 5
119 120 4
119 147 1
120 121 3
120 148 4
121 122 2
121 149 2
122 123 2
122 150 2
123 124 2
123 151 2
124 125 2
124 152 2
125 126 1
125 153 4
126 127 5
126 154 5
127 128 4
127 155 5
128 129 4
128 156 1
129 130 1
129 157 1
130 131 3
130 158 1
131 132 4
131 159 5
132 133 2
132 160 1
133 134 2
133 161 2
134 135 5
134 162 5
135 136 2
135 163 1
136 137 3
136 164 4
137 138 2
137 165 2
138 139 1
138 166 5
139 140 3
139 167 1
140 168 5
141 142 4
141 169 3
142 143 2
142 170 5
143 144 1
143 171 2
144 145 1
144 172 4
145 146 2
145 173 4
146 147 4
146 174 1
147 148 3
147 175 5
148 149 1
148 176 2
149 150 3
149 177 5
150 151 5
150 178 2
151 152 3
151 179 1
152 153 5
152 180 4
153 154 3
153 181 1
154 155 5
154 182 3
155 156 2
155 183 3
156 157 2
156 184 5
157 158 3
157 185 4
158 159 1
158 186 1
159 160 3
159 187 3
160 161 5
160 188 1
161 162 2
161 189 3
162 163 4
162 190 1
163 164 5
163 191 4
164 165 4
164 192 1
165 166 4
165 193 3
166 167 3
166 194 3
167 168 5
167 195 3
168 196 1
169 170 5
169 197 1
170 171 3
170 198 4
171 172 3
171 199 2
172 173 1
172 200 2
173 174 3
173 201 1
174 175 4
174 202 2
175 176 5
175 203 4
176 177 3
176 204 1
177 178 5
177 205 2
178 179 3
178 206 4
179 180 5
179 207 3
180 181 4
180 208 1
181 182 4
181 209 4
182 183 2
182 210 4
183 184 4
183 211 5
184 185 4
184 212 2
185 186 2
185 213 1
186 187 4
186 214 3
187 188 2
187 215 2
188 189 4
188 216 2
189 190 2
189 217 4
190 191 2
190 218 4
191 192 5
191 219 3
192 193 2
192 220 5
193 194 4
193 221 1
194 195 3
194 222 4
195 196 3
195 223 2
196 224 4
197 198 2
197 225 4
198 199 1
198 226 3
199 200 3
199 227 2
200 201 3
200 228 1
201 202 4
201 229 4
202 203 1
202 230 5
203 204 4
203 231 3
204 205 2
204 232 1
205 206 3
205 233 5
206 207 4
206 234 1
207 208 4
207 235 5
208 209 1
208 236 2
209 210 4
209 237 4
210 211 3
210 238 1
211 212 1
211 239 4
212 213 1
212 240 4
213 214 1
213 241 4
214 215 4
214 242 3
215 216 3
215 243 2
216 217 1
216 244 1
217 218 3
217 245 1
218 219 3
218 246 1
219 220 2
219 247 4
220 221 3
220 248 1
221 222 3
221 249 4
222 223 3
222 250 2
223 224 5
223 251 5
224 252 5
225 226 2
225 253 4
226 227 5
226 254 3
227 228 1
227 255 5
228 229 4
228 256 1
229 230 5
229 257 2
230 231 5
230 258 3
231 232 4
231 259 5
232 233 4
232 260 1
233 234 1
233 261 2
234 235 5
234 262 1
235 236 4
235 263 3
236 237 1
236 264 1
237 238 2
237 265 5
238 239 4
238 266 3
239 240 5
239 267 4
240 241 3
240 268 3
241 242 5
241 269 4
242 243 4
242 270 2
243 244 4
243 271 3
244 245 5
244 272 3
245 246 2
245 273 3
246 247 3
246 274 5
247 248 1
247 275 3
248 249 2
248 276 1
249 250 1
249 277 3
250 251 5
250 278 4
251 252 3
251 279 2
252 280 2
253 254 1
253 281 3
254 255 5
254 282 2
255 256 3
255 283 1
256 257 1
256 284 4
257 258 3
257 285 5
258 259 4
258 286 3
259 260 1
259 287 5
260 261 4
260 288 3
261 262 3
261 289 2
262 263 5
262 290 2
263 264 5
263 291 2
264 265 5
264 292 4
265 266 3
265 293 4
266 267 4
266 294 1
267 268 3
267 295 1
268 269 2
268 296 1
269 270 3
269 297 2
270 271 2
270 298 5
271 272 3
271 299 1
272 273 1
272 300 4
273 274 2
273 301 2
274 275 1
274 302 1
275 276 4
275 303 4
276 277 3
276 304 3
277 278 1
277 305 2
278 279 1
278 306 5
279 280 1
279 307 5
280 308 4
281 282 1
281 309 4
282 283 1
282 310 4
283 284 1
283 311 5
284 285 1
284 312 2
285 286 5
285 313 4
286 287 2
286 314 1
287 288 2
287 315 3
288 289 2
288 316 4
289 290 5
289 317 1
290 291 1
290 318 3
291 292 1
291 319 2
292 293 3
292 320 3
293 294 2
293 321 5
294 295 1
294 322 4
295 296 4
295 323 5
296 297 3
296 324 5
297 298 4
297 325 2
298 299 3
298 326 5
299 300 3
299 327 3
300 301 5
300 328 4
301 302 2
301 329 1
302 303 3
302 330 4
303 304 3
303 331 3
304 305 5
304 332 3
305 306 2
305 333 4
306 307 3
306 334 1
307 308 1
307 335 3
308 336 1
309 310 4
309 337 1
310 311 2
310 338 2
311 312 5
311 339 3
312 313 4
312 340 1
313 314 1
313 341 2
314 315 2
314 342 2
315 316 2
315 343 1
316 317 3
316 344 4
317 318 5
317 345 4
318 319 2
318 346 4
319 320 2
319 347 4
320 321 4
320 348 4
321 322 1
321 349 3
322 323 2
322 350 4
323 324 5
323 351 3
324 325 3
324 352 1
325 326 2
325 353 2
326 327 3
326 354 5
327 328 3
327 355 4
328 329 1
328 356 4
329 330 2
329 357 4
330 331 3
330 358 2
331 332 1
331 359 1
332 333 2
332 360 3
333 334 5
333 361 3
334 335 4
334 362 5
335 336 3
335 363 5
336 364 2
337 338 4
337 365 5
338 339 2
338 366 5
339 340 3
339 367 5
340 341 4
340 368 3
341 342 1
341 369 5
342 343 3
342 370 4
343 344 4
343 371 3
344 345 3
344 372 1
345 346 3
345 373 5
346 347 4
346 374 5
347 348 4
347 375 5
348 349 1
348 376 5
349 350 3
349 377 2
350 351 5
350 378 4
351 352 4
351 379 1
352 353 1
352 380 4
353 354 3
353 381 3
354 355 2
354 382 1
355 356 3
355 383 5
356 357 5
356 384 5
357 358 5
357 385 5
358 359 1
358 386 5
359 360 1
359 387 3
360 361 4
360 388 4
361 362 3
361 389 5
362 363 3
362 390 2
363 364 1
363 391 2
364 392 1
365 366 5
365 393 5
366 367 2
366 394 5
367 368 3
367 395 3
368 369 1
368 396 5
369 370 3
369 397 2
370 371 2
370 398 2
371 372 5
371 399 3
372 373 3
372 400 5
373 374 3
373 401 1
374 375 5
374 402 5
375 376 2
375 403 3
376 377 5
376 404 3
377 378 1
377 405 4
378 379 3
378 406 5
379 380 1
379 407 1
380 381 5
380 408 1
381 382 4
381 409 5
382 383 1
382 410 3
383 384 3
383 411 2
384 385 1
384 412 2
385 386 4
385 413 5
386 387 5
386 414 1
387 388 1
387 415 5
388 389 5
388 416 3
389 390 3
389 417 5
390 391 2
390 418 1
391 392 4
391 419 2
392 420 3
393 394 1
393 421 2
394 395 5
394 422 5
395 396 5
395 423 2
396 397 3
396 424 3
397 398 2
397 425 5
398 399 1
398 426 4
399 400 2
399 427 2
400 401 5
400 428 4
401 402 2
401 429 4
402 403 4
402 430 1
403 404 2
403 431 5
404 405 3
404 432 3
405 406 4
405 433 5
406 407 1
406 434 1
407 408 3
407 435 2
408 409 1
408 436 1
409 410 3
409 437 2
410 411 2
410 438 1
411 412 5
411 439 5
412 413 1
412 440 3
413 414 4
413 441 4
414 415 5
414 442 3
415 416 2
415 443 5
416 417 5
416 444 1
417 418 1
417 445 4
418 419 5
418 446 1
419 420 5
419 447 3
420 448 3
421 422 5
421 449 3
422 423 4
422 450 1
423 424 1
423 451 5
424 425 3
424 452 4
425 426 4
425 453 1
426 427 4
426 454 3
427 428 4
427 455 2
428 429 2
428 456 1
429 430 3
429 457 4
430 431 1
430 458 3
431 432 5
431 459 2
432 433 3
432 460 2
433 434 4
433 461 3
434 435 5
434 462 4
435 436 5
435 463 1
436 437 4
436 464 3
437 438 3
437 465 3
438 439 2
438 466 3
439 440 4
439 467 2
440 441 3
440 468 1
441 442 4
441 469 1
442 443 1
442 470 2
443 444 1
443 471 1
444 445 5
444 472 5
445 446 3
445 473 5
446 447 1
446 474 2
447 448 4
447 475 3
448 476 4
449 450 3
449 477 4
450 451 3
450 478 3
451 452 1
451 479 5
452 453 5
452 480 2
453 454 1
453 481 2
454 455 2
454 482 3
455 456 3
455 483 4
456 457 5
456 484 5
457 458 1
457 485 2
458 459 5
458 486 5
459 460 3
459 487 5
460 461 5
460 488 2
461 462 4
461 489 3
462 463 3
462 490 3
463 464 1
463 491 4
464 465 5
464 492 2
465 466 1
465 493 5
466 467 2
466 494 1
467 468 2
467 495 5
468 469 1
468 496 3
469 470 1
469 497 2
470 471 4
470 498 3
471 472 1
471 499 1
472 473 3
472 500 3
473 474 1
473 501 4
474 475 3
474 502 2
475 476 4
475 503 1
476 504 2
477 478 1
477 505 1
478 479 2
478 506 1
479 480 4
479 507 5
480 481 4
480 508 2
481 482 2
481 509 3
482 483 3
482 510 3
483 484 1
483 511 4
484 485 1
484 512 5
485 486 3
485 513 5
486 487 2
486 514 4
487 488 4
487 515 2
488 489 4
488 516 2
489 490 3
489 517 3
490 491 2
490 518 5
491 492 5
491 519 5
492 493 4
492 520 1
493 494 2
493 521 4
494 495 2
494 522 3
495 496 4
495 523 4
496 497 2
496 524 5
497 498 1
497 525 4
498 499 5
498 526 3
499 500 3
499 527 5
500 501 2
500 528 5
501 502 1
501 529 5
502 503 1
502 530 2
503 504 2
503 531 5
504 532 2
505 506 3
505 533 2
506 507 4
506 534 5
507 508 3
507 535 4
508 509 3
508 536 2
509 510 5
509 537 1
510 511 4
510 538 4
511 512 4
511 539 4
512 513 2
512 540 5
513 514 2
513 541 2
514 515 1
514 542 2
515 516 4
515 543 5
516 517 4
516 544 4
517 518 2
517 545 1
518 519 2
518 546 3
519 520 5
519 547 5
520 521 3
520 548 4
521 522 2
521 549 1
522 523 3
522 550 1
523 524 2
523 551 1
524 525 1
524 552 2
525 526 4
525 553 5
526 527 4
526 554 1
527 528 4
527 555 2
528 529 3
528 556 3
529 530 5
529 557 2
530 531 4
530 558 4
531 532 2
531 559 3
532 560 1
533 534 3
533 561 2
534 535 1
534 562 2
535 536 5
535 563 5
536 537 5
536 564 5
537 538 4
537 565 5
538 539 4
538 566 4
539 540 2
539 567 4
540 541 2
540 568 3
541 542 3
541 569 5
542 543 5
542 570 4
543 544 4
543 571 2
544 545 2
544 572 2
545 546 1
545 573 5
546 547 1
546 574 2
547 548 3
547 575 5
548 549 1
548 576 3
549 550 3
549 577 1
550 551 2
550 578 4
551 552 1
551 579 2
552 553 3
552 580 4
553 554 2
553 581 3
554 555 4
554 582 2
555 556 2
555 583 3
556 557 2
556 584 1
557 558 1
557 585 2
558 559 3
558 586 4
559 560 4
559 587 2
560 588 1
561 562 3
561 589 3
562 563 5
562 590 5
563 564 5
563 591 1
564 565 3
564 592 1
565 566 3
565 593 2
566 567 1
566 594 1
567 568 4
567 595 2
568 569 3
568 596 1
569 570 4
569 597 5
570 571 1
570 598 3
571 572 3
571 599 4
572 573 5
572 600 5
573 574 5
573 601 1
574 575 1
574 602 4
575 576 1
575 603 1
576 577 3
576 604 3
577 578 4
577 605 4
578 579 1
578 606 2
579 580 5
579 607 4
580 581 4
580 608 4
581 582 2
581 609 2
582 583 2
582 610 3
583 584 1
583 611 4
584 585 1
584 612 1
585 586 2
585 613 5
586 587 2
586 614 4
587 588 5
587 615 1
588 616 2
589 590 1
589 617 3
590 591 5
590 618 4
591 592 4
591 619 5
592 593 2
592 620 3
593 594 5
593 621 4
594 595 1
594 622 2
595 596 4
595 623 1
596 597 5
596 624 2
597 598 4
597 625 1
598 599 4
598 626 5
599 600 5
599 627 2
600 601 3
600 628 1
601 602 5
601 629 4
602 603 1
602 630 5
603 604 3
603 631 5
604 605 1
604 632 3
605 606 2
605 633 5
606 607 4
606 634 1
607 608 1
607 635 5
608 609 5
608 636 1
609 610 4
609 637 5
610 611 4
610 638 3
611 612 2
611 639 4
612 613 2
612 640 1
613 614 4
613 641 3
614 615 1
614 642 1
615 616 4
615 643 2
616 644 2
617 618 5
617 645 5
618 619 3
618 646 1
619 620 2
619 647 4
620 621 1
620 648 5
621 622 4
621 649 4
622 623 2
622 650 5
623 624 2
623 651 1
624 625 4
624 652 1
625 626 1
625 653 5
626 627 1
626 654 4
627 628 3
627 655 1
628 629 3
628 656 2
629 630 2
629 657 2
630 631 4
630 658 3
631 632 3
631 659 3
632 633 2
632 660 2
633 634 5
633 661 4
634 635 3
634 662 1
635 636 3
635 663 5
636 637 2
636 664 4
637 638 2
637 665 1
638 639 5
638 666 5
639 640 2
639 667 1
640 641 1
640 668 2
641 642 2
641 669 2
642 643 4
642 670 3
643 644 1
643 671 3
644 672 2
645 646 5
645 673 4
646 647 3
646 674 2
647 648 1
647 675 5
648 649 1
648 676 4
649 650 2
649 677 5
650 651 2
650 678 5
651 652 2
651 679 5
652 653 1
652 680 4
653 654 4
653 681 2
654 655 5
654 682 2
655 656 3
655 683 5
656 657 2
656 684 3
657 658 5
657 685 3
658 659 1
658 686 4
659 660 1
659 687 3
660 661 3
660 688 3
661 662 3
661 689 3
662 663 4
662 690 1
663 664 1
663 691 4
664 665 3
664 692 2
665 666 3
665 693 1
666 667 1
666 694 3
667 668 1
667 695 4
668 669 3
668 696 2
669 670 5
669 697 5
670 671 3
670 698 1
671 672 2
671 699 1
672 700 2
673 674 4
673 701 3
674 675 4
674 702 4
675 676 4
675 703 1
676 677 5
676 704 3
677 678 5
677 705 4
678 679 2
678 706 3
679 680 2
679 707 3
680 681 3
680 708 1
681 682 5
681 709 5
682 683 4
682 710 2
683 684 5
683 711 3
684 685 2
684 712 1
685 686 3
685 713 1
686 687 2
686 714 1
687 688 4
687 715 1
688 689 3
688 716 5
689 690 3
689 717 3
690 691 2
690 718 4
691 692 1
691 719 2
692 693 3
692 720 1
693 694 4
693 721 3
694 695 3
694 722 4
695 696 3
695 723 3
696 697 4
696 724 5
697 698 3
697 725 5
698 699 1
698 726 1
699 700 5
699 727 3
700 728 4
701 702 3
701 729 1
702 703 3
702 730 3
703 704 3
703 731 2
704 705 4
704 732 3
705 706 4
705 733 1
706 707 1
706 734 2
707 708 2
707 735 3
708 709 5
708 736 5
709 710 3
709 737 5
710 711 3
710 738 1
711 712 1
711 739 3
712 713 4
712 740 1
713 714 3
713 741 4
714 715 1
714 742 1
715 716 2
715 743 2
716 717 3
716 744 4
717 718 1
717 745 4
718 719 2
718 746 2
719 720 5
719 747 3
720 721 2
720 748 4
721 722 4
721 749 5
722 723 1
722 750 2
723 724 1
723 751 1
724 725 4
724 752 1
725 726 2
725 753 4
726 727 4
726 754 3
727 728 1
727 755 2
728 756 2
729 730 5
729 757 4
730 731 4
730 758 2
731 732 5
731 759 5
732 733 4
732 760 1
733 734 5
733 761 1
734 735 3
734 762 3
735 736 5
735 763 2
736 737 4
736 764 4
737 738 5
737 765 5
738 739 4
738 766 3
739 740 4
739 767 3
740 741 2
740 768 1
741 742 5
741 769 4
742 743 4
742 770 2
743 744 2
743 771 4
744 745 3
744 772 1
745 746 1
745 773 5
746 747 4
746 774 4
747 748 3
747 775 1
748 749 1
748 776 2
749 750 1
749 777 4
750 751 5
750 778 3
751 752 3
751 779 3
752 753 5
752 780 2
753 754 4
753 781 2
754 755 3
754 782 3
755 756 4
755 783 4
756 784 4
757 758 3
758 759 1
759 760 1
760 761 4
761 762 2
762 763 5
763 764 3
764 765 3
765 766 4
766 767 3
767 768 3
768 769 3
769 770 2
770 771 2
771 772 1
772 773 5
773 774 5
774 775 2
775 776 5
776 777 5
777 778 3
778 779 3
779 780 3
780 781 2
781 782 3
782 783 1
783 784 1
1 757 5
2 758 2
3 759 2
4 760 2
5 761 4
6 762 2
7 763 1
8 764 2
9 765 5
10 766 1
11 767 2
12 768 2
13 769 1
14 770 3
15 771 2
16 772 2
17 773 5
18 774 5
19 775 5
20 776 4
21 777 1
22 778 5
23 779 2
24 780 2
25 781 2
26 782 1
27 783 4
28 784 5
1 28 1
29 56 2
57 84 1
85 112 2
113 140 2
141 168 5
169 196 4
197 224 3
225 252 1
253 280 2
281 308 2
309 336 2
337 364 1
365 392 3
393 420 5
421 448 5
449 476 2
477 504 1
505 532 5
533 560 4
561 588 3
589 616 3
617 644 4
645 672 3
673 700 3
701 728 3
729 756 5
757 784 5
