1600 3200
1 2 1
1 41 5
2 3 1
2 42 5
3 4 5
3 43 3
4 5 2
4 44 4
5 6 1
5 45 1
6 7 2
6 46 3
7 8 3
7 47 5
8 9 2
8 48 3
9 10 2
9 49 5
10 11 3
10 50 2
11 12 5
11 51 1
12 13 5
12 52 4
13 14 3
13 53 1
14 15 3
14 54 4
15 16 1
15 55 3
16 17 4
16 56 2
17 18 4
17 57 2
18 19 4
18 58 1
19 20 3
19 59 2
20 21 2
20 60 3
21 22 5
21 61 5
22 23 1
22 62 3
23 24 2
23 63 4
24 25 3
24 64 2
25 26 5
25 65 5
26 27 4
26 66 5
27 28 3
27 67 4
28 29 5
28 68 4
29 30 3
29 69 4
30 31 5
30 70 2
31 32 3
31 71 3
32 33 1
32 72 5
33 34 4
33 73 5
34 35 1
34 74 5
35 36 1
35 75 5
36 37 2
36 76 1
37 38 4
37 77 4
38 39 4
38 78 2
39 40 1
39 79 1
40 80 1
41 42 1
41 81 4
42 43 5
42 82 3
43 44 5
43 83 3
44 45 5
44 84 5
45 46 5
45 85 2
46 47 4
46 86 4
47 48 4
47 87 1
48 49 1
48 88 4
49 50 4
49 89 5
50 51 3
50 90 1
51 52 3
51 91 4
52 53 1
52 92 4
53 54 2
53 93 4
54 55 3
54 94 4
55 56 2
55 95 1
56 57 2
56 96 2
57 58 4
57 97 3
58 59 5
58 98 1
59 60 4
59 99 1
60 61 1
60 100 2
61 62 5
61 101 2
62 63 1
62 102 4
63 64 5
63 103 3
64 65 4
64 104 3
65 66 3
65 105 3
66 67 2
66 106 2
67 68 4
67 107 1
68 69 2
68 108 4
69 70 2
69 109 3
70 71 5
70 110 1
71 72 4
71 111 4
72 73 2
72 112 3
73 74 3
73 113 3
74 75 1
74 114 4
75 76 4
75 115 1
76 77 1
76 116 4
77 78 1
77 117 2
78 79 4
78 118 3
79 80 1
79 119 4
80 120 4
81 82 2
81 121 2
82 83 3
82 122 1
83 84 1
83 123 4
84 85 1
84 124 1
85 86 3
85 125 3
86 87 1
86 126 4
87 88 5
87 127 1
88 89 2
88 128 2
89 90 2
89 129 5
90 91 2
90 130 4
91 92 2
91 131 1
92 93 2
92 132 5
93 94 5
93 133 4
94 95 5
94 134 4
95 96 2
95 135 3
96 97 4
96 136 1
97 98 5
97 137 2
98 99 1
98 138 5
99 100 3
99 139 4
100 101 5
100 140 2
101 102 4
101 141 4
102 103 2
102 142 3
103 104 2
103 143 5
104 105 1
104 144 2
105 106 2
105 145 4
106 107 1
106 146 3
107 108 3
107 147 2
108 109 5
108 148 1
109 110 1
109 149 1
110 111 5
110 150 3
111 112 3
111 151 1
112 113 4
112 152 1
113 114 1
113 153 3
114 115 2
114 154 2
115 116 4
115 155 1
116 117 5
116 156 5
117 118 5
117 157 5
118 119 4
118 158 1
119 120 2
119 159 3
120 160 3
121 122 5
121 161 2
122 123 2
122 162 2
123 124 2
123 163 3
124 125 2
124 164 4
125 126 3
125 165 1
126 127 5
126 166 2
127 128 1
127 167 4
128 129 1
128 168 5
129 130 3
129 169 3
130 131 1
130 170 2
131 132 2
131 171 1
132 133 5
132 172 4
133 134 5
133 173 2
134 135 1
134 174 5
135 136 1
135 175 5
136 137 4
136 176 1
137 138 3
137 177 1
138 139 1
138 178 2
139 140 4
139 179 5
140 141 3
140 180 2
141 142 3
141 181 1
142 143 1
142 182 5
143 144 1
143 183 5
144 145 2
144 184 3
145 146 1
145 185 3
146 147 1
146 186 5
147 148 4
147 187 1
148 149 1
148 188 5
149 150 2
149 189 3
150 151 3
150 190 4
151 152 5
151 191 5
152 153 5
152 192 5
153 154 3
153 193 5
154 155 3
154 194 5
155 156 4
155 195 3
156 157 1
156 196 4
157 158 5
157 197 3
158 159 5
158 198 3
159 160 5
159 199 4
160 200 2
161 162 5
161 201 2
162 163 3
162 202 2
163 164 3
163 203 4
164 165 3
164 204 3
165 166 4
165 205 2
166 167 5
166 206 2
167 168 5
167 207 4
168 169 5
168 208 4
169 170 5
169 209 5
170 171 3
170 210 4
171 172 4
171 211 2
172 173 2
172 212 3
173 174 4
173 213 2
174 175 1
174 214 2
175 176 1
175 215 1
176 177 5
176 216 3
177 178 3
177 217 2
178 179 4
178 218 4
179 180 3
179 219 3
180 181 5
180 220 1
181 182 5
181 221 2
182 183 1
182 222 2
183 184 4
183 223 5
184 185 3
184 224 4
185 186 2
185 225 4
186 187 1
186 226 5
187 188 1
187 227 3
188 189 1
188 228 5
189 190 2
189 229 2
190 191 5
190 230 2
191 192 5
191 231 4
192 193 5
192 232 3
193 194 5
193 233 4
194 195 3
194 234 1
195 196 2
195 235 2
196 197 3
196 236 5
197 198 4
197 237 2
198 199 3
198 238 1
199 200 2
199 239 3
200 240 2
201 202 4
201 241 1
202 203 1
202 242 2
203 204 3
203 243 1
204 205 5
204 244 2
205 206 1
205 245 2
206 207 4
206 246 2
207 208 3
207 247 3
208 209 2
208 248 4
209 210 3
209 249 1
210 211 3
210 250 2
211 212 3
211 251 4
212 213 4
212 252 5
213 214 3
213 253 1
214 215 2
214 254 3
215 216 3
215 255 2
216 217 2
216 256 3
217 218 2
217 257 2
218 219 1
218 258 3
219 220 5
219 259 5
220 221 1
220 260 3
221 222 2
221 261 1
222 223 1
222 262 1
223 224 4
223 263 5
224 225 4
224 264 1
225 226 3
225 265 4
226 227 3
226 266 1
227 228 2
227 267 4
228 229 1
228 268 2
229 230 1
229 269 5
230 231 2
230 270 5
231 232 3
231 271 3
232 233 3
232 272 1
233 234 5
233 273 5
234 235 2
234 274 3
235 236 4
235 275 3
236 237 1
236 276 2
237 238 1
237 277 2
238 239 5
238 278 5
239 240 3
239 279 5
240 280 4
241 242 3
241 281 2
242 243 5
242 282 1
243 244 1
243 283 1
244 245 1
244 284 4
245 246 4
245 285 4
246 247 4
246 286 1
247 248 4
247 287 2
248 249 2
248 288 2
249 250 3
249 289 5
250 251 1
250 290 5
251 252 4
251 291 5
252 253 1
252 292 5
253 254 5
253 293 2
254 255 2
254 294 5
255 256 2
255 295 1
256 257 4
256 296 2
257 258 3
257 297 1
258 259 1
258 298 4
259 260 5
259 299 2
260 261 5
260 300 4
261 262 2
261 301 2
262 263 5
262 302 3
263 264 1
263 303 3
264 265 4
264 304 3
265 266 2
265 305 2
266 267 4
266 306 2
267 268 1
267 307 4
268 269 4
268 308 1
269 270 2
269 309 3
270 271 1
270 310 4
271 272 2
271 311 2
272 273 3
272 312 3
273 274 3
273 313 1
274 275 1
274 314 4
275 276 4
275 315 1
276 277 4
276 316 3
277 278 3
277 317 4
278 279 5
278 318 4
279 280 3
279 319 4
280 320 2
281 282 2
281 321 3
282 283 5
282 322 1
283 284 2
283 323 2
284 285 5
284 324 3
285 286 2
285 325 5
286 287 5
286 326 3
287 288 1
287 327 2
288 289 5
288 328 3
289 290 1
289 329 2
290 291 2
290 330 3
291 292 5
291 331 4
292 293 2
292 332 1
293 294 5
293 333 2
294 295 1
294 334 4
295 296 2
295 335 2
296 297 3
296 336 3
297 298 2
297 337 2
298 299 1
298 338 2
299 300 3
299 339 1
300 301 5
300 340 3
301 302 4
301 341 4
302 303 5
302 342 5
303 304 3
303 343 3
304 305 3
304 344 4
305 306 4
305 345 1
306 307 4
306 346 2
307 308 4
307 347 2
308 309 5
308 348 4
309 310 4
309 349 1
310 311 2
310 350 2
311 312 2
311 351 4
312 313 2
312 352 4
313 314 5
313 353 2
314 315 1
314 354 5
315 316 5
315 355 2
316 317 3
316 356 1
317 318 2
317 357 5
318 319 3
318 358 5
319 320 5
319 359 3
320 360 2
321 322 2
321 361 5
322 323 5
322 362 2
323 324 2
323 363 3
324 325 4
324 364 4
325 326 5
325 365 3
326 327 5
326 366 1
327 328 4
327 367 3
328 329 1
328 368 2
329 330 4
329 369 2
330 331 5
330 370 5
331 332 4
331 371 1
332 333 2
332 372 4
333 334 3
333 373 4
334 335 2
334 374 5
335 336 1
335 375 5
336 337 3
336 376 1
337 338 4
337 377 5
338 339 4
338 378 1
339 340 5
339 379 3
340 341 3
340 380 5
341 342 4
341 381 3
342 343 4
342 382 4
343 344 3
343 383 2
344 345 2
344 384 3
345 346 1
345 385 2
346 347 1
346 386 4
347 348 1
347 387 5
348 349 5
348 388 5
349 350 3
349 389 1
350 351 1
350 390 5
351 352 1
351 391 4
352 353 1
352 392 5
353 354 3
353 393 4
354 355 5
354 394 3
355 356 2
355 395 1
356 357 3
356 396 4
357 358 5
357 397 1
358 359 4
358 398 3
359 360 5
359 399 1
360 400 4
361 362 4
361 401 3
362 363 3
362 402 5
363 364 4
363 403 4
364 365 1
364 404 2
365 366 5
365 405 2
366 367 4
366 406 2
367 368 3
367 407 2
368 369 4
368 408 1
369 370 4
369 409 5
370 371 2
370 410 4
371 372 2
371 411 5
372 373 5
372 412 1
373 374 5
373 413 1
374 375 4
374 414 1
375 376 5
375 415 3
376 377 2
376 416 1
377 378 2
377 417 2
378 379 4
378 418 5
379 380 2
379 419 3
380 381 1
380 420 4
381 382 4
381 421 1
382 383 4
382 422 5
383 384 5
383 423 1
384 385 1
384 424 3
385 386 2
385 425 2
386 387 4
386 426 3
387 388 5
387 427 5
388 389 2
388 428 4
389 390 3
389 429 5
390 391 3
390 430 5
391 392 4
391 431 5
392 393 4
392 432 2
393 394 2
393 433 5
394 395 4
394 434 1
395 396 3
395 435 2
396 397 4
396 436 4
397 398 4
397 437 4
398 399 1
398 438 1
399 400 5
399 439 4
400 440 3
401 402 5
401 441 4
402 403 4
402 442 3
403 404 1
403 443 2
404 405 1
404 444 3
405 406 1
405 445 3
406 407 4
406 446 2
407 408 3
407 447 2
408 409 5
408 448 1
409 410 5
409 449 2
410 411 3
410 450 4
411 412 5
411 451 2
412 413 1
412 452 3
413 414 5
413 453 1
414 415 4
414 454 3
415 416 5
415 455 4
416 417 4
416 456 4
417 418 2
417 457 2
418 419 5
418 458 5
419 420 3
419 459 1
420 421 4
420 460 5
421 422 1
421 461 1
422 423 2
422 462 5
423 424 1
423 463 5
424 425 1
424 464 2
425 426 4
425 465 5
426 427 1
426 466 2
427 428 2
427 467 5
428 429 4
428 468 3
429 430 1
429 469 1
430 431 5
430 470 1
431 432 3
431 471 3
432 433 2
432 472 4
433 434 5
433 473 4
434 435 3
434 474 4
435 436 3
435 475 4
436 437 5
436 476 3
437 438 4
437 477 1
438 439 1
438 478 4
439 440 5
439 479 1
440 480 2
441 442 3
441 481 3
442 443 3
442 482 3
443 444 3
443 483 2
444 445 5
444 484 5
445 446 3
445 485 5
446 447 2
446 486 3
447 448 1
447 487 4
448 449 1
448 488 4
449 450 4
449 489 2
450 451 2
450 490 3
451 452 3
451 491 2
452 453 4
452 492 4
453 454 3
453 493 3
454 455 2
454 494 1
455 456 2
455 495 3
456 457 1
456 496 3
457 458 2
457 497 5
458 459 4
458 498 2
459 460 4
459 499 5
460 461 2
460 500 1
461 462 4
461 501 2
462 463 3
462 502 1
463 464 4
463 503 4
464 465 1
464 504 2
465 466 3
465 505 3
466 467 5
466 506 1
467 468 3
467 507 3
468 469 2
468 508 4
469 470 5
469 509 4
470 471 1
470 510 5
471 472 2
471 511 3
472 473 1
472 512 4
473 474 1
473 513 5
474 475 3
474 514 2
475 476 1
475 515 3
476 477 2
476 516 2
477 478 3
477 517 1
478 479 5
478 518 3
479 480 2
479 519 1
480 520 1
481 482 1
481 521 2
482 483 1
482 522 4
483 484 3
483 523 1
484 485 3
484 524 5
485 486 2
485 525 2
486 487 3
486 526 3
487 488 3
487 527 1
488 489 2
488 528 3
489 490 1
489 529 5
490 491 4
490 530 2
491 492 3
491 531 1
492 493 2
492 532 2
493 494 4
493 533 3
494 495 3
494 534 3
495 496 4
495 535 2
496 497 5
496 536 2
497 498 3
497 537 1
498 499 4
498 538 1
499 500 2
499 539 5
500 501 4
500 540 3
501 502 2
501 541 5
502 503 3
502 542 4
503 504 3
503 543 3
504 505 5
504 544 4
505 506 2
505 545 4
506 507 1
506 546 3
507 508 3
507 547 2
508 509 3
508 548 4
509 510 4
509 549 5
510 511 3
510 550 4
511 512 1
511 551 3
512 513 2
512 552 3
513 514 3
513 553 5
514 515 3
514 554 3
515 516 3
515 555 3
516 517 3
516 556 5
517 518 2
517 557 4
518 519 3
518 558 4
519 520 3
519 559 3
520 560 4
521 522 5
521 561 4
522 523 4
522 562 3
523 524 2
523 563 4
524 525 3
524 564 2
525 526 4
525 565 1
526 527 5
526 566 2
527 528 4
527 567 1
528 529 1
528 568 3
529 530 2
529 569 5
530 531 2
530 570 3
531 532 2
531 571 4
532 533 4
532 572 1
533 534 4
533 573 2
534 535 1
534 574 3
535 536 4
535 575 3
536 537 5
536 576 1
537 538 1
537 577 3
538 539 2
538 578 5
539 540 1
539 579 5
540 541 1
540 580 4
541 542 2
541 581 1
542 543 5
542 582 3
543 544 4
543 583 2
544 545 2
544 584 5
545 546 2
545 585 2
546 547 3
546 586 5
547 548 4
547 587 3
548 549 1
548 588 1
549 550 4
549 589 4
550 551 4
550 590 5
551 552 2
551 591 5
552 553 4
552 592 5
553 554 4
553 593 5
554 555 4
554 594 1
555 556 1
555 595 1
556 557 1
556 596 2
557 558 5
557 597 2
558 559 1
558 598 5
559 560 1
559 599 1
560 600 3
561 562 4
561 601 3
562 563 3
562 602 5
563 564 5
563 603 3
564 565 4
564 604 1
565 566 3
565 605 5
566 567 2
566 606 4
567 568 1
567 607 3
568 569 2
568 608 3
569 570 2
569 609 1
570 571 2
570 610 3
571 572 2
571 611 4
572 573 1
572 612 1
573 574 2
573 613 4
574 575 5
574 614 3
575 576 2
575 615 5
576 577 2
576 616 2
577 578 4
577 617 3
578 579 2
578 618 5
579 580 5
579 619 3
580 581 4
580 620 4
581 582 1
581 621 2
582 583 2
582 622 2
583 584 1
583 623 1
584 585 2
584 624 4
585 586 5
585 625 5
586 587 3
586 626 2
587 588 2
587 627 1
588 589 5
588 628 3
589 590 5
589 629 3
590 591 5
590 630 2
591 592 1
591 631 1
592 593 1
592 632 1
593 594 1
593 633 4
594 595 1
594 634 2
595 596 2
595 635 4
596 597 5
596 636 2
597 598 1
597 637 3
598 599 1
598 638 5
599 600 2
599 639 2
600 640 5
601 602 3
601 641 1
602 603 5
602 642 3
603 604 5
603 643 1
604 605 1
604 644 1
605 606 2
605 645 5
606 607 3
606 646 4
607 608 5
607 647 1
608 609 5
608 648 3
609 610 2
609 649 1
610 611 4
610 650 2
611 612 1
611 651 3
612 613 4
612 652 2
613 614 5
613 653 2
614 615 2
614 654 5
615 616 3
615 655 4
616 617 4
616 656 3
617 618 2
617 657 1
618 619 3
618 658 4
619 620 1
619 659 5
620 621 5
620 660 1
621 622 1
621 661 5
622 623 4
622 662 2
623 624 2
623 663 1
624 625 5
624 664 2
625 626 3
625 665 4
626 627 5
626 666 3
627 628 5
627 667 3
628 629 5
628 668 4
629 630 4
629 669 2
630 631 1
630 670 1
631 632 1
631 671 5
632 633 5
632 672 3
633 634 3
633 673 1
634 635 4
634 674 4
635 636 1
635 675 5
636 637 1
636 676 4
637 638 5
637 677 1
638 639 1
638 678 3
639 640 3
639 679 5
640 680 5
641 642 4
641 681 5
642 643 2
642 682 4
643 644 5
643 683 3
644 645 5
644 684 2
645 646 3
645 685 2
646 647 2
646 686 3
647 648 1
647 687 3
648 649 1
648 688 2
649 650 1
649 689 4
650 651 2
650 690 5
651 652 2
651 691 2
652 653 4
652 692 4
653 654 3
653 693 3
654 655 2
654 694 3
655 656 1
655 695 4
656 657 3
656 696 5
657 658 1
657 697 2
658 659 3
658 698 2
659 660 3
659 699 1
660 661 2
660 700 1
661 662 5
661 701 3
662 663 1
662 702 3
663 664 5
663 703 1
664 665 1
664 704 4
665 666 1
665 705 2
666 667 2
666 706 2
667 668 1
667 707 1
668 669 2
668 708 2
669 670 3
669 709 5
670 671 4
670 710 3
671 672 5
671 711 5
672 673 5
672 712 1
673 674 4
673 713 5
674 675 3
674 714 1
675 676 3
675 715 4
676 677 3
676 716 3
677 678 4
677 717 1
678 679 4
678 718 3
679 680 4
679 719 2
680 720 2
681 682 5
681 721 3
682 683 2
682 722 4
683 684 1
683 723 2
684 685 2
684 724 1
685 686 2
685 725 2
686 687 5
686 726 3
687 688 5
687 727 5
688 689 5
688 728 1
689 690 4
689 729 4
690 691 2
690 730 1
691 692 1
691 731 1
692 693 2
692 732 3
693 694 5
693 733 4
694 695 2
694 734 1
695 696 5
695 735 4
696 697 3
696 736 3
697 698 4
697 737 1
698 699 1
698 738 4
699 700 3
699 739 1
700 701 3
700 740 2
701 702 3
701 741 3
702 703 2
702 742 1
703 704 5
703 743 4
704 705 4
704 744 4
705 706 3
705 745 2
706 707 2
706 746 3
707 708 5
707 747 2
708 709 3
708 748 4
709 710 1
709 749 4
710 711 5
710 750 1
711 712 3
711 751 5
712 713 2
712 752 1
713 714 4
713 753 2
714 715 3
714 754 3
715 716 1
715 755 5
716 717 5
716 756 4
717 718 5
717 757 3
718 719 4
718 758 2
719 720 2
719 759 5
720 760 2
721 722 4
721 761 5
722 723 3
722 762 3
723 724 3
723 763 3
724 725 3
724 764 3
725 726 4
725 765 5
726 727 4
726 766 5
727 728 3
727 767 1
728 729 3
728 768 3
729 730 2
729 769 3
730 731 4
730 770 3
731 732 1
731 771 2
732 733 4
732 772 5
733 734 2
733 773 4
734 735 5
734 774 2
735 736 3
735 775 3
736 737 2
736 776 4
737 738 1
737 777 5
738 739 3
738 778 3
739 740 2
739 779 5
740 741 2
740 780 2
741 742 2
741 781 2
742 743 5
742 782 1
743 744 3
743 783 3
744 745 3
744 784 4
745 746 1
745 785 3
746 747 1
746 786 4
747 748 3
747 787 5
748 749 2
748 788 4
749 750 4
749 789 4
750 751 3
750 790 5
751 752 1
751 791 3
752 753 4
752 792 3
753 754 2
753 793 4
754 755 5
754 794 4
755 756 5
755 795 2
756 757 2
756 796 4
757 758 2
757 797 4
758 759 4
758 798 2
759 760 1
759 799 3
760 800 5
761 762 1
761 801 5
762 763 1
762 802 5
763 764 5
763 803 3
764 765 5
764 804 4
765 766 3
765 805 4
766 767 5
766 806 1
767 768 5
767 807 4
768 769 3
768 808 3
769 770 4
769 809 2
770 771 4
770 810 4
771 772 4
771 811 1
772 773 5
772 812 5
773 774 2
773 813 4
774 775 1
774 814 5
775 776 2
775 815 2
776 777 4
776 816 3
777 778 3
777 817 4
778 779 3
778 818 2
779 780 5
779 819 2
780 781 3
780 820 4
781 782 4
781 821 4
782 783 5
782 822 1
783 784 3
783 823 5
784 785 2
784 824 2
785 786 2
785 825 2
786 787 2
786 826 1
787 788 1
787 827 4
788 789 1
788 828 1
789 790 4
789 829 4
790 791 2
790 830 2
791 792 3
791 831 5
792 793 2
792 832 3
793 794 3
793 833 1
794 795 1
794 834 4
795 796 1
795 835 3
796 797 5
796 836 4
797 798 5
797 837 5
798 799 4
798 838 3
799 800 4
799 839 1
800 840 1
801 802 5
801 841 1
802 803 3
802 842 3
803 804 1
803 843 3
804 805 5
804 844 4
805 806 5
805 845 5
806 807 4
806 846 3
807 808 4
807 847 1
808 809 4
808 848 4
809 810 1
809 849 3
810 811 4
810 850 4
811 812 3
811 851 1
812 813 4
812 852 3
813 814 5
813 853 4
814 815 1
814 854 5
815 816 4
815 855 1
816 817 4
816 856 2
817 818 1
817 857 2
818 819 2
818 858 3
819 820 3
819 859 3
820 821 3
820 860 3
821 822 3
821 861 5
822 823 3
822 862 5
823 824 4
823 863 1
824 825 4
824 864 5
825 826 2
825 865 2
826 827 3
826 866 5
827 828 4
827 867 3
828 829 3
828 868 5
829 830 5
829 869 5
830 831 4
830 870 5
831 832 1
831 871 1
832 833 3
832 872 3
833 834 4
833 873 3
834 835 5
834 874 2
835 836 5
835 875 2
836 837 2
836 876 5
837 838 2
837 877 4
838 839 1
838 878 2
839 840 5
839 879 5
840 880 2
841 842 1
841 881 4
842 843 1
842 882 1
843 844 2
843 883 3
844 845 2
844 884 5
845 846 4
845 885 3
846 847 2
846 886 1
847 848 4
847 887 2
848 849 4
848 888 4
849 850 5
849 889 3
850 851 2
850 890 4
851 852 5
851 891 1
852 853 3
852 892 2
853 854 4
853 893 3
854 855 5
854 894 2
855 856 2
855 895 5
856 857 4
856 896 3
857 858 3
857 897 5
858 859 2
858 898 3
859 860 5
859 899 1
860 861 1
860 900 1
861 862 4
861 901 1
862 863 3
862 902 1
863 864 1
863 903 2
864 865 3
864 904 3
865 866 1
865 905 2
866 867 5
866 906 1
867 868 3
867 907 5
868 869 4
868 908 3
869 870 5
869 909 4
870 871 4
870 910 1
871 872 2
871 911 1
872 873 4
872 912 4
873 874 2
873 913 3
874 875 5
874 914 1
875 876 4
875 915 4
876 877 1
876 916 5
877 878 5
877 917 2
878 879 4
878 918 4
879 880 2
879 919 5
880 920 4
881 882 4
881 921 1
882 883 5
882 922 3
883 884 2
883 923 1
884 885 5
884 924 5
885 886 4
885 925 3
886 887 1
886 926 2
887 888 3
887 927 3
888 889 3
888 928 3
889 890 4
889 929 5
890 891 2
890 930 5
891 892 1
891 931 4
892 893 3
892 932 4
893 894 2
893 933 2
894 895 2
894 934 2
895 896 2
895 935 1
896 897 2
896 936 3
897 898 3
897 937 2
898 899 3
898 938 3
899 900 5
899 939 3
900 901 5
900 940 2
901 902 2
901 941 3
902 903 4
902 942 4
903 904 3
903 943 2
904 905 1
904 944 4
905 906 3
905 945 2
906 907 2
906 946 1
907 908 1
907 947 2
908 909 2
908 948 5
909 910 5
909 949 4
910 911 2
910 950 5
911 912 2
911 951 4
912 913 3
912 952 1
913 914 2
913 953 4
914 915 1
914 954 1
915 916 3
915 955 4
916 917 4
916 956 4
917 918 1
917 957 4
918 919 5
918 958 5
919 920 4
919 959 4
920 960 3
921 922 1
921 961 2
922 923 3
922 962 1
923 924 4
923 963 1
924 925 3
924 964 2
925 926 5
925 965 1
926 927 5
926 966 1
927 928 5
927 967 2
928 929 4
928 968 4
929 930 3
929 969 3
930 931 4
930 970 4
931 932 4
931 971 2
932 933 1
932 972 3
933 934 5
933 973 3
934 935 3
934 974 3
935 936 2
935 975 2
936 937 4
936 976 5
937 938 5
937 977 1
938 939 4
938 978 3
939 940 5
939 979 1
940 941 2
940 980 5
941 942 3
941 981 1
942 943 1
942 982 2
943 944 5
943 983 4
944 945 3
944 984 1
945 946 3
945 985 2
946 947 5
946 986 5
947 948 5
947 987 3
948 949 1
948 988 1
949 950 2
949 989 4
950 951 1
950 990 1
951 952 3
951 991 3
952 953 3
952 992 2
953 954 3
953 993 3
954 955 4
954 994 3
955 956 4
955 995 2
956 957 4
956 996 2
957 958 1
957 997 4
958 959 1
958 998 5
959 960 2
959 999 1
960 1000 5
961 962 2
961 1001 2
962 963 5
962 1002 5
963 964 1
963 1003 5
964 965 5
964 1004 1
965 966 1
965 1005 1
966 967 2
966 1006 1
967 968 1
967 1007 1
968 969 5
968 1008 4
969 970 5
969 1009 5
970 971 5
970 1010 4
971 972 2
971 1011 5
972 973 3
972 1012 1
973 974 5
973 1013 2
974 975 3
974 1014 5
975 976 4
975 1015 3
976 977 1
976 1016 4
977 978 3
977 1017 4
978 979 4
978 1018 5
979 980 5
979 1019 1
980 981 1
980 1020 4
981 982 4
981 1021 4
982 983 3
982 1022 2
983 984 2
983 1023 5
984 985 1
984 1024 2
985 986 3
985 1025 5
986 987 1
986 1026 2
987 988 2
987 1027 5
988 989 4
988 1028 5
989 990 2
989 1029 5
990 991 2
990 1030 3
991 992 3
991 1031 3
992 993 1
992 1032 4
993 994 1
993 1033 1
994 995 5
994 1034 1
995 996 4
995 1035 5
996 997 4
996 1036 4
997 998 2
997 1037 2
998 999 5
998 1038 4
999 1000 1
999 1039 3
1000 1040 3
1001 1002 2
1001 1041 3
1002 1003 1
1002 1042 4
1003 1004 4
1003 1043 5
1004 1005 1
1004 1044 5
1005 1006 2
1005 1045 3
1006 1007 2
1006 1046 2
1007 1008 3
1007 1047 5
1008 1009 5
1008 1048 3
1009 1010 1
1009 1049 3
1010 1011 4
1010 1050 1
1011 1012 1
1011 1051 2
1012 1013 1
1012 1052 3
1013 1014 3
1013 1053 2
1014 1015 4
1014 1054 5
1015 1016 4
1015 1055 5
1016 1017 5
1016 1056 1
1017 1018 4
1017 1057 2
1018 1019 5
1018 1058 2
1019 1020 3
1019 1059 5
1020 1021 1
1020 1060 5
1021 1022 1
1021 1061 3
1022 1023 5
1022 1062 5
1023 1024 1
1023 1063 2
1024 1025 4
1024 1064 3
1025 1026 1
1025 1065 5
1026 1027 2
1026 1066 3
1027 1028 5
1027 1067 2
1028 1029 5
1028 1068 1
1029 1030 4
1029 1069 5
1030 1031 1
1030 1070 2
1031 1032 2
1031 1071 1
1032 1033 1
1032 1072 3
1033 1034 4
1033 1073 5
1034 1035 4
1034 1074 2
1035 1036 1
1035 1075 2
1036 1037 1
1036 1076 2
1037 1038 5
1037 1077 5
1038 1039 1
1038 1078 4
1039 1040 3
1039 1079 5
1040 1080 1
1041 1042 1
1041 1081 4
1042 1043 5
1042 1082 3
1043 1044 5
1043 1083 5
1044 1045 2
1044 1084 5
1045 1046 1
1045 1085 4
1046 1047 2
1046 1086 4
1047 1048 5
1047 1087 1
1048 1049 4
1048 1088 4
1049 1050 1
1049 1089 1
1050 1051 5
1050 1090 2
1051 1052 1
1051 1091 4
1052 1053 5
1052 1092 1
1053 1054 2
1053 1093 4
1054 1055 4
1054 1094 4
1055 1056 1
1055 1095 1
1056 1057 3
1056 1096 5
1057 1058 5
1057 1097 2
1058 1059 3
1058 1098 3
1059 1060 5
1059 1099 2
1060 1061 2
1060 1100 5
1061 1062 2
1061 1101 5
1062 1063 5
1062 1102 1
1063 1064 4
1063 1103 2
1064 1065 4
1064 1104 4
1065 1066 1
1065 1105 3
1066 1067 2
1066 1106 3
1067 1068 5
1067 1107 5
1068 1069 4
1068 1108 4
1069 1070 2
1069 1109 2
1070 1071 5
1070 1110 4
1071 1072 5
1071 1111 2
1072 1073 5
1072 1112 3
1073 1074 4
1073 1113 5
1074 1075 2
1074 1114 4
1075 1076 2
1075 1115 4
1076 1077 4
1076 1116 2
1077 1078 3
1077 1117 3
1078 1079 1
1078 1118 4
1079 1080 3
1079 1119 5
1080 1120 3
1081 1082 4
1081 1121 3
1082 1083 3
1082 1122 4
1083 1084 4
1083 1123 5
1084 1085 2
1084 1124 5
1085 1086 3
1085 1125 3
1086 1087 4
1086 1126 2
1087 1088 1
1087 1127 2
1088 1089 4
1088 1128 1
1089 1090 4
1089 1129 3
1090 1091 2
1090 1130 5
1091 1092 4
1091 1131 4
1092 1093 1
1092 1132 3
1093 1094 5
1093 1133 2
1094 1095 4
1094 1134 1
1095 1096 3
1095 1135 2
1096 1097 2
1096 1136 5
1097 1098 2
1097 1137 5
1098 1099 2
1098 1138 4
1099 1100 5
1099 1139 5
1100 1101 1
1100 1140 2
1101 1102 4
1101 1141 2
1102 1103 4
1102 1142 1
1103 1104 5
1103 1143 3
1104 1105 4
1104 1144 3
1105 1106 1
1105 1145 3
1106 1107 5
1106 1146 4
1107 1108 2
1107 1147 1
1108 1109 1
1108 1148 4
1109 1110 3
1109 1149 4
1110 1111 2
1110 1150 4
1111 1112 4
1111 1151 3
1112 1113 4
1112 1152 1
1113 1114 2
1113 1153 5
1114 1115 5
1114 1154 3
1115 1116 4
1115 1155 5
1116 1117 3
1116 1156 2
1117 1118 3
1117 1157 2
1118 1119 1
1118 1158 2
1119 1120 4
1119 1159 1
1120 1160 2
1121 1122 3
1121 1161 4
1122 1123 5
1122 1162 4
1123 1124 4
1123 1163 1
1124 1125 5
1124 1164 4
1125 1126 4
1125 1165 4
1126 1127 4
1126 1166 4
1127 1128 5
1127 1167 4
1128 1129 3
1128 1168 3
1129 1130 2
1129 1169 3
1130 1131 4
1130 1170 5
1131 1132 1
1131 1171 2
1132 1133 3
1132 1172 3
1133 1134 2
1133 1173 3
1134 1135 2
1134 1174 5
1135 1136 3
1135 1175 4
1136 1137 2
1136 1176 3
1137 1138 1
1137 1177 3
1138 1139 5
1138 1178 1
1139 1140 3
1139 1179 2
1140 1141 3
1140 1180 2
1141 1142 1
1141 1181 2
1142 1143 2
1142 1182 1
1143 1144 4
1143 1183 4
1144 1145 1
1144 1184 5
1145 1146 4
1145 1185 1
1146 1147 3
1146 1186 4
1147 1148 1
1147 1187 4
1148 1149 4
1148 1188 1
1149 1150 5
1149 1189 3
1150 1151 5
1150 1190 1
1151 1152 3
1151 1191 2
1152 1153 2
1152 1192 5
1153 1154 3
1153 1193 5
1154 1155 2
1154 1194 3
1155 1156 5
1155 1195 5
1156 1157 3
1156 1196 4
1157 1158 4
1157 1197 4
1158 1159 4
1158 1198 5
1159 1160 4
1159 1199 5
1160 1200 1
1161 1162 4
1161 1201 5
1162 1163 3
1162 1202 3
1163 1164 3
1163 1203 2
1164 1165 4
1164 1204 2
1165 1166 2
1165 1205 1
1166 1167 2
1166 1206 5
1167 1168 3
1167 1207 4
1168 1169 3
1168 1208 3
1169 1170 1
1169 1209 1
1170 1171 2
1170 1210 4
1171 1172 2
1171 1211 2
1172 1173 3
1172 1212 1
1173 1174 3
1173 1213 4
1174 1175 3
1174 1214 3
1175 1176 5
1175 1215 3
1176 1177 4
1176 1216 4
1177 1178 2
1177 1217 3
1178 1179 2
1178 1218 2
1179 1180 3
1179 1219 4
1180 1181 5
1180 1220 2
1181 1182 4
1181 1221 5
1182 1183 1
1182 1222 2
1183 1184 3
1183 1223 3
1184 1185 3
1184 1224 1
1185 1186 3
1185 1225 1
1186 1187 3
1186 1226 5
1187 1188 2
1187 1227 3
1188 1189 3
1188 1228 1
1189 1190 1
1189 1229 3
1190 1191 2
1190 1230 3
1191 1192 1
1191 1231 2
1192 1193 5
1192 1232 1
1193 1194 5
1193 1233 2
1194 1195 3
1194 1234 4
1195 1196 5
1195 1235 2
1196 1197 4
1196 1236 4
1197 1198 4
1197 1237 2
1198 1199 1
1198 1238 2
1199 1200 5
1199 1239 3
1200 1240 4
1201 1202 4
1201 1241 2
1202 1203 4
1202 1242 1
1203 1204 5
1203 1243 3
1204 1205 5
1204 1244 4
1205 1206 1
1205 1245 4
1206 1207 2
1206 1246 3
1207 1208 5
1207 1247 3
1208 1209 1
1208 1248 3
1209 1210 3
1209 1249 4
1210 1211 5
1210 1250 5
1211 1212 1
1211 1251 4
1212 1213 3
1212 1252 1
1213 1214 2
1213 1253 5
1214 1215 1
1214 1254 2
1215 1216 5
1215 1255 5
1216 1217 4
1216 1256 5
1217 1218 5
1217 1257 1
1218 1219 1
1218 1258 5
1219 1220 3
1219 1259 1
1220 1221 5
1220 1260 5
1221 1222 2
1221 1261 3
1222 1223 5
1222 1262 2
1223 1224 4
1223 1263 2
1224 1225 3
1224 1264 1
1225 1226 1
1225 1265 1
1226 1227 1
1226 1266 2
1227 1228 5
1227 1267 1
1228 1229 3
1228 1268 5
1229 1230 3
1229 1269 5
1230 1231 2
1230 1270 1
1231 1232 2
1231 1271 1
1232 1233 5
1232 1272 5
1233 1234 1
1233 1273 1
1234 1235 5
1234 1274 3
1235 1236 5
1235 1275 3
1236 1237 1
1236 1276 5
1237 1238 4
1237 1277 5
1238 1239 3
1238 1278 4
1239 1240 4
1239 1279 1
1240 1280 4
1241 1242 2
1241 1281 1
1242 1243 5
1242 1282 4
1243 1244 2
1243 1283 3
1244 1245 5
1244 1284 2
1245 1246 5
1245 1285 5
1246 1247 4
1246 1286 3
1247 1248 1
1247 1287 3
1248 1249 2
1248 1288 5
1249 1250 4
1249 1289 4
1250 1251 2
1250 1290 1
1251 1252 4
1251 1291 4
1252 1253 1
1252 1292 3
1253 1254 1
1253 1293 5
1254 1255 3
1254 1294 5
1255 1256 1
1255 1295 2
1256 1257 3
1256 1296 2
1257 1258 5
1257 1297 1
1258 1259 2
1258 1298 3
1259 1260 3
1259 1299 5
1260 1261 4
1260 1300 2
1261 1262 2
1261 1301 1
1262 1263 3
1262 1302 2
1263 1264 4
1263 1303 3
1264 1265 5
1264 1304 5
1265 1266 1
1265 1305 1
1266 1267 1
1266 1306 4
1267 1268 1
1267 1307 3
1268 1269 4
1268 1308 5
1269 1270 4
1269 1309 5
1270 1271 5
1270 1310 3
1271 1272 3
1271 1311 2
1272 1273 3
1272 1312 1
1273 1274 1
1273 1313 4
1274 1275 1
1274 1314 5
1275 1276 5
1275 1315 3
1276 1277 2
1276 1316 5
1277 1278 4
1277 1317 4
1278 1279 3
1278 1318 1
1279 1280 2
1279 1319 4
1280 1320 3
1281 1282 3
1281 1321 3
1282 1283 4
1282 1322 2
1283 1284 3
1283 1323 4
1284 1285 5
1284 1324 2
1285 1286 4
1285 1325 2
1286 1287 4
1286 1326 5
1287 1288 4
1287 1327 4
1288 1289 5
1288 1328 4
1289 1290 1
1289 1329 3
1290 1291 1
1290 1330 5
1291 1292 1
1291 1331 5
1292 1293 2
1292 1332 2
1293 1294 1
1293 1333 3
1294 1295 1
1294 1334 3
1295 1296 3
1295 1335 3
1296 1297 2
1296 1336 3
1297 1298 2
1297 1337 1
1298 1299 1
1298 1338 5
1299 1300 5
1299 1339 3
1300 1301 1
1300 1340 5
1301 1302 2
1301 1341 4
1302 1303 4
1302 1342 1
1303 1304 3
1303 1343 5
1304 1305 4
1304 1344 4
1305 1306 5
1305 1345 2
1306 1307 1
1306 1346 3
1307 1308 4
1307 1347 5
1308 1309 2
1308 1348 4
1309 1310 3
1309 1349 2
1310 1311 2
1310 1350 1
1311 1312 4
1311 1351 5
1312 1313 3
1312 1352 3
1313 1314 2
1313 1353 5
1314 1315 3
1314 1354 2
1315 1316 4
1315 1355 3
1316 1317 3
1316 1356 3
1317 1318 1
1317 1357 2
1318 1319 3
1318 1358 5
1319 1320 3
1319 1359 3
1320 1360 4
1321 1322 2
1321 1361 1
1322 1323 5
1322 1362 4
1323 1324 2
1323 1363 4
1324 1325 3
1324 1364 3
1325 1326 2
1325 1365 3
1326 1327 3
1326 1366 1
1327 1328 3
1327 1367 1
1328 1329 4
1328 1368 3
1329 1330 4
1329 1369 2
1330 1331 3
1330 1370 3
1331 1332 5
1331 1371 5
1332 1333 5
1332 1372 3
1333 1334 4
1333 1373 2
1334 1335 2
1334 1374 1
1335 1336 2
1335 1375 1
1336 1337 3
1336 1376 4
1337 1338 4
1337 1377 5
1338 1339 5
1338 1378 1
1339 1340 2
1339 1379 4
1340 1341 1
1340 1380 2
1341 1342 2
1341 1381 4
1342 1343 5
1342 1382 3
1343 1344 4
1343 1383 1
1344 1345 3
1344 1384 4
1345 1346 4
1345 1385 2
1346 1347 1
1346 1386 2
1347 1348 3
1347 1387 5
1348 1349 1
1348 1388 3
1349 1350 4
1349 1389 5
1350 1351 5
1350 1390 1
1351 1352 1
1351 1391 1
1352 1353 2
1352 1392 2
1353 1354 5
1353 1393 2
1354 1355 4
1354 1394 3
1355 1356 2
1355 1395 1
1356 1357 3
1356 1396 4
1357 1358 4
1357 1397 4
1358 1359 5
1358 1398 3
1359 1360 1
1359 1399 3
1360 1400 3
1361 1362 2
1361 1401 2
1362 1363 3
1362 1402 3
1363 1364 1
1363 1403 1
1364 1365 1
1364 1404 3
1365 1366 2
1365 1405 4
1366 1367 3
1366 1406 4
1367 1368 2
1367 1407 2
1368 1369 2
1368 1408 5
1369 1370 4
1369 1409 5
1370 1371 3
1370 1410 3
1371 1372 1
1371 1411 4
1372 1373 1
1372 1412 2
1373 1374 5
1373 1413 1
1374 1375 2
1374 1414 1
1375 1376 4
1375 1415 2
1376 1377 5
1376 1416 3
1377 1378 4
1377 1417 2
1378 1379 4
1378 1418 3
1379 1380 4
1379 1419 1
1380 1381 3
1380 1420 1
1381 1382 3
1381 1421 1
1382 1383 4
1382 1422 4
1383 1384 5
1383 1423 2
1384 1385 1
1384 1424 4
1385 1386 2
1385 1425 1
1386 1387 4
1386 1426 3
1387 1388 3
1387 1427 4
1388 1389 4
1388 1428 2
1389 1390 4
1389 1429 1
1390 1391 3
1390 1430 3
1391 1392 5
1391 1431 5
1392 1393 3
1392 1432 3
1393 1394 4
1393 1433 4
1394 1395 5
1394 1434 5
1395 1396 4
1395 1435 1
1396 1397 5
1396 1436 1
1397 1398 4
1397 1437 2
1398 1399 5
1398 1438 4
1399 1400 5
1399 1439 4
1400 1440 2
1401 1402 5
1401 1441 2
1402 1403 2
1402 1442 5
1403 1404 5
1403 1443 5
1404 1405 5
1404 1444 3
1405 1406 5
1405 1445 2
1406 1407 2
1406 1446 2
1407 1408 3
1407 1447 2
1408 1409 5
1408 1448 5
1409 1410 2
1409 1449 4
1410 1411 3
1410 1450 4
1411 1412 2
1411 1451 5
1412 1413 5
1412 1452 4
1413 1414 2
1413 1453 2
1414 1415 2
1414 1454 1
1415 1416 4
1415 1455 5
1416 1417 4
1416 1456 2
1417 1418 3
1417 1457 1
1418 1419 2
1418 1458 5
1419 1420 5
1419 1459 1
1420 1421 5
1420 1460 1
1421 1422 5
1421 1461 4
1422 1423 4
1422 1462 5
1423 1424 4
1423 1463 1
1424 1425 2
1424 1464 3
1425 1426 3
1425 1465 5
1426 1427 1
1426 1466 1
1427 1428 5
1427 1467 4
1428 1429 4
1428 1468 4
1429 1430 3
1429 1469 4
1430 1431 4
1430 1470 3
1431 1432 3
1431 1471 2
1432 1433 3
1432 1472 2
1433 1434 1
1433 1473 3
1434 1435 4
1434 1474 3
1435 1436 1
1435 1475 5
1436 1437 2
1436 1476 4
1437 1438 5
1437 1477 1
1438 1439 3
1438 1478 4
1439 1440 4
1439 1479 3
1440 1480 4
1441 1442 3
1441 1481 1
1442 1443 4
1442 1482 3
1443 1444 1
1443 1483 5
1444 1445 4
1444 1484 3
1445 1446 2
1445 1485 4
1446 1447 5
1446 1486 4
1447 1448 4
1447 1487 2
1448 1449 5
1448 1488 5
1449 1450 5
1449 1489 3
1450 1451 2
1450 1490 3
1451 1452 3
1451 1491 3
1452 1453 1
1452 1492 3
1453 1454 5
1453 1493 1
1454 1455 3
1454 1494 4
1455 1456 1
1455 1495 4
1456 1457 2
1456 1496 5
1457 1458 3
1457 1497 2
1458 1459 4
1458 1498 4
1459 1460 3
1459 1499 3
1460 1461 4
1460 1500 2
1461 1462 1
1461 1501 3
1462 1463 1
1462 1502 4
1463 1464 1
1463 1503 5
1464 1465 3
1464 1504 2
1465 1466 5
1465 1505 2
1466 1467 4
1466 1506 3
1467 1468 1
1467 1507 1
1468 1469 3
1468 1508 1
1469 1470 3
1469 1509 1
1470 1471 4
1470 1510 4
1471 1472 2
1471 1511 1
1472 1473 4
1472 1512 4
1473 1474 4
1473 1513 5
1474 1475 1
1474 1514 1
1475 1476 3
1475 1515 5
1476 1477 1
1476 1516 2
1477 1478 1
1477 1517 1
1478 1479 1
1478 1518 2
1479 1480 5
1479 1519 4
1480 1520 1
1481 1482 5
1481 1521 4
1482 1483 2
1482 1522 5
1483 1484 5
1483 1523 2
1484 1485 3
1484 1524 3
1485 1486 4
1485 1525 5
1486 1487 4
1486 1526 5
1487 1488 1
1487 1527 1
1488 1489 1
1488 1528 5
1489 1490 3
1489 1529 1
1490 1491 1
1490 1530 1
1491 1492 3
1491 1531 5
1492 1493 4
1492 1532 3
1493 1494 2
1493 1533 2
1494 1495 1
1494 1534 3
1495 1496 3
1495 1535 2
1496 1497 3
1496 1536 2
1497 1498 3
1497 1537 4
1498 1499 4
1498 1538 4
1499 1500 2
1499 1539 3
1500 1501 1
1500 1540 4
1501 1502 2
1501 1541 4
1502 1503 3
1502 1542 4
1503 1504 1
1503 1543 4
1504 1505 4
1504 1544 3
1505 1506 4
1505 1545 1
1506 1507 5
1506 1546 3
1507 1508 5
1507 1547 3
1508 1509 1
1508 1548 4
1509 1510 3
1509 1549 4
1510 1511 3
1510 1550 4
1511 1512 5
1511 1551 1
1512 1513 4
1512 1552 3
1513 1514 3
1513 1553 1
1514 1515 5
1514 1554 4
1515 1516 3
1515 1555 3
1516 1517 1
1516 1556 2
1517 1518 3
1517 1557 4
1518 1519 2
1518 1558 3
1519 1520 4
1519 1559 3
1520 1560 2
1521 1522 4
1521 1561 4
1522 1523 3
1522 1562 4
1523 1524 1
1523 1563 4
1524 1525 1
1524 1564 1
1525 1526 1
1525 1565 1
1526 1527 3
1526 1566 4
1527 1528 3
1527 1567 4
1528 1529 3
1528 1568 4
1529 1530 4
1529 1569 4
1530 1531 3
1530 1570 5
1531 1532 3
1531 1571 3
1532 1533 3
1532 1572 1
1533 1534 2
1533 1573 3
1534 1535 4
1534 1574 5
1535 1536 1
1535 1575 2
1536 1537 3
1536 1576 2
1537 1538 3
1537 1577 4
1538 1539 1
1538 1578 5
1539 1540 2
1539 1579 4
1540 1541 5
1540 1580 3
1541 1542 3
1541 1581 2
1542 1543 3
1542 1582 4
1543 1544 3
1543 1583 1
1544 1545 5
1544 1584 1
1545 1546 3
1545 1585 3
1546 1547 5
1546 1586 2
1547 1548 1
1547 1587 5
1548 1549 5
1548 1588 5
1549 1550 4
1549 1589 2
1550 1551 3
1550 1590 4
1551 1552 3
1551 1591 5
1552 1553 5
1552 1592 4
1553 1554 2
1553 1593 5
1554 1555 4
1554 1594 2
1555 1556 3
1555 1595 5
1556 1557 5
1556 1596 4
1557 1558 2
1557 1597 2
1558 1559 1
1558 1598 4
1559 1560 2
1559 1599 2
1560 1600 4
1561 1562 4
1562 1563 5
1563 1564 1
1564 1565 3
1565 1566 1
1566 1567 1
1567 1568 5
1568 1569 4
1569 1570 3
1570 1571 5
1571 1572 3
1572 1573 3
1573 1574 5
1574 1575 4
1575 1576 3
1576 1577 2
1577 1578 2
1578 1579 1
1579 1580 5
1580 1581 3
1581 1582 4
1582 1583 1
1583 1584 3
1584 1585 5
1585 1586 2
1586 1587 5
1587 1588 5
1588 1589 1
1589 1590 4
1590 1591 1
1591 1592 3
1592 1593 4
1593 1594 4
1594 1595 5
1595 1596 5
1596 1597 5
1597 1598 5
1598 1599 5
1599 1600 5
1 1561 1
2 1562 3
3 1563 4
4 1564 4
5 1565 3
6 1566 5
7 1567 2
8 1568 4
9 1569 2
10 1570 4
11 1571 3
12 1572 2
13 1573 3
14 1574 4
15 1575 2
16 1576 1
17 1577 5
18 1578 3
19 1579 2
20 1580 5
21 1581 1
22 1582 3
23 1583 1
24 1584 4
25 1585 2
26 1586 1
27 1587 1
28 1588 1
29 1589 5
30 1590 2
31 1591 2
32 1592 5
33 1593 2
34 1594 1
35 1595 4
36 1596 2
37 1597 4
38 1598 4
39 1599 4
40 1600 5
1 40 2
41 80 3
81 120 3
121 160 3
161 200 3
201 240 4
241 280 3
281 320 4
321 360 1
361 400 3
401 440 2
441 480 1
481 520 4
521 560 4
561 600 4
601 640 4
641 680 5
681 720 3
721 760 2
761 800 4
801 840 1
841 880 5
881 920 5
921 960 5
961 1000 1
1001 1040 5
1041 1080 4
1081 1120 3
1121 1160 1
1161 1200 3
1201 1240 1
1241 1280 5
1281 1320 5
1321 1360 2
1361 1400 3
1401 1440 2
1441 1480 5
1481 1520 1
1521 1560 2
1561 1600 3
