1600 3200
1 2 5
1 41 4
2 3 2
2 42 3
3 4 5
3 43 3
4 5 5
4 44 2
5 6 4
5 45 2
6 7 2
6 46 4
7 8 4
7 47 3
8 9 3
8 48 5
9 10 1
9 49 3
10 11 4
10 50 4
11 12 3
11 51 5
12 13 1
12 52 5
13 14 4
13 53 2
14 15 4
14 54 5
15 16 4
15 55 4
16 17 3
16 56 3
17 18 3
17 57 1
18 19 3
18 58 2
19 20 3
19 59 3
20 21 5
20 60 2
21 22 1
21 61 5
22 23 4
22 62 4
23 24 4
23 63 2
24 25 1
24 64 1
25 26 3
25 65 3
26 27 2
26 66 4
27 28 5
27 67 4
28 29 3
28 68 3
29 30 2
29 69 2
30 31 1
30 70 3
31 32 1
31 71 2
32 33 1
32 72 1
33 34 1
33 73 2
34 35 2
34 74 4
35 36 4
35 75 5
36 37 2
36 76 1
37 38 5
37 77 2
38 39 3
38 78 2
39 40 4
39 79 4
40 80 4
41 42 3
41 81 4
42 43 3
42 82 1
43 44 2
43 83 1
44 45 1
44 84 3
45 46 2
45 85 4
46 47 3
46 86 2
47 48 2
47 87 3
48 49 1
48 88 3
49 50 5
49 89 3
50 51 2
50 90 2
51 52 1
51 91 4
52 53 3
52 92 4
53 54 2
53 93 5
54 55 4
54 94 2
55 56 2
55 95 3
56 57 5
56 96 5
57 58 4
57 97 2
58 59 3
58 98 5
59 60 2
59 99 4
60 61 3
60 100 3
61 62 2
61 101 4
62 63 5
62 102 3
63 64 4
63 103 5
64 65 2
64 104 2
65 66 1
65 105 4
66 67 2
66 106 2
67 68 3
67 107 1
68 69 5
68 108 3
69 70 4
69 109 4
70 71 5
70 110 3
71 72 3
71 111 1
72 73 2
72 112 2
73 74 2
73 113 5
74 75 4
74 114 2
75 76 4
75 115 2
76 77 4
76 116 4
77 78 5
77 117 3
78 79 5
78 118 2
79 80 5
79 119 4
80 120 3
81 82 4
81 121 1
82 83 1
82 122 5
83 84 1
83 123 4
84 85 1
84 124 2
85 86 5
85 125 1
86 87 3
86 126 4
87 88 1
87 127 1
88 89 5
88 128 3
89 90 3
89 129 4
90 91 3
90 130 5
91 92 1
91 131 3
92 93 4
92 132 1
93 94 1
93 133 2
94 95 5
94 134 3
95 96 3
95 135 4
96 97 1
96 136 3
97 98 1
97 137 4
98 99 1
98 138 1
99 100 4
99 139 4
100 101 4
100 140 3
101 102 3
101 141 4
102 103 5
102 142 4
103 104 4
103 143 5
104 105 4
104 144 4
105 106 5
105 145 2
106 107 3
106 146 1
107 108 2
107 147 4
108 109 1
108 148 2
109 110 1
109 149 5
110 111 3
110 150 2
111 112 3
111 151 3
112 113 5
112 152 2
113 114 3
113 153 3
114 115 2
114 154 2
115 116 1
115 155 2
116 117 3
116 156 5
117 118 2
117 157 1
118 119 1
118 158 5
119 120 1
119 159 3
120 160 4
121 122 1
121 161 4
122 123 1
122 162 4
123 124 4
123 163 5
124 125 4
124 164 5
125 126 5
125 165 2
126 127 5
126 166 5
127 128 2
127 167 1
128 129 5
128 168 3
129 130 2
129 169 5
130 131 5
130 170 3
131 132 1
131 171 1
132 133 3
132 172 2
133 134 2
133 173 4
134 135 4
134 174 5
135 136 5
135 175 2
136 137 3
136 176 2
137 138 4
137 177 2
138 139 5
138 178 3
139 140 1
139 179 3
140 141 5
140 180 2
141 142 5
141 181 1
142 143 4
142 182 2
143 144 5
143 183 1
144 145 5
144 184 4
145 146 2
145 185 5
146 147 4
146 186 5
147 148 3
147 187 4
148 149 2
148 188 2
149 150 4
149 189 2
150 151 5
150 190 2
151 152 1
151 191 2
152 153 2
152 192 1
153 154 2
153 193 5
154 155 2
154 194 5
155 156 1
155 195 1
156 157 3
156 196 1
157 158 1
157 197 4
158 159 2
158 198 5
159 160 1
159 199 5
160 200 5
161 162 3
161 201 3
162 163 3
162 202 3
163 164 4
163 203 5
164 165 1
164 204 3
165 166 1
165 205 4
166 167 4
166 206 4
167 168 5
167 207 5
168 169 4
168 208 4
169 170 5
169 209 5
170 171 4
170 210 1
171 172 5
171 211 5
172 173 3
172 212 3
173 174 2
173 213 1
174 175 4
174 214 2
175 176 2
175 215 3
176 177 5
176 216 4
177 178 2
177 217 1
178 179 5
178 218 4
179 180 4
179 219 1
180 181 2
180 220 3
181 182 1
181 221 2
182 183 3
182 222 4
183 184 2
183 223 4
184 185 3
184 224 2
185 186 2
185 225 4
186 187 2
186 226 5
187 188 4
187 227 1
188 189 1
188 228 3
189 190 2
189 229 5
190 191 2
190 230 4
191 192 5
191 231 5
192 193 2
192 232 2
193 194 4
193 233 3
194 195 5
194 234 5
195 196 4
195 235 4
196 197 4
196 236 3
197 198 1
197 237 4
198 199 4
198 238 3
199 200 2
199 239 2
200 240 5
201 202 5
201 241 4
202 203 2
202 242 4
203 204 4
203 243 1
204 205 4
204 244 4
205 206 2
205 245 3
206 207 2
206 246 5
207 208 2
207 247 3
208 209 5
208 248 4
209 210 2
209 249 3
210 211 3
210 250 5
211 212 3
211 251 3
212 213 3
212 252 1
213 214 2
213 253 5
214 215 5
214 254 3
215 216 4
215 255 1
216 217 2
216 256 5
217 218 5
217 257 5
218 219 4
218 258 3
219 220 3
219 259 4
220 221 1
220 260 1
221 222 1
221 261 4
222 223 3
222 262 5
223 224 3
223 263 3
224 225 2
224 264 4
225 226 4
225 265 4
226 227 4
226 266 3
227 228 3
227 267 3
228 229 5
228 268 3
229 230 1
229 269 4
230 231 2
230 270 5
231 232 5
231 271 3
232 233 4
232 272 5
233 234 2
233 273 1
234 235 1
234 274 2
235 236 2
235 275 2
236 237 3
236 276 2
237 238 5
237 277 2
238 239 3
238 278 4
239 240 1
239 279 4
240 280 1
241 242 3
241 281 3
242 243 3
242 282 5
243 244 4
243 283 2
244 245 4
244 284 4
245 246 3
245 285 4
246 247 3
246 286 2
247 248 3
247 287 4
248 249 4
248 288 4
249 250 5
249 289 1
250 251 4
250 290 3
251 252 2
251 291 5
252 253 3
252 292 2
253 254 4
253 293 3
254 255 2
254 294 1
255 256 2
255 295 4
256 257 5
256 296 2
257 258 2
257 297 5
258 259 4
258 298 1
259 260 4
259 299 1
260 261 2
260 300 4
261 262 4
261 301 2
262 263 2
262 302 2
263 264 1
263 303 3
264 265 1
264 304 2
265 266 2
265 305 3
266 267 2
266 306 5
267 268 5
267 307 1
268 269 1
268 308 2
269 270 4
269 309 4
270 271 2
270 310 1
271 272 1
271 311 1
272 273 3
272 312 4
273 274 3
273 313 3
274 275 2
274 314 1
275 276 5
275 315 2
276 277 3
276 316 3
277 278 4
277 317 3
278 279 1
278 318 2
279 280 3
279 319 2
280 320 1
281 282 2
281 321 5
282 283 5
282 322 4
283 284 1
283 323 1
284 285 5
284 324 3
285 286 3
285 325 5
286 287 4
286 326 3
287 288 5
287 327 5
288 289 5
288 328 4
289 290 1
289 329 2
290 291 5
290 330 4
291 292 3
291 331 2
292 293 4
292 332 1
293 294 2
293 333 2
294 295 1
294 334 1
295 296 1
295 335 2
296 297 5
296 336 3
297 298 2
297 337 4
298 299 4
298 338 3
299 300 5
299 339 1
300 301 3
300 340 1
301 302 5
301 341 4
302 303 3
302 342 2
303 304 3
303 343 5
304 305 4
304 344 3
305 306 2
305 345 2
306 307 3
306 346 3
307 308 4
307 347 1
308 309 3
308 348 1
309 310 5
309 349 3
310 311 3
310 350 2
311 312 5
311 351 2
312 313 3
312 352 1
313 314 4
313 353 4
314 315 3
314 354 2
315 316 4
315 355 2
316 317 5
316 356 2
317 318 4
317 357 1
318 319 1
318 358 5
319 320 3
319 359 2
320 360 1
321 322 2
321 361 4
322 323 4
322 362 3
323 324 5
323 363 4
324 325 2
324 364 4
325 326 3
325 365 4
326 327 1
326 366 1
327 328 3
327 367 5
328 329 2
328 368 3
329 330 2
329 369 4
330 331 1
330 370 2
331 332 5
331 371 2
332 333 4
332 372 3
333 334 4
333 373 5
334 335 2
334 374 3
335 336 3
335 375 1
336 337 5
336 376 4
337 338 4
337 377 5
338 339 5
338 378 5
339 340 3
339 379 3
340 341 2
340 380 4
341 342 4
341 381 4
342 343 5
342 382 5
343 344 1
343 383 4
344 345 1
344 384 3
345 346 5
345 385 3
346 347 2
346 386 3
347 348 2
347 387 3
348 349 3
348 388 3
349 350 3
349 389 1
350 351 1
350 390 5
351 352 1
351 391 2
352 353 4
352 392 4
353 354 5
353 393 3
354 355 3
354 394 2
355 356 3
355 395 3
356 357 5
356 396 3
357 358 2
357 397 1
358 359 1
358 398 2
359 360 2
359 399 1
360 400 1
361 362 1
361 401 2
362 363 1
362 402 2
363 364 4
363 403 4
364 365 1
364 404 2
365 366 5
365 405 5
366 367 3
366 406 5
367 368 1
367 407 5
368 369 1
368 408 1
369 370 2
369 409 2
370 371 1
370 410 5
371 372 3
371 411 2
372 373 5
372 412 2
373 374 1
373 413 2
374 375 5
374 414 1
375 376 1
375 415 4
376 377 2
376 416 4
377 378 1
377 417 5
378 379 5
378 418 4
379 380 5
379 419 4
380 381 3
380 420 1
381 382 1
381 421 4
382 383 3
382 422 1
383 384 2
383 423 3
384 385 4
384 424 1
385 386 3
385 425 2
386 387 1
386 426 5
387 388 5
387 427 1
388 389 5
388 428 5
389 390 2
389 429 3
390 391 1
390 430 2
391 392 4
391 431 2
392 393 2
392 432 5
393 394 1
393 433 4
394 395 1
394 434 3
395 396 5
395 435 2
396 397 5
396 436 4
397 398 2
397 437 1
398 399 3
398 438 3
399 400 5
399 439 5
400 440 4
401 402 2
401 441 4
402 403 5
402 442 1
403 404 3
403 443 3
404 405 1
404 444 5
405 406 1
405 445 4
406 407 1
406 446 1
407 408 3
407 447 5
408 409 4
408 448 2
409 410 1
409 449 2
410 411 3
410 450 5
411 412 4
411 451 3
412 413 3
412 452 5
413 414 1
413 453 1
414 415 4
414 454 3
415 416 4
415 455 2
416 417 2
416 456 4
417 418 1
417 457 3
418 419 5
418 458 1
419 420 2
419 459 3
420 421 5
420 460 5
421 422 4
421 461 3
422 423 4
422 462 5
423 424 5
423 463 5
424 425 2
424 464 1
425 426 4
425 465 4
426 427 1
426 466 3
427 428 2
427 467 1
428 429 3
428 468 1
429 430 2
429 469 4
430 431 5
430 470 2
431 432 1
431 471 5
432 433 2
432 472 4
433 434 3
433 473 1
434 435 2
434 474 4
435 436 5
435 475 1
436 437 5
436 476 2
437 438 5
437 477 4
438 439 3
438 478 5
439 440 1
439 479 4
440 480 4
441 442 5
441 481 3
442 443 2
442 482 1
443 444 2
443 483 3
444 445 5
444 484 2
445 446 4
445 485 1
446 447 1
446 486 5
447 448 4
447 487 2
448 449 5
448 488 4
449 450 2
449 489 2
450 451 4
450 490 2
451 452 4
451 491 4
452 453 2
452 492 1
453 454 4
453 493 1
454 455 4
454 494 2
455 456 3
455 495 2
456 457 2
456 496 2
457 458 3
457 497 1
458 459 1
458 498 3
459 460 4
459 499 1
460 461 4
460 500 3
461 462 4
461 501 4
462 463 4
462 502 3
463 464 2
463 503 2
464 465 1
464 504 2
465 466 2
465 505 3
466 467 3
466 506 2
467 468 5
467 507 5
468 469 5
468 508 1
469 470 4
469 509 5
470 471 4
470 510 3
471 472 3
471 511 3
472 473 5
472 512 4
473 474 1
473 513 1
474 475 1
474 514 4
475 476 3
475 515 1
476 477 3
476 516 5
477 478 5
477 517 5
478 479 1
478 518 2
479 480 5
479 519 5
480 520 2
481 482 3
481 521 1
482 483 5
482 522 1
483 484 4
483 523 3
484 485 5
484 524 1
485 486 1
485 525 2
486 487 5
486 526 1
487 488 4
487 527 5
488 489 3
488 528 5
489 490 5
489 529 3
490 491 1
490 530 2
491 492 2
491 531 3
492 493 2
492 532 1
493 494 2
493 533 4
494 495 5
494 534 5
495 496 4
495 535 3
496 497 3
496 536 3
497 498 4
497 537 5
498 499 3
498 538 4
499 500 2
499 539 5
500 501 2
500 540 4
501 502 3
501 541 3
502 503 4
502 542 4
503 504 4
503 543 1
504 505 4
504 544 3
505 506 2
505 545 1
506 507 4
506 546 1
507 508 5
507 547 2
508 509 5
508 548 2
509 510 2
509 549 1
510 511 1
510 550 5
511 512 4
511 551 4
512 513 2
512 552 5
513 514 1
513 553 1
514 515 2
514 554 1
515 516 5
515 555 2
516 517 5
516 556 2
517 518 5
517 557 2
518 519 4
518 558 5
519 520 4
519 559 4
520 560 1
521 522 4
521 561 1
522 523 3
522 562 1
523 524 3
523 563 1
524 525 5
524 564 2
525 526 3
525 565 2
526 527 4
526 566 2
527 528 1
527 567 5
528 529 4
528 568 4
529 530 1
529 569 3
530 531 5
530 570 1
531 532 1
531 571 3
532 533 1
532 572 3
533 534 1
533 573 5
534 535 1
534 574 1
535 536 5
535 575 3
536 537 2
536 576 1
537 538 4
537 577 3
538 539 5
538 578 3
539 540 4
539 579 5
540 541 4
540 580 1
541 542 3
541 581 4
542 543 2
542 582 5
543 544 5
543 583 1
544 545 2
544 584 4
545 546 3
545 585 1
546 547 1
546 586 1
547 548 1
547 587 1
548 549 5
548 588 5
549 550 2
549 589 2
550 551 2
550 590 5
551 552 4
551 591 4
552 553 1
552 592 5
553 554 3
553 593 1
554 555 5
554 594 1
555 556 3
555 595 3
556 557 3
556 596 3
557 558 5
557 597 2
558 559 1
558 598 2
559 560 4
559 599 4
560 600 2
561 562 3
561 601 1
562 563 1
562 602 1
563 564 1
563 603 5
564 565 4
564 604 4
565 566 1
565 605 5
566 567 1
566 606 4
567 568 5
567 607 3
568 569 2
568 608 5
569 570 3
569 609 2
570 571 2
570 610 5
571 572 2
571 611 3
572 573 2
572 612 5
573 574 2
573 613 1
574 575 2
574 614 3
575 576 1
575 615 1
576 577 5
576 616 2
577 578 2
577 617 2
578 579 3
578 618 4
579 580 1
579 619 4
580 581 4
580 620 4
581 582 5
581 621 5
582 583 5
582 622 4
583 584 1
583 623 2
584 585 3
584 624 5
585 586 4
585 625 4
586 587 5
586 626 5
587 588 4
587 627 4
588 589 4
588 628 1
589 590 4
589 629 4
590 591 4
590 630 4
591 592 1
591 631 4
592 593 4
592 632 4
593 594 2
593 633 1
594 595 1
594 634 4
595 596 2
595 635 2
596 597 4
596 636 4
597 598 4
597 637 1
598 599 5
598 638 4
599 600 1
599 639 4
600 640 5
601 602 4
601 641 5
602 603 1
602 642 3
603 604 5
603 643 3
604 605 2
604 644 5
605 606 1
605 645 3
606 607 1
606 646 5
607 608 4
607 647 4
608 609 5
608 648 2
609 610 1
609 649 2
610 611 4
610 650 1
611 612 4
611 651 3
612 613 1
612 652 4
613 614 3
613 653 4
614 615 4
614 654 2
615 616 5
615 655 2
616 617 1
616 656 2
617 618 3
617 657 1
618 619 1
618 658 2
619 620 4
619 659 2
620 621 3
620 660 1
621 622 5
621 661 5
622 623 1
622 662 4
623 624 4
623 663 3
624 625 4
624 664 2
625 626 5
625 665 1
626 627 5
626 666 5
627 628 4
627 667 1
628 629 4
628 668 2
629 630 4
629 669 2
630 631 3
630 670 1
631 632 5
631 671 2
632 633 4
632 672 4
633 634 1
633 673 2
634 635 1
634 674 2
635 636 5
635 675 3
636 637 5
636 676 5
637 638 2
637 677 2
638 639 2
638 678 1
639 640 2
639 679 5
640 680 2
641 642 1
641 681 5
642 643 2
642 682 2
643 644 2
643 683 5
644 645 4
644 684 2
645 646 4
645 685 4
646 647 2
646 686 3
647 648 1
647 687 5
648 649 1
648 688 5
649 650 2
649 689 3
650 651 4
650 690 2
651 652 1
651 691 2
652 653 4
652 692 5
653 654 1
653 693 1
654 655 5
654 694 4
655 656 4
655 695 3
656 657 1
656 696 2
657 658 2
657 697 2
658 659 4
658 698 5
659 660 1
659 699 1
660 661 1
660 700 4
661 662 5
661 701 5
662 663 4
662 702 5
663 664 3
663 703 3
664 665 2
664 704 4
665 666 5
665 705 4
666 667 1
666 706 4
667 668 4
667 707 2
668 669 2
668 708 5
669 670 4
669 709 3
670 671 5
670 710 5
671 672 2
671 711 3
672 673 5
672 712 2
673 674 3
673 713 3
674 675 1
674 714 4
675 676 3
675 715 2
676 677 2
676 716 4
677 678 4
677 717 5
678 679 1
678 718 2
679 680 1
679 719 1
680 720 5
681 682 1
681 721 1
682 683 4
682 722 3
683 684 3
683 723 2
684 685 2
684 724 2
685 686 4
685 725 3
686 687 1
686 726 5
687 688 2
687 727 4
688 689 4
688 728 3
689 690 1
689 729 2
690 691 4
690 730 5
691 692 1
691 731 1
692 693 2
692 732 4
693 694 3
693 733 2
694 695 5
694 734 3
695 696 2
695 735 3
696 697 1
696 736 1
697 698 3
697 737 1
698 699 1
698 738 1
699 700 5
699 739 3
700 701 2
700 740 2
701 702 5
701 741 4
702 703 5
702 742 2
703 704 5
703 743 3
704 705 3
704 744 2
705 706 4
705 745 5
706 707 1
706 746 1
707 708 1
707 747 2
708 709 5
708 748 1
709 710 4
709 749 1
710 711 3
710 750 5
711 712 1
711 751 5
712 713 2
712 752 2
713 714 3
713 753 2
714 715 3
714 754 4
715 716 5
715 755 1
716 717 4
716 756 5
717 718 5
717 757 4
718 719 5
718 758 4
719 720 3
719 759 3
720 760 4
721 722 1
721 761 2
722 723 4
722 762 2
723 724 5
723 763 5
724 725 5
724 764 3
725 726 1
725 765 3
726 727 4
726 766 1
727 728 5
727 767 1
728 729 4
728 768 1
729 730 5
729 769 1
730 731 3
730 770 1
731 732 2
731 771 1
732 733 4
732 772 2
733 734 2
733 773 1
734 735 3
734 774 2
735 736 2
735 775 4
736 737 3
736 776 4
737 738 4
737 777 5
738 739 1
738 778 5
739 740 2
739 779 1
740 741 4
740 780 3
741 742 4
741 781 1
742 743 2
742 782 3
743 744 5
743 783 3
744 745 1
744 784 4
745 746 4
745 785 2
746 747 2
746 786 5
747 748 5
747 787 1
748 749 2
748 788 1
749 750 4
749 789 2
750 751 3
750 790 5
751 752 3
751 791 2
752 753 4
752 792 4
753 754 3
753 793 3
754 755 5
754 794 2
755 756 3
755 795 1
756 757 2
756 796 3
757 758 3
757 797 3
758 759 2
758 798 3
759 760 2
759 799 2
760 800 3
761 762 1
761 801 1
762 763 4
762 802 4
763 764 5
763 803 4
764 765 4
764 804 3
765 766 4
765 805 4
766 767 4
766 806 5
767 768 5
767 807 5
768 769 1
768 808 2
769 770 3
769 809 5
770 771 4
770 810 1
771 772 5
771 811 4
772 773 2
772 812 5
773 774 2
773 813 1
774 775 2
774 814 1
775 776 5
775 815 3
776 777 5
776 816 4
777 778 2
777 817 2
778 779 1
778 818 2
779 780 4
779 819 4
780 781 1
780 820 3
781 782 4
781 821 4
782 783 5
782 822 3
783 784 1
783 823 3
784 785 3
784 824 5
785 786 5
785 825 4
786 787 3
786 826 4
787 788 5
787 827 1
788 789 3
788 828 2
789 790 4
789 829 4
790 791 3
790 830 1
791 792 5
791 831 3
792 793 4
792 832 3
793 794 5
793 833 3
794 795 2
794 834 4
795 796 2
795 835 1
796 797 1
796 836 1
797 798 5
797 837 3
798 799 5
798 838 3
799 800 3
799 839 3
800 840 5
801 802 4
801 841 3
802 803 3
802 842 3
803 804 4
803 843 2
804 805 1
804 844 3
805 806 3
805 845 2
806 807 2
806 846 1
807 808 1
807 847 3
808 809 4
808 848 1
809 810 1
809 849 2
810 811 5
810 850 1
811 812 3
811 851 2
812 813 4
812 852 3
813 814 1
813 853 3
814 815 2
814 854 4
815 816 3
815 855 3
816 817 4
816 856 2
817 818 3
817 857 4
818 819 5
818 858 2
819 820 2
819 859 3
820 821 5
820 860 1
821 822 5
821 861 2
822 823 1
822 862 2
823 824 2
823 863 4
824 825 3
824 864 2
825 826 2
825 865 5
826 827 4
826 866 5
827 828 4
827 867 5
828 829 4
828 868 3
829 830 4
829 869 2
830 831 3
830 870 3
831 832 5
831 871 5
832 833 3
832 872 3
833 834 2
833 873 1
834 835 4
834 874 4
835 836 3
835 875 1
836 837 2
836 876 2
837 838 5
837 877 3
838 839 5
838 878 4
839 840 5
839 879 5
840 880 3
841 842 1
841 881 2
842 843 2
842 882 4
843 844 1
843 883 1
844 845 5
844 884 3
845 846 3
845 885 5
846 847 1
846 886 5
847 848 5
847 887 1
848 849 2
848 888 5
849 850 3
849 889 4
850 851 1
850 890 1
851 852 5
851 891 4
852 853 3
852 892 4
853 854 2
853 893 3
854 855 1
854 894 1
855 856 1
855 895 3
856 857 3
856 896 5
857 858 3
857 897 3
858 859 5
858 898 5
859 860 3
859 899 5
860 861 3
860 900 2
861 862 2
861 901 1
862 863 4
862 902 2
863 864 3
863 903 5
864 865 2
864 904 5
865 866 3
865 905 3
866 867 3
866 906 4
867 868 4
867 907 2
868 869 3
868 908 2
869 870 3
869 909 1
870 871 4
870 910 4
871 872 2
871 911 5
872 873 4
872 912 4
873 874 4
873 913 1
874 875 2
874 914 5
875 876 3
875 915 4
876 877 1
876 916 2
877 878 2
877 917 2
878 879 1
878 918 2
879 880 5
879 919 5
880 920 3
881 882 1
881 921 3
882 883 1
882 922 1
883 884 5
883 923 4
884 885 5
884 924 1
885 886 1
885 925 4
886 887 2
886 926 3
887 888 3
887 927 1
888 889 4
888 928 1
889 890 4
889 929 2
890 891 1
890 930 1
891 892 4
891 931 1
892 893 2
892 932 1
893 894 5
893 933 5
894 895 2
894 934 1
895 896 5
895 935 1
896 897 1
896 936 2
897 898 4
897 937 2
898 899 1
898 938 3
899 900 3
899 939 3
900 901 2
900 940 4
901 902 5
901 941 3
902 903 3
902 942 2
903 904 2
903 943 5
904 905 3
904 944 3
905 906 1
905 945 4
906 907 5
906 946 4
907 908 3
907 947 1
908 909 5
908 948 1
909 910 4
909 949 2
910 911 5
910 950 5
911 912 4
911 951 1
912 913 3
912 952 3
913 914 3
913 953 4
914 915 5
914 954 3
915 916 4
915 955 1
916 917 4
916 956 1
917 918 5
917 957 5
918 919 1
918 958 2
919 920 3
919 959 4
920 960 4
921 922 5
921 961 3
922 923 5
922 962 2
923 924 3
923 963 5
924 925 3
924 964 3
925 926 1
925 965 1
926 927 3
926 966 1
927 928 3
927 967 2
928 929 1
928 968 1
929 930 3
929 969 3
930 931 2
930 970 1
931 932 1
931 971 2
932 933 4
932 972 2
933 934 1
933 973 3
934 935 4
934 974 1
935 936 3
935 975 5
936 937 3
936 976 1
937 938 1
937 977 5
938 939 2
938 978 4
939 940 3
939 979 1
940 941 4
940 980 2
941 942 2
941 981 3
942 943 4
942 982 5
943 944 2
943 983 3
944 945 2
944 984 4
945 946 2
945 985 1
946 947 3
946 986 2
947 948 1
947 987 5
948 949 1
948 988 5
949 950 5
949 989 2
950 951 5
950 990 3
951 952 2
951 991 1
952 953 5
952 992 3
953 954 3
953 993 1
954 955 5
954 994 2
955 956 1
955 995 5
956 957 4
956 996 3
957 958 1
957 997 4
958 959 4
958 998 5
959 960 3
959 999 4
960 1000 1
961 962 4
961 1001 1
962 963 5
962 1002 2
963 964 3
963 1003 5
964 965 2
964 1004 2
965 966 2
965 1005 4
966 967 3
966 1006 5
967 968 1
967 1007 2
968 969 1
968 1008 3
969 970 4
969 1009 1
970 971 5
970 1010 2
971 972 4
971 1011 3
972 973 4
972 1012 4
973 974 2
973 1013 5
974 975 2
974 1014 1
975 976 2
975 1015 3
976 977 2
976 1016 4
977 978 4
977 1017 3
978 979 2
978 1018 3
979 980 5
979 1019 2
980 981 5
980 1020 2
981 982 1
981 1021 5
982 983 5
982 1022 2
983 984 5
983 1023 5
984 985 3
984 1024 2
985 986 1
985 1025 5
986 987 5
986 1026 1
987 988 2
987 1027 2
988 989 2
988 1028 1
989 990 5
989 1029 3
990 991 3
990 1030 3
991 992 2
991 1031 5
992 993 5
992 1032 5
993 994 1
993 1033 4
994 995 2
994 1034 1
995 996 5
995 1035 1
996 997 1
996 1036 5
997 998 1
997 1037 5
998 999 2
998 1038 3
999 1000 5
999 1039 1
1000 1040 1
1001 1002 1
1001 1041 2
1002 1003 4
1002 1042 5
1003 1004 2
1003 1043 2
1004 1005 3
1004 1044 3
1005 1006 2
1005 1045 2
1006 1007 1
1006 1046 4
1007 1008 4
1007 1047 2
1008 1009 5
1008 1048 5
1009 1010 2
1009 1049 4
1010 1011 5
1010 1050 3
1011 1012 2
1011 1051 2
1012 1013 5
1012 1052 4
1013 1014 4
1013 1053 5
1014 1015 4
1014 1054 4
1015 1016 3
1015 1055 3
1016 1017 5
1016 1056 4
1017 1018 3
1017 1057 5
1018 1019 1
1018 1058 2
1019 1020 1
1019 1059 2
1020 1021 4
1020 1060 3
1021 1022 2
1021 1061 5
1022 1023 2
1022 1062 4
1023 1024 3
1023 1063 4
1024 1025 1
1024 1064 4
1025 1026 2
1025 1065 5
1026 1027 1
1026 1066 5
1027 1028 5
1027 1067 2
1028 1029 4
1028 1068 2
1029 1030 1
1029 1069 3
1030 1031 3
1030 1070 1
1031 1032 3
1031 1071 2
1032 1033 1
1032 1072 4
1033 1034 2
1033 1073 3
1034 1035 3
1034 1074 5
1035 1036 1
1035 1075 2
1036 1037 1
1036 1076 5
1037 1038 1
1037 1077 3
1038 1039 2
1038 1078 4
1039 1040 1
1039 1079 3
1040 1080 1
1041 1042 5
1041 1081 3
1042 1043 3
1042 1082 5
1043 1044 4
1043 1083 1
1044 1045 1
1044 1084 4
1045 1046 5
1045 1085 2
1046 1047 4
1046 1086 3
1047 1048 4
1047 1087 3
1048 1049 2
1048 1088 1
1049 1050 2
1049 1089 5
1050 1051 2
1050 1090 1
1051 1052 4
1051 1091 4
1052 1053 5
1052 1092 2
1053 1054 2
1053 1093 5
1054 1055 5
1054 1094 5
1055 1056 2
1055 1095 4
1056 1057 5
1056 1096 3
1057 1058 2
1057 1097 2
1058 1059 4
1058 1098 1
1059 1060 4
1059 1099 5
1060 1061 1
1060 1100 5
1061 1062 3
1061 1101 5
1062 1063 5
1062 1102 1
1063 1064 4
1063 1103 5
1064 1065 1
1064 1104 1
1065 1066 2
1065 1105 4
1066 1067 1
1066 1106 3
1067 1068 3
1067 1107 3
1068 1069 3
1068 1108 2
1069 1070 2
1069 1109 4
1070 1071 4
1070 1110 5
1071 1072 4
1071 1111 2
1072 1073 4
1072 1112 4
1073 1074 5
1073 1113 5
1074 1075 2
1074 1114 1
1075 1076 1
1075 1115 5
1076 1077 2
1076 1116 1
1077 1078 4
1077 1117 2
1078 1079 3
1078 1118 5
1079 1080 5
1079 1119 4
1080 1120 3
1081 1082 5
1081 1121 3
1082 1083 1
1082 1122 5
1083 1084 3
1083 1123 4
1084 1085 5
1084 1124 2
1085 1086 5
1085 1125 4
1086 1087 1
1086 1126 4
1087 1088 5
1087 1127 4
1088 1089 3
1088 1128 2
1089 1090 2
1089 1129 1
1090 1091 5
1090 1130 5
1091 1092 3
1091 1131 3
1092 1093 2
1092 1132 4
1093 1094 3
1093 1133 5
1094 1095 4
1094 1134 5
1095 1096 3
1095 1135 1
1096 1097 1
1096 1136 4
1097 1098 1
1097 1137 2
1098 1099 2
1098 1138 5
1099 1100 2
1099 1139 2
1100 1101 2
1100 1140 1
1101 1102 3
1101 1141 5
1102 1103 5
1102 1142 3
1103 1104 5
1103 1143 5
1104 1105 3
1104 1144 4
1105 1106 3
1105 1145 5
1106 1107 4
1106 1146 5
1107 1108 1
1107 1147 2
1108 1109 5
1108 1148 4
1109 1110 3
1109 1149 2
1110 1111 3
1110 1150 2
1111 1112 5
1111 1151 1
1112 1113 1
1112 1152 4
1113 1114 2
1113 1153 4
1114 1115 2
1114 1154 3
1115 1116 1
1115 1155 3
1116 1117 5
1116 1156 5
1117 1118 2
1117 1157 4
1118 1119 4
1118 1158 4
1119 1120 2
1119 1159 3
1120 1160 4
1121 1122 4
1121 1161 5
1122 1123 1
1122 1162 5
1123 1124 1
1123 1163 5
1124 1125 2
1124 1164 5
1125 1126 5
1125 1165 5
1126 1127 1
1126 1166 1
1127 1128 3
1127 1167 4
1128 1129 1
1128 1168 5
1129 1130 3
1129 1169 1
1130 1131 3
1130 1170 2
1131 1132 1
1131 1171 1
1132 1133 2
1132 1172 1
1133 1134 3
1133 1173 4
1134 1135 1
1134 1174 4
1135 1136 5
1135 1175 5
1136 1137 3
1136 1176 3
1137 1138 5
1137 1177 5
1138 1139 4
1138 1178 3
1139 1140 2
1139 1179 2
1140 1141 5
1140 1180 1
1141 1142 3
1141 1181 2
1142 1143 4
1142 1182 4
1143 1144 4
1143 1183 1
1144 1145 5
1144 1184 4
1145 1146 5
1145 1185 3
1146 1147 2
1146 1186 3
1147 1148 2
1147 1187 1
1148 1149 4
1148 1188 2
1149 1150 4
1149 1189 2
1150 1151 3
1150 1190 4
1151 1152 3
1151 1191 5
1152 1153 4
1152 1192 1
1153 1154 5
1153 1193 4
1154 1155 5
1154 1194 5
1155 1156 5
1155 1195 3
1156 1157 4
1156 1196 2
1157 1158 1
1157 1197 3
1158 1159 4
1158 1198 3
1159 1160 5
1159 1199 3
1160 1200 2
1161 1162 1
1161 1201 4
1162 1163 1
1162 1202 1
1163 1164 1
1163 1203 5
1164 1165 1
1164 1204 2
1165 1166 5
1165 1205 4
1166 1167 4
1166 1206 4
1167 1168 5
1167 1207 3
1168 1169 2
1168 1208 3
1169 1170 3
1169 1209 5
1170 1171 4
1170 1210 5
1171 1172 2
1171 1211 1
1172 1173 1
1172 1212 3
1173 1174 2
1173 1213 1
1174 1175 5
1174 1214 3
1175 1176 2
1175 1215 1
1176 1177 4
1176 1216 2
1177 1178 5
1177 1217 2
1178 1179 5
1178 1218 2
1179 1180 2
1179 1219 5
1180 1181 3
1180 1220 5
1181 1182 5
1181 1221 4
1182 1183 3
1182 1222 1
1183 1184 1
1183 1223 1
1184 1185 4
1184 1224 1
1185 1186 4
1185 1225 1
1186 1187 1
1186 1226 4
1187 1188 2
1187 1227 5
1188 1189 5
1188 1228 2
1189 1190 5
1189 1229 5
1190 1191 4
1190 1230 4
1191 1192 5
1191 1231 4
1192 1193 1
1192 1232 1
1193 1194 4
1193 1233 5
1194 1195 2
1194 1234 5
1195 1196 1
1195 1235 2
1196 1197 2
1196 1236 5
1197 1198 1
1197 1237 4
1198 1199 4
1198 1238 5
1199 1200 4
1199 1239 2
1200 1240 4
1201 1202 4
1201 1241 2
1202 1203 5
1202 1242 3
1203 1204 5
1203 1243 3
1204 1205 3
1204 1244 3
1205 1206 5
1205 1245 1
1206 1207 1
1206 1246 5
1207 1208 5
1207 1247 3
1208 1209 4
1208 1248 5
1209 1210 3
1209 1249 5
1210 1211 4
1210 1250 3
1211 1212 3
1211 1251 4
1212 1213 4
1212 1252 5
1213 1214 3
1213 1253 5
1214 1215 1
1214 1254 2
1215 1216 2
1215 1255 5
1216 1217 5
1216 1256 2
1217 1218 1
1217 1257 3
1218 1219 2
1218 1258 2
1219 1220 1
1219 1259 3
1220 1221 3
1220 1260 2
1221 1222 1
1221 1261 3
1222 1223 1
1222 1262 1
1223 1224 2
1223 1263 3
1224 1225 3
1224 1264 1
1225 1226 1
1225 1265 1
1226 1227 5
1226 1266 2
1227 1228 3
1227 1267 1
1228 1229 1
1228 1268 2
1229 1230 2
1229 1269 3
1230 1231 1
1230 1270 4
1231 1232 1
1231 1271 2
1232 1233 2
1232 1272 4
1233 1234 5
1233 1273 2
1234 1235 1
1234 1274 2
1235 1236 3
1235 1275 1
1236 1237 3
1236 1276 5
1237 1238 3
1237 1277 1
1238 1239 5
1238 1278 5
1239 1240 2
1239 1279 3
1240 1280 1
1241 1242 5
1241 1281 4
1242 1243 2
1242 1282 5
1243 1244 1
1243 1283 5
1244 1245 3
1244 1284 4
1245 1246 3
1245 1285 5
1246 1247 2
1246 1286 2
1247 1248 3
1247 1287 2
1248 1249 1
1248 1288 5
1249 1250 2
1249 1289 2
1250 1251 1
1250 1290 4
1251 1252 5
1251 1291 5
1252 1253 2
1252 1292 1
1253 1254 4
1253 1293 3
1254 1255 4
1254 1294 5
1255 1256 1
1255 1295 1
1256 1257 5
1256 1296 4
1257 1258 2
1257 1297 3
1258 1259 5
1258 1298 3
1259 1260 3
1259 1299 1
1260 1261 2
1260 1300 5
1261 1262 5
1261 1301 2
1262 1263 3
1262 1302 1
1263 1264 1
1263 1303 1
1264 1265 5
1264 1304 1
1265 1266 2
1265 1305 3
1266 1267 2
1266 1306 4
1267 1268 5
1267 1307 4
1268 1269 4
1268 1308 3
1269 1270 2
1269 1309 4
1270 1271 5
1270 1310 3
1271 1272 1
1271 1311 4
1272 1273 5
1272 1312 5
1273 1274 2
1273 1313 3
1274 1275 2
1274 1314 4
1275 1276 2
1275 1315 1
1276 1277 2
1276 1316 5
1277 1278 1
1277 1317 4
1278 1279 1
1278 1318 5
1279 1280 5
1279 1319 5
1280 1320 1
1281 1282 3
1281 1321 4
1282 1283 2
1282 1322 1
1283 1284 5
1283 1323 2
1284 1285 2
1284 1324 2
1285 1286 3
1285 1325 4
1286 1287 5
1286 1326 5
1287 1288 2
1287 1327 2
1288 1289 4
1288 1328 2
1289 1290 5
1289 1329 5
1290 1291 5
1290 1330 1
1291 1292 5
1291 1331 1
1292 1293 4
1292 1332 4
1293 1294 2
1293 1333 4
1294 1295 3
1294 1334 5
1295 1296 1
1295 1335 2
1296 1297 5
1296 1336 2
1297 1298 5
1297 1337 3
1298 1299 1
1298 1338 3
1299 1300 4
1299 1339 3
1300 1301 1
1300 1340 3
1301 1302 4
1301 1341 3
1302 1303 2
1302 1342 2
1303 1304 3
1303 1343 3
1304 1305 4
1304 1344 1
1305 1306 1
1305 1345 1
1306 1307 3
1306 1346 3
1307 1308 3
1307 1347 3
1308 1309 5
1308 1348 2
1309 1310 5
1309 1349 1
1310 1311 3
1310 1350 2
1311 1312 1
1311 1351 2
1312 1313 5
1312 1352 4
1313 1314 5
1313 1353 3
1314 1315 2
1314 1354 3
1315 1316 2
1315 1355 1
1316 1317 1
1316 1356 5
1317 1318 1
1317 1357 3
1318 1319 5
1318 1358 3
1319 1320 3
1319 1359 3
1320 1360 3
1321 1322 2
1321 1361 4
1322 1323 1
1322 1362 2
1323 1324 5
1323 1363 3
1324 1325 2
1324 1364 1
1325 1326 3
1325 1365 4
1326 1327 3
1326 1366 4
1327 1328 4
1327 1367 1
1328 1329 4
1328 1368 5
1329 1330 3
1329 1369 5
1330 1331 4
1330 1370 1
1331 1332 3
1331 1371 5
1332 1333 5
1332 1372 4
1333 1334 1
1333 1373 3
1334 1335 1
1334 1374 4
1335 1336 4
1335 1375 3
1336 1337 4
1336 1376 4
1337 1338 2
1337 1377 1
1338 1339 1
1338 1378 5
1339 1340 1
1339 1379 4
1340 1341 5
1340 1380 2
1341 1342 2
1341 1381 3
1342 1343 3
1342 1382 2
1343 1344 3
1343 1383 4
1344 1345 4
1344 1384 5
1345 1346 1
1345 1385 1
1346 1347 4
1346 1386 2
1347 1348 3
1347 1387 2
1348 1349 4
1348 1388 4
1349 1350 1
1349 1389 5
1350 1351 2
1350 1390 5
1351 1352 1
1351 1391 5
1352 1353 3
1352 1392 5
1353 1354 4
1353 1393 3
1354 1355 2
1354 1394 4
1355 1356 1
1355 1395 4
1356 1357 4
1356 1396 3
1357 1358 5
1357 1397 3
1358 1359 2
1358 1398 2
1359 1360 4
1359 1399 1
1360 1400 1
1361 1362 4
1361 1401 5
1362 1363 1
1362 1402 1
1363 1364 4
1363 1403 4
1364 1365 3
1364 1404 1
1365 1366 4
1365 1405 2
1366 1367 1
1366 1406 5
1367 1368 4
1367 1407 2
1368 1369 4
1368 1408 5
1369 1370 3
1369 1409 3
1370 1371 3
1370 1410 3
1371 1372 3
1371 1411 2
1372 1373 4
1372 1412 5
1373 1374 2
1373 1413 4
1374 1375 1
1374 1414 1
1375 1376 2
1375 1415 2
1376 1377 1
1376 1416 5
1377 1378 3
1377 1417 4
1378 1379 4
1378 1418 4
1379 1380 1
1379 1419 4
1380 1381 4
1380 1420 5
1381 1382 4
1381 1421 3
1382 1383 3
1382 1422 3
1383 1384 1
1383 1423 4
1384 1385 1
1384 1424 2
1385 1386 5
1385 1425 2
1386 1387 3
1386 1426 4
1387 1388 1
1387 1427 3
1388 1389 1
1388 1428 3
1389 1390 1
1389 1429 1
1390 1391 3
1390 1430 3
1391 1392 2
1391 1431 4
1392 1393 1
1392 1432 2
1393 1394 2
1393 1433 2
1394 1395 1
1394 1434 2
1395 1396 3
1395 1435 2
1396 1397 3
1396 1436 1
1397 1398 1
1397 1437 1
1398 1399 2
1398 1438 2
1399 1400 2
1399 1439 5
1400 1440 2
1401 1402 4
1401 1441 4
1402 1403 3
1402 1442 2
1403 1404 4
1403 1443 5
1404 1405 5
1404 1444 1
1405 1406 2
1405 1445 2
1406 1407 5
1406 1446 2
1407 1408 1
1407 1447 3
1408 1409 1
1408 1448 1
1409 1410 1
1409 1449 4
1410 1411 3
1410 1450 5
1411 1412 4
1411 1451 3
1412 1413 5
1412 1452 4
1413 1414 2
1413 1453 5
1414 1415 2
1414 1454 4
1415 1416 3
1415 1455 5
1416 1417 1
1416 1456 3
1417 1418 1
1417 1457 5
1418 1419 4
1418 1458 1
1419 1420 2
1419 1459 2
1420 1421 4
1420 1460 5
1421 1422 5
1421 1461 2
1422 1423 1
1422 1462 1
1423 1424 4
1423 1463 5
1424 1425 5
1424 1464 5
1425 1426 5
1425 1465 3
1426 1427 1
1426 1466 3
1427 1428 1
1427 1467 2
1428 1429 3
1428 1468 4
1429 1430 4
1429 1469 4
1430 1431 3
1430 1470 2
1431 1432 3
1431 1471 1
1432 1433 1
1432 1472 1
1433 1434 4
1433 1473 4
1434 1435 4
1434 1474 4
1435 1436 3
1435 1475 5
1436 1437 4
1436 1476 3
1437 1438 5
1437 1477 2
1438 1439 2
1438 1478 4
1439 1440 3
1439 1479 1
1440 1480 3
1441 1442 2
1441 1481 3
1442 1443 5
1442 1482 4
1443 1444 3
1443 1483 4
1444 1445 4
1444 1484 3
1445 1446 5
1445 1485 5
1446 1447 5
1446 1486 4
1447 1448 2
1447 1487 1
1448 1449 2
1448 1488 1
1449 1450 4
1449 1489 1
1450 1451 4
1450 1490 1
1451 1452 2
1451 1491 2
1452 1453 4
1452 1492 1
1453 1454 4
1453 1493 3
1454 1455 1
1454 1494 1
1455 1456 5
1455 1495 4
1456 1457 1
1456 1496 2
1457 1458 3
1457 1497 5
1458 1459 5
1458 1498 4
1459 1460 3
1459 1499 5
1460 1461 4
1460 1500 1
1461 1462 5
1461 1501 3
1462 1463 5
1462 1502 4
1463 1464 5
1463 1503 5
1464 1465 2
1464 1504 3
1465 1466 2
1465 1505 4
1466 1467 4
1466 1506 4
1467 1468 2
1467 1507 4
1468 1469 1
1468 1508 1
1469 1470 3
1469 1509 2
1470 1471 5
1470 1510 3
1471 1472 4
1471 1511 2
1472 1473 5
1472 1512 1
1473 1474 1
1473 1513 1
1474 1475 4
1474 1514 5
1475 1476 2
1475 1515 3
1476 1477 5
1476 1516 1
1477 1478 1
1477 1517 4
1478 1479 5
1478 1518 1
1479 1480 4
1479 1519 4
1480 1520 4
1481 1482 1
1481 1521 5
1482 1483 1
1482 1522 4
1483 1484 1
1483 1523 3
1484 1485 1
1484 1524 1
1485 1486 4
1485 1525 5
1486 1487 5
1486 1526 1
1487 1488 5
1487 1527 3
1488 1489 1
1488 1528 5
1489 1490 5
1489 1529 4
1490 1491 2
1490 1530 2
1491 1492 3
1491 1531 3
1492 1493 5
1492 1532 3
1493 1494 1
1493 1533 2
1494 1495 1
1494 1534 3
1495 1496 3
1495 1535 4
1496 1497 5
1496 1536 5
1497 1498 5
1497 1537 2
1498 1499 3
1498 1538 5
1499 1500 5
1499 1539 4
1500 1501 2
1500 1540 1
1501 1502 5
1501 1541 5
1502 1503 2
1502 1542 1
1503 1504 2
1503 1543 1
1504 1505 3
1504 1544 1
1505 1506 2
1505 1545 2
1506 1507 5
1506 1546 3
1507 1508 4
1507 1547 4
1508 1509 2
1508 1548 4
1509 1510 4
1509 1549 1
1510 1511 2
1510 1550 1
1511 1512 4
1511 1551 4
1512 1513 2
1512 1552 4
1513 1514 2
1513 1553 3
1514 1515 5
1514 1554 3
1515 1516 5
1515 1555 2
1516 1517 5
1516 1556 1
1517 1518 1
1517 1557 5
1518 1519 3
1518 1558 1
1519 1520 2
1519 1559 4
1520 1560 4
1521 1522 2
1521 1561 4
1522 1523 2
1522 1562 1
1523 1524 5
1523 1563 2
1524 1525 1
1524 1564 4
1525 1526 4
1525 1565 1
1526 1527 5
1526 1566 2
1527 1528 1
1527 1567 4
1528 1529 3
1528 1568 4
1529 1530 1
1529 1569 5
1530 1531 4
1530 1570 2
1531 1532 4
1531 1571 4
1532 1533 4
1532 1572 3
1533 1534 5
1533 1573 5
1534 1535 5
1534 1574 2
1535 1536 5
1535 1575 2
1536 1537 4
1536 1576 5
1537 1538 4
1537 1577 5
1538 1539 4
1538 1578 3
1539 1540 5
1539 1579 5
1540 1541 3
1540 1580 4
1541 1542 4
1541 1581 1
1542 1543 3
1542 1582 4
1543 1544 2
1543 1583 3
1544 1545 3
1544 1584 2
1545 1546 5
1545 1585 2
1546 1547 2
1546 1586 3
1547 1548 2
1547 1587 5
1548 1549 5
1548 1588 5
1549 1550 4
1549 1589 4
1550 1551 2
1550 1590 2
1551 1552 3
1551 1591 3
1552 1553 4
1552 1592 5
1553 1554 3
1553 1593 2
1554 1555 5
1554 1594 2
1555 1556 3
1555 1595 2
1556 1557 2
1556 1596 1
1557 1558 1
1557 1597 4
1558 1559 4
1558 1598 5
1559 1560 4
1559 1599 5
1560 1600 3
1561 1562 1
1562 1563 3
1563 1564 3
1564 1565 2
1565 1566 2
1566 1567 2
1567 1568 1
1568 1569 5
1569 1570 1
1570 1571 1
1571 1572 3
1572 1573 1
1573 1574 5
1574 1575 4
1575 1576 3
1576 1577 5
1577 1578 5
1578 1579 5
1579 1580 4
1580 1581 5
1581 1582 4
1582 1583 2
1583 1584 4
1584 1585 1
1585 1586 3
1586 1587 4
1587 1588 3
1588 1589 1
1589 1590 4
1590 1591 4
1591 1592 5
1592 1593 5
1593 1594 5
1594 1595 1
1595 1596 4
1596 1597 2
1597 1598 5
1598 1599 3
1599 1600 5
1 1561 3
2 1562 3
3 1563 4
4 1564 1
5 1565 3
6 1566 5
7 1567 2
8 1568 3
9 1569 1
10 1570 5
11 1571 5
12 1572 1
13 1573 5
14 1574 3
15 1575 5
16 1576 5
17 1577 5
18 1578 4
19 1579 5
20 1580 3
21 1581 2
22 1582 2
23 1583 3
24 1584 2
25 1585 5
26 1586 3
27 1587 4
28 1588 5
29 1589 2
30 1590 1
31 1591 3
32 1592 5
33 1593 3
34 1594 5
35 1595 4
36 1596 5
37 1597 2
38 1598 5
39 1599 4
40 1600 2
1 40 1
41 80 3
81 120 5
121 160 4
161 200 1
201 240 4
241 280 1
281 320 2
321 360 2
361 400 2
401 440 5
441 480 3
481 520 3
521 560 5
561 600 5
601 640 3
641 680 3
681 720 3
721 760 3
761 800 2
801 840 1
841 880 2
881 920 3
921 960 5
961 1000 2
1001 1040 5
1041 1080 2
1081 1120 5
1121 1160 2
1161 1200 2
1201 1240 4
1241 1280 2
1281 1320 4
1321 1360 3
1361 1400 2
1401 1440 2
1441 1480 5
1481 1520 3
1521 1560 5
1561 1600 2
