100 589
1 4 99
1 16 172
1 19 173
1 40 194
1 42 88
1 63 258
1 65 207
1 69 170
1 71 92
1 74 237
1 88 25
1 90 140
2 23 173
2 26 268
2 44 235
2 56 283
2 59 166
2 84 210
2 92 68
2 93 40
2 97 91
2 100 250
3 6 106
3 7 98
3 17 149
3 24 220
3 27 222
3 36 126
3 60 92
3 68 57
3 77 171
3 81 125
3 86 55
3 89 233
4 15 147
4 16 85
4 19 75
4 34 150
4 40 100
4 42 41
4 65 117
4 71 189
4 76 171
4 88 123
4 90 41
5 8 129
5 20 178
5 26 115
5 31 72
5 32 173
5 46 84
5 51 110
5 52 33
5 64 199
5 79 159
5 84 117
5 93 276
6 7 57
6 17 54
6 24 152
6 27 167
6 36 207
6 60 44
6 68 156
6 73 209
6 77 73
6 86 160
6 89 142
7 17 63
7 24 210
7 27 128
7 36 165
7 60 91
7 68 131
7 73 226
7 77 84
7 86 152
7 89 137
8 13 150
8 26 215
8 31 57
8 32 137
8 43 288
8 46 158
8 49 193
8 51 123
8 52 122
8 64 164
8 79 136
8 80 286
9 10 117
9 12 122
9 14 140
9 21 146
9 33 41
9 35 54
9 37 231
9 57 99
9 61 104
9 62 218
9 72 78
9 83 170
9 91 110
9 94 164
10 12 182
10 33 79
10 35 123
10 37 117
10 61 69
10 62 101
10 72 187
10 83 128
10 91 55
11 17 204
11 24 174
11 38 140
11 43 241
11 48 165
11 58 166
11 67 219
11 73 106
11 77 187
11 80 257
11 87 188
11 89 186
12 14 39
12 21 51
12 22 189
12 25 182
12 33 122
12 35 176
12 41 188
12 57 141
12 72 173
12 83 130
12 91 135
12 94 103
13 18 170
13 24 210
13 32 152
13 47 149
13 49 81
13 51 199
13 75 176
13 81 132
13 85 182
13 96 191
14 21 11
14 25 187
14 33 149
14 35 192
14 41 154
14 57 128
14 72 173
14 83 170
14 91 173
14 94 65
15 16 120
15 19 83
15 22 174
15 25 181
15 34 48
15 40 96
15 41 152
15 50 201
15 65 106
15 76 26
15 90 108
16 19 45
16 34 95
16 40 27
16 42 84
16 50 188
16 53 200
16 54 176
16 65 35
16 76 147
16 88 192
16 90 59
16 95 114
17 24 177
17 27 122
17 60 98
17 68 191
17 73 165
17 77 21
17 86 205
17 89 88
18 30 175
18 32 152
18 39 183
18 45 108
18 47 26
18 49 89
18 55 126
18 66 157
18 75 7
18 81 154
18 85 44
18 96 33
18 98 137
19 34 75
19 40 36
19 41 235
19 42 95
19 65 55
19 76 110
19 88 197
19 90 34
19 95 144
20 28 145
20 32 160
20 44 133
20 45 164
20 51 125
20 56 198
20 59 147
20 66 135
20 84 134
20 92 275
20 97 245
20 99 109
20 100 93
21 33 158
21 35 197
21 41 145
21 57 126
21 72 175
21 83 181
21 91 184
21 94 54
22 25 8
22 34 138
22 40 180
22 41 191
22 50 66
22 54 111
22 65 167
22 76 174
22 95 134
23 44 104
23 56 114
23 59 128
23 84 213
23 92 105
23 93 189
23 97 85
23 99 215
23 100 140
24 38 185
24 43 197
24 48 296
24 58 330
24 60 132
24 67 230
24 73 231
24 77 178
24 80 212
24 87 164
24 89 233
25 34 146
25 41 192
25 50 70
25 54 116
25 65 176
25 76 181
25 95 141
26 31 164
26 46 58
26 51 225
26 52 98
26 59 227
26 64 187
26 79 157
26 84 154
26 93 228
27 37 204
27 60 211
27 62 224
27 73 192
27 77 120
27 89 91
28 29 134
28 44 145
28 45 199
28 56 137
28 66 147
28 70 223
28 78 161
28 82 223
28 99 39
28 100 136
29 39 166
29 45 103
29 55 177
29 66 68
29 70 234
29 78 180
29 82 193
29 85 146
29 96 148
29 98 110
29 99 147
30 36 205
30 39 185
30 47 171
30 50 146
30 54 120
30 55 132
30 68 193
30 75 169
30 81 176
30 86 175
30 95 173
31 32 143
31 46 112
31 51 101
31 52 67
31 64 165
31 79 129
31 84 186
32 45 108
32 46 247
32 47 155
32 49 125
32 51 67
32 52 193
32 66 140
32 85 123
32 96 144
33 35 75
33 37 191
33 57 138
33 61 87
33 62 181
33 72 118
33 83 136
33 91 69
33 94 187
34 40 67
34 41 173
34 42 169
34 50 156
34 54 169
34 65 70
34 76 66
34 90 109
34 95 128
35 37 240
35 57 121
35 61 78
35 62 216
35 72 70
35 91 139
35 94 208
36 37 181
36 60 211
36 62 234
36 68 73
36 81 207
36 83 172
36 86 117
37 61 175
37 62 52
37 83 146
37 91 131
38 43 115
38 48 132
38 58 198
38 67 78
38 73 246
38 77 297
38 80 128
38 87 69
39 53 132
39 55 67
39 75 176
39 78 249
39 82 201
39 85 187
39 95 182
39 96 169
39 98 65
40 42 108
40 50 173
40 54 167
40 65 19
40 76 122
40 90 65
40 95 108
41 76 126
41 94 133
42 53 178
42 63 322
42 65 120
42 69 175
42 71 168
42 74 298
42 88 108
42 90 69
43 48 235
43 58 310
43 64 207
43 67 71
43 79 239
43 80 16
43 87 52
44 56 83
44 59 98
44 84 164
44 92 177
44 93 235
44 97 147
44 99 116
44 100 40
45 47 128
45 49 153
45 51 155
45 55 177
45 66 52
45 75 111
45 85 63
45 96 79
45 98 138
45 99 191
46 51 190
46 52 55
46 64 142
46 79 107
46 84 168
47 49 69
47 55 144
47 75 30
47 81 129
47 85 65
47 96 58
47 98 162
48 58 83
48 67 172
48 73 246
48 80 244
48 87 199
48 89 344
49 51 190
49 75 95
49 81 116
49 85 105
49 86 208
49 96 111
50 54 46
50 65 155
50 95 89
51 52 134
51 66 167
51 79 230
51 84 165
51 85 185
52 64 167
52 79 128
52 84 142
53 55 199
53 63 278
53 69 78
53 70 187
53 71 211
53 74 252
53 78 198
53 82 122
53 88 205
53 98 177
54 55 179
54 65 148
54 95 63
55 75 119
55 85 142
55 96 121
55 98 69
56 59 176
56 84 247
56 92 216
56 97 191
56 99 130
56 100 116
57 61 195
57 72 62
57 91 202
57 94 107
58 67 252
58 73 213
58 80 320
58 87 267
58 89 317
59 84 85
59 92 131
59 93 153
59 97 102
59 99 193
59 100 93
60 68 148
60 73 242
60 77 115
60 81 164
60 86 139
60 89 185
61 62 142
61 72 149
61 83 192
61 91 113
62 83 176
62 91 136
63 69 202
63 70 201
63 71 167
63 74 26
63 78 264
63 82 234
63 88 233
64 67 270
64 79 39
64 80 197
64 87 253
65 76 130
65 90 83
65 95 89
66 75 159
66 78 240
66 85 113
66 96 125
66 98 146
66 99 141
67 79 304
67 80 75
67 87 67
68 77 213
68 81 140
68 86 47
69 70 160
69 71 144
69 74 176
69 78 195
69 82 117
69 88 159
70 71 265
70 74 187
70 78 63
70 82 70
70 99 262
71 74 146
71 82 250
71 88 67
71 90 229
72 94 167
73 77 143
73 89 104
74 78 250
74 82 213
74 88 212
75 81 156
75 85 48
75 96 33
75 98 132
76 90 133
77 89 70
78 82 79
78 98 236
78 99 200
79 80 230
79 87 282
80 87 68
81 86 93
82 98 209
83 91 78
84 92 198
84 93 183
84 97 175
84 100 139
85 96 21
85 98 130
88 90 164
90 95 171
91 94 226
92 93 91
92 97 30
92 100 199
93 97 104
93 100 243
96 98 115
97 100 168
99 100 100
