100 587
1 11 168
1 13 179
1 26 169
1 29 47
1 43 170
1 48 183
1 50 130
1 54 101
1 72 135
1 87 109
1 97 159
2 8 71
2 14 155
2 31 96
2 38 59
2 41 54
2 42 176
2 47 82
2 49 215
2 64 275
2 66 169
2 71 147
2 76 264
3 4 310
3 17 332
3 20 217
3 27 125
3 28 125
3 32 183
3 33 70
3 37 149
3 46 99
3 63 195
3 65 189
3 81 100
3 83 96
3 92 94
4 17 41
4 20 130
4 27 223
4 28 197
4 30 272
4 33 348
4 46 282
4 53 128
4 56 295
5 16 69
5 21 258
5 34 166
5 45 82
5 52 170
5 55 215
5 57 164
5 62 121
5 72 153
5 77 154
5 85 172
5 86 175
5 88 61
5 91 130
5 98 167
6 31 142
6 38 190
6 41 186
6 42 74
6 49 58
6 64 304
6 70 211
6 76 284
6 84 84
6 93 172
6 99 111
6 100 60
7 8 191
7 11 145
7 14 97
7 26 188
7 47 174
7 50 148
7 66 100
7 71 167
7 87 200
7 94 75
8 14 94
8 31 115
8 38 53
8 41 95
8 42 162
8 47 57
8 66 126
8 71 136
8 94 155
9 11 260
9 18 153
9 25 249
9 26 231
9 36 236
9 58 180
9 67 118
9 68 245
9 95 26
9 96 222
10 15 39
10 19 231
10 55 276
10 60 204
10 75 204
10 79 251
10 80 227
10 85 226
10 86 233
10 89 65
11 18 139
11 26 44
11 29 175
11 50 134
11 54 204
11 67 156
11 87 176
11 94 163
11 95 286
12 24 36
12 30 200
12 32 211
12 51 154
12 56 104
12 61 118
12 63 84
12 73 34
12 93 191
12 99 220
12 100 225
13 25 177
13 29 133
13 34 91
13 36 182
13 39 222
13 43 73
13 54 79
13 59 85
13 68 146
13 72 139
13 74 118
13 96 197
14 38 147
14 41 190
14 47 81
14 50 179
14 66 53
14 71 109
14 94 84
15 19 231
15 60 223
15 69 298
15 75 243
15 79 261
15 80 266
15 85 260
15 86 254
15 89 88
16 21 222
16 34 97
16 45 73
16 55 185
16 57 173
16 62 184
16 72 106
16 77 123
16 85 178
16 88 131
16 91 149
17 20 169
17 27 233
17 28 226
17 30 312
17 33 376
17 46 292
17 53 170
17 56 336
18 25 183
18 26 97
18 36 171
18 43 159
18 58 106
18 59 166
18 67 36
18 68 153
18 95 178
18 96 167
19 40 169
19 44 71
19 60 115
19 62 180
19 69 67
19 79 65
19 82 176
19 86 135
19 89 177
19 90 86
20 27 183
20 28 92
20 30 187
20 46 230
20 53 58
20 56 172
20 61 246
20 63 225
21 34 214
21 39 101
21 55 45
21 74 186
21 75 87
21 77 103
21 80 63
21 85 143
22 35 75
22 37 74
22 40 77
22 46 210
22 65 29
22 69 155
22 81 118
22 82 39
22 83 133
22 90 129
22 92 147
23 32 60
23 33 174
23 51 95
23 52 86
23 57 197
23 63 200
23 78 83
23 91 186
23 92 186
23 98 121
24 28 216
24 30 196
24 32 193
24 33 192
24 51 145
24 53 247
24 56 88
24 61 130
24 63 52
24 73 63
24 93 224
25 36 13
25 43 139
25 58 80
25 59 101
25 67 197
25 68 43
25 74 159
25 95 264
25 96 28
26 29 164
26 43 178
26 50 167
26 54 182
26 58 192
26 67 120
26 87 201
26 95 257
27 28 118
27 33 191
27 37 229
27 46 58
27 53 240
27 81 161
27 83 198
27 92 203
28 30 247
28 33 151
28 46 150
28 53 149
28 56 188
28 63 186
28 81 215
29 34 166
29 43 125
29 50 170
29 54 54
29 59 165
29 72 120
29 87 155
29 97 199
30 53 148
30 56 112
30 61 103
30 63 229
30 73 178
30 93 242
31 38 62
31 41 44
31 42 91
31 47 161
31 49 120
31 64 252
31 70 221
31 71 237
31 76 235
31 84 181
31 99 219
31 100 187
32 33 116
32 51 71
32 52 141
32 63 149
32 78 144
32 83 167
32 92 151
32 98 162
33 37 169
33 46 170
33 51 157
33 63 140
33 81 145
33 83 109
33 92 97
34 39 213
34 43 162
34 45 134
34 54 129
34 55 194
34 72 92
34 74 149
34 77 149
35 37 81
35 40 18
35 44 120
35 65 66
35 69 119
35 79 170
35 81 149
35 82 72
35 83 131
35 90 107
35 92 138
35 98 169
36 43 139
36 58 67
36 59 103
36 67 185
36 68 40
36 74 171
36 95 251
36 96 16
37 40 97
37 46 172
37 65 45
37 81 68
37 82 106
37 83 60
37 92 72
38 41 49
38 42 123
38 47 101
38 49 179
38 64 296
38 66 178
38 70 281
38 71 180
38 76 281
38 84 207
38 94 199
38 100 224
39 55 137
39 59 250
39 74 115
39 75 188
39 77 173
39 80 164
39 85 239
40 44 104
40 65 74
40 69 101
40 79 155
40 82 64
40 83 149
40 90 89
40 92 156
40 98 176
41 42 133
41 47 129
41 49 161
41 64 247
41 66 214
41 70 239
41 71 201
41 76 232
42 49 96
42 64 313
42 70 246
42 76 294
42 84 90
42 99 128
42 100 101
43 54 79
43 58 135
43 59 40
43 67 193
43 68 98
43 74 158
43 96 150
44 60 132
44 62 142
44 69 17
44 79 56
44 82 130
44 86 134
44 89 235
44 90 49
45 48 197
45 52 182
45 57 100
45 72 81
45 77 197
45 78 169
45 88 123
45 91 77
45 97 197
46 65 195
46 81 104
46 83 148
46 92 156
47 66 86
47 71 79
47 94 162
48 50 204
48 57 99
48 72 202
48 78 176
48 84 213
48 87 151
48 91 134
48 97 26
48 99 195
49 64 245
49 70 156
49 76 225
49 84 141
49 93 176
49 99 170
49 100 119
50 66 220
50 87 53
50 94 96
50 97 179
51 52 181
51 56 229
51 61 272
51 63 115
51 73 188
51 78 168
51 98 216
52 57 157
52 62 171
52 78 40
52 88 123
52 91 132
52 98 52
53 56 170
53 61 227
53 63 249
54 59 117
54 68 178
54 72 117
54 74 197
55 74 201
55 75 72
55 77 62
55 80 53
55 85 101
56 61 88
56 63 117
56 73 97
57 72 131
57 78 124
57 87 208
57 88 174
57 91 37
57 97 105
58 59 114
58 67 117
58 68 65
58 95 198
58 96 61
59 68 63
59 74 135
59 96 116
60 62 116
60 69 144
60 75 191
60 79 75
60 80 210
60 85 124
60 86 32
60 88 190
60 89 138
60 90 176
61 63 178
61 73 87
61 93 152
62 69 159
62 79 115
62 85 164
62 86 86
62 88 80
62 98 132
63 73 115
64 70 126
64 76 20
64 93 339
65 69 167
65 81 96
65 82 63
65 83 105
65 90 145
65 92 118
66 71 68
66 94 123
67 68 174
67 95 144
67 96 178
68 74 157
68 95 263
68 96 52
69 79 68
69 82 119
69 86 149
69 90 33
70 76 109
70 93 212
70 100 267
71 94 190
72 91 131
72 97 192
73 93 161
73 99 225
73 100 222
74 96 187
75 77 117
75 80 24
75 85 88
75 86 193
75 89 177
76 93 320
77 80 106
77 85 91
77 86 191
78 88 141
78 91 106
78 97 196
78 98 92
79 82 186
79 86 81
79 89 188
79 90 102
80 85 98
80 86 210
80 89 201
81 82 157
81 83 60
81 92 74
82 83 167
82 90 90
83 92 16
84 93 222
84 97 220
84 99 38
84 100 41
85 86 115
85 89 176
86 88 157
86 89 168
87 94 141
87 97 126
88 91 137
88 98 109
91 97 142
91 98 169
93 99 220
93 100 181
95 96 236
97 99 206
99 100 53
