200 1603
1 3 128
1 27 62
1 28 130
1 33 123
1 35 59
1 47 101
1 69 90
1 89 6
1 103 174
1 116 115
1 169 125
1 172 139
1 182 57
1 194 127
1 199 150
2 11 157
2 12 172
2 18 147
2 23 132
2 25 65
2 37 150
2 38 66
2 39 134
2 42 178
2 43 156
2 45 173
2 50 59
2 54 217
2 68 203
2 78 159
2 82 180
2 100 98
2 111 142
2 115 106
2 136 80
2 200 42
3 27 117
3 29 107
3 35 68
3 36 140
3 47 61
3 76 101
3 81 95
3 89 129
3 107 116
3 137 125
3 148 129
3 157 143
3 182 71
3 190 131
3 191 131
3 192 103
4 10 92
4 16 71
4 19 109
4 40 128
4 66 146
4 73 107
4 87 225
4 88 112
4 112 124
4 122 117
4 124 152
4 146 136
4 147 185
4 156 130
4 161 97
4 166 153
4 171 166
4 183 141
4 184 214
4 188 27
5 6 141
5 13 89
5 26 72
5 41 151
5 51 190
5 70 202
5 86 185
5 90 126
5 99 202
5 150 76
5 162 206
5 174 33
5 187 152
5 198 139
6 13 88
6 26 78
6 31 148
6 86 44
6 90 110
6 99 61
6 106 126
6 150 157
6 173 131
6 174 173
6 176 181
6 181 148
6 198 23
7 8 35
7 30 162
7 41 107
7 51 64
7 57 128
7 65 128
7 70 183
7 74 155
7 92 50
7 101 127
7 123 135
7 134 23
7 140 99
7 162 99
7 186 159
7 187 215
8 41 84
8 51 34
8 57 136
8 60 159
8 65 162
8 70 151
8 92 40
8 101 158
8 123 159
8 134 57
8 140 134
8 150 148
8 162 67
8 174 211
8 186 156
8 187 180
9 28 145
9 37 141
9 61 89
9 85 14
9 102 153
9 128 80
9 130 114
9 139 99
9 142 38
9 151 78
9 154 109
9 155 89
9 180 49
9 189 68
10 16 87
10 19 68
10 21 173
10 40 146
10 53 158
10 64 142
10 84 167
10 94 125
10 105 167
10 112 114
10 113 133
10 122 144
10 161 54
10 183 138
10 188 117
10 193 142
11 23 131
11 25 96
11 42 113
11 49 120
11 55 103
11 56 111
11 78 121
11 79 126
11 82 161
11 95 114
11 100 113
11 120 71
11 136 79
11 141 72
11 163 71
11 175 64
12 18 84
12 25 218
12 38 171
12 43 143
12 45 31
12 50 121
12 54 45
12 68 35
12 111 42
12 115 182
12 133 105
12 195 138
12 200 141
13 26 79
13 30 147
13 31 167
13 41 109
13 51 160
13 86 129
13 90 41
13 99 146
13 106 160
13 150 71
13 174 111
13 187 204
13 198 73
14 24 148
14 40 130
14 53 51
14 58 121
14 64 153
14 74 161
14 80 101
14 94 71
14 98 52
14 104 96
14 152 52
14 160 97
14 161 128
14 165 41
14 168 78
14 183 98
14 193 64
15 24 114
15 34 45
15 35 172
15 44 104
15 46 190
15 47 134
15 63 174
15 64 167
15 69 132
15 103 38
15 104 151
15 148 164
15 159 135
15 194 149
15 199 30
16 19 142
16 40 64
16 73 88
16 88 126
16 94 142
16 122 58
16 146 174
16 152 144
16 156 74
16 161 51
16 183 71
16 188 93
16 193 93
17 20 107
17 49 63
17 55 188
17 56 80
17 71 51
17 72 89
17 75 63
17 108 111
17 110 73
17 120 129
17 121 80
17 127 137
17 138 104
17 141 145
17 144 46
17 145 127
17 163 102
17 176 105
17 178 64
17 197 61
18 23 144
18 25 170
18 38 179
18 45 111
18 50 88
18 54 117
18 68 117
18 82 162
18 111 100
18 133 185
18 136 186
18 200 136
19 21 109
19 32 174
19 64 178
19 66 132
19 67 243
19 84 164
19 105 99
19 112 49
19 113 90
19 114 196
19 117 234
19 119 205
19 143 253
19 161 121
19 170 154
19 177 190
19 188 125
20 49 143
20 65 122
20 71 74
20 77 87
20 79 151
20 95 124
20 108 60
20 109 150
20 123 92
20 127 32
20 129 170
20 144 67
20 145 64
20 163 144
20 197 57
21 32 72
21 52 223
21 66 148
21 67 173
21 84 171
21 105 41
21 112 89
21 113 70
21 114 143
21 117 166
21 118 244
21 119 123
21 135 245
21 143 194
21 149 274
21 170 108
21 177 151
22 33 145
22 39 158
22 62 47
22 77 125
22 78 75
22 79 76
22 95 107
22 100 130
22 102 158
22 109 64
22 116 159
22 129 67
22 169 126
22 172 119
23 25 89
23 42 59
23 50 120
23 55 89
23 82 48
23 100 176
23 120 141
23 136 93
23 141 125
23 175 96
23 200 162
24 34 115
24 44 72
24 46 178
24 53 97
24 58 160
24 64 63
24 84 142
24 94 99
24 103 86
24 104 70
24 160 158
24 194 149
24 199 138
25 38 128
25 42 121
25 50 97
25 55 135
25 78 140
25 82 137
25 100 88
25 136 17
25 141 140
25 175 113
25 200 106
26 31 215
26 41 182
26 86 118
26 90 120
26 99 134
26 106 197
26 150 120
26 173 208
26 174 105
26 181 220
26 198 84
27 28 90
27 33 161
27 35 68
27 36 152
27 47 122
27 69 152
27 89 56
27 102 159
27 116 157
27 169 137
27 180 161
27 182 57
27 189 143
28 33 162
28 35 157
28 85 132
28 89 123
28 102 72
28 128 135
28 142 140
28 154 188
28 169 107
28 172 154
28 180 95
28 182 147
28 189 76
29 35 167
29 36 91
29 76 64
29 81 106
29 91 125
29 97 124
29 107 140
29 132 123
29 137 42
29 157 81
29 158 133
29 164 96
29 167 135
29 179 94
29 182 165
29 190 28
29 192 52
30 31 105
30 41 124
30 51 152
30 65 167
30 71 116
30 72 125
30 75 149
30 90 106
30 106 128
30 110 120
30 121 135
30 123 93
30 145 94
30 150 172
30 176 98
30 181 128
30 198 162
31 71 130
31 72 54
31 75 89
31 86 137
31 90 142
31 99 139
31 106 31
31 110 66
31 121 67
31 138 134
31 173 113
31 176 34
31 178 96
31 181 23
31 198 132
32 46 197
32 52 176
32 67 197
32 84 170
32 105 110
32 112 162
32 113 101
32 114 185
32 117 192
32 118 188
32 119 61
32 135 280
32 143 142
32 149 309
32 170 161
33 58 111
33 62 121
33 69 103
33 89 123
33 109 175
33 116 14
33 129 144
33 160 135
33 169 63
33 172 26
33 194 96
34 44 132
34 46 146
34 47 169
34 52 203
34 63 147
34 64 153
34 69 176
34 84 172
34 103 70
34 104 169
34 118 231
34 131 216
34 143 234
34 148 169
34 159 119
34 199 73
35 36 168
35 47 54
35 69 130
35 76 169
35 81 159
35 89 61
35 182 11
35 192 171
35 199 141
36 76 152
36 132 75
36 137 51
36 139 152
36 151 143
36 154 101
36 155 122
36 157 15
36 164 148
36 182 161
36 190 112
36 192 141
37 38 86
37 39 69
37 43 102
37 45 208
37 61 96
37 85 146
37 102 124
37 111 186
37 115 51
37 128 64
37 130 140
37 142 103
37 180 141
37 189 147
37 195 188
37 200 129
38 39 92
38 43 102
38 45 160
38 50 99
38 54 212
38 61 165
38 68 194
38 100 120
38 111 131
38 115 40
38 128 150
38 133 244
38 136 140
38 195 188
38 200 44
39 43 159
39 61 163
39 78 133
39 100 107
39 102 95
39 115 85
39 128 107
39 142 149
39 189 166
39 200 133
40 57 122
40 73 77
40 88 131
40 98 119
40 101 127
40 122 13
40 152 103
40 156 20
40 161 97
40 168 131
40 183 33
40 186 147
40 193 66
41 51 51
41 70 169
41 90 86
41 92 122
41 123 165
41 134 130
41 150 74
41 162 109
41 174 148
41 187 167
42 49 156
42 50 177
42 55 31
42 56 139
42 82 54
42 120 94
42 136 116
42 141 77
42 163 138
42 175 55
43 45 116
43 50 154
43 54 167
43 61 105
43 68 147
43 111 104
43 115 77
43 128 142
43 130 116
43 133 171
43 195 90
43 200 116
44 53 112
44 58 103
44 64 133
44 69 92
44 94 134
44 103 66
44 104 52
44 116 160
44 160 112
44 165 143
44 194 76
44 199 112
45 50 129
45 54 53
45 68 34
45 111 30
45 115 165
45 133 92
45 195 107
45 200 136
46 52 64
46 63 184
46 64 156
46 84 85
46 113 169
46 118 100
46 119 148
46 131 183
46 143 88
46 159 201
47 69 139
47 76 149
47 81 126
47 89 105
47 103 151
47 107 132
47 148 123
47 159 162
47 182 65
47 191 151
47 199 103
48 52 238
48 59 185
48 63 86
48 81 219
48 93 14
48 97 214
48 107 187
48 118 228
48 125 181
48 126 109
48 131 73
48 148 166
48 153 116
48 159 131
48 185 194
48 191 180
49 55 125
49 56 17
49 71 111
49 72 138
49 75 105
49 108 117
49 120 66
49 121 126
49 138 108
49 141 81
49 144 76
49 163 51
49 175 111
49 178 100
49 197 86
50 54 165
50 68 154
50 82 161
50 100 156
50 111 100
50 115 133
50 133 221
50 136 115
50 195 210
50 200 55
51 70 145
51 90 137
51 92 70
51 123 165
51 134 88
51 140 162
51 150 114
51 162 68
51 174 179
51 187 162
52 63 200
52 64 214
52 84 129
52 113 183
52 118 38
52 119 116
52 131 168
52 143 36
52 159 232
53 58 125
53 64 104
53 80 149
53 94 34
53 98 103
53 103 167
53 104 61
53 152 103
53 160 108
53 161 126
53 165 78
53 168 129
53 193 99
54 68 20
54 111 80
54 115 218
54 130 258
54 133 69
54 195 135
54 200 184
55 56 108
55 82 84
55 120 66
55 136 127
55 138 181
55 141 49
55 163 112
55 175 38
56 71 128
56 75 117
56 82 193
56 108 128
56 120 51
56 138 111
56 141 65
56 144 92
56 163 47
56 175 95
56 178 111
56 197 101
57 60 116
57 70 189
57 73 102
57 87 215
57 88 129
57 92 97
57 96 121
57 101 110
57 122 119
57 124 124
57 134 117
57 140 141
57 156 104
57 162 138
57 166 169
57 184 235
57 186 49
58 62 176
58 69 109
58 80 127
58 98 133
58 103 166
58 104 92
58 116 104
58 160 26
58 165 89
58 168 137
58 169 175
58 172 131
58 194 68
59 83 83
59 91 164
59 93 188
59 97 124
59 107 179
59 125 75
59 126 97
59 153 108
59 158 125
59 167 155
59 179 170
59 185 66
59 191 160
60 70 97
60 73 165
60 87 145
60 88 149
60 92 126
60 96 74
60 124 114
60 146 165
60 162 107
60 166 143
60 184 174
60 186 75
60 187 158
61 85 102
61 115 125
61 128 76
61 130 47
61 133 252
61 139 161
61 142 67
61 151 149
61 155 167
61 180 122
61 189 140
61 195 150
62 77 114
62 78 117
62 79 95
62 95 120
62 108 170
62 109 54
62 116 134
62 127 171
62 129 32
62 169 124
62 172 100
63 81 189
63 93 99
63 107 155
63 118 204
63 126 137
63 131 92
63 143 237
63 148 118
63 153 132
63 159 54
63 191 158
63 199 182
64 84 94
64 94 84
64 103 145
64 104 113
64 113 163
64 119 237
64 143 224
64 161 148
65 74 80
65 77 153
65 80 144
65 92 173
65 101 114
65 123 77
65 127 109
65 134 114
65 140 62
65 145 99
65 168 162
66 67 155
66 105 107
66 112 87
66 114 102
66 117 146
66 135 173
66 147 56
66 149 194
66 170 78
66 171 135
66 177 84
66 188 134
66 196 164
67 105 151
67 112 195
67 114 53
67 117 8
67 135 85
67 147 150
67 149 114
67 170 90
67 177 71
67 196 155
68 111 63
68 115 199
68 130 239
68 133 69
68 195 119
68 200 168
69 89 95
69 103 110
69 104 133
69 116 89
69 160 133
69 169 148
69 172 129
69 182 135
69 194 41
69 199 116
70 87 215
70 92 142
70 96 169
70 134 199
70 150 164
70 162 84
70 174 171
70 186 163
70 187 61
71 72 95
71 75 88
71 108 105
71 110 78
71 121 93
71 123 109
71 127 106
71 138 145
71 144 51
71 145 76
71 163 138
71 176 97
71 178 93
71 197 59
72 75 34
72 86 187
72 99 186
72 106 78
72 110 17
72 121 13
72 138 88
72 144 129
72 145 153
72 173 142
72 176 29
72 178 42
72 181 57
73 87 185
73 88 54
73 96 115
73 122 64
73 124 83
73 146 115
73 156 62
73 161 140
73 166 114
73 171 200
73 183 110
73 184 191
73 186 98
73 188 107
74 80 72
74 98 110
74 101 59
74 123 157
74 134 132
74 140 56
74 152 114
74 165 141
74 168 83
74 183 162
74 193 157
75 106 111
75 110 29
75 121 22
75 138 64
75 144 109
75 173 165
75 176 62
75 178 9
75 181 89
75 197 123
76 81 47
76 83 167
76 91 122
76 97 70
76 107 78
76 125 120
76 132 186
76 137 106
76 148 120
76 153 148
76 157 144
76 158 107
76 164 125
76 167 128
76 179 89
76 185 128
76 190 62
76 191 78
76 192 12
77 78 137
77 79 74
77 95 60
77 108 61
77 109 63
77 127 62
77 129 86
77 144 123
77 145 145
77 163 151
77 197 109
78 79 63
78 95 87
78 100 61
78 108 155
78 109 101
78 129 125
78 136 129
79 95 31
79 100 119
79 108 99
79 109 52
79 127 133
79 129 86
79 163 143
79 197 148
80 98 57
80 101 107
80 140 127
80 152 70
80 160 104
80 165 72
80 168 33
80 183 142
80 193 122
81 91 158
81 97 74
81 107 33
81 125 114
81 126 136
81 137 146
81 148 73
81 153 119
81 159 149
81 179 128
81 182 165
81 185 128
81 190 109
81 191 40
81 192 59
82 120 149
82 136 140
82 141 132
82 163 193
82 175 109
83 91 91
83 97 108
83 125 90
83 126 153
83 153 156
83 158 65
83 164 151
83 167 80
83 179 108
83 185 72
83 191 170
83 192 168
84 94 172
84 113 103
84 118 167
84 119 145
84 143 133
85 102 146
85 128 83
85 130 128
85 139 101
85 142 44
85 151 78
85 154 104
85 155 86
85 180 37
85 189 56
86 90 143
86 99 17
86 106 109
86 121 198
86 173 91
86 174 217
86 176 171
86 181 130
86 198 56
87 88 134
87 96 94
87 124 104
87 146 88
87 166 75
87 171 135
87 184 32
87 186 167
87 188 201
88 96 82
88 122 117
88 124 40
88 146 61
88 156 116
88 166 60
88 171 152
88 184 137
88 186 103
88 188 99
89 116 114
89 169 121
89 172 137
89 182 58
89 194 131
89 199 157
90 99 158
90 106 142
90 150 82
90 174 142
90 181 158
90 187 216
90 198 88
91 97 103
91 125 128
91 132 182
91 137 149
91 158 43
91 164 60
91 167 11
91 179 33
91 185 117
91 190 96
91 192 116
92 96 178
92 101 140
92 134 59
92 140 130
92 162 61
92 186 115
92 187 183
93 97 225
93 107 200
93 118 226
93 125 190
93 126 118
93 131 71
93 148 181
93 153 127
93 159 145
93 185 202
93 191 193
94 98 122
94 104 86
94 152 118
94 161 99
94 165 107
94 183 123
94 193 97
95 100 136
95 108 69
95 109 69
95 127 110
95 129 104
95 144 129
95 163 116
95 175 173
95 197 116
96 122 176
96 124 42
96 146 90
96 156 168
96 162 177
96 166 68
96 171 186
96 184 116
96 186 73
97 107 81
97 125 51
97 126 108
97 148 123
97 153 97
97 158 67
97 164 139
97 167 103
97 179 84
97 185 58
97 190 108
97 191 66
97 192 76
98 101 116
98 104 140
98 122 133
98 140 156
98 152 15
98 156 132
98 160 107
98 165 47
98 168 27
98 183 92
98 193 67
99 106 109
99 121 196
99 173 78
99 176 172
99 181 129
99 198 73
100 109 162
100 115 147
100 136 83
100 175 166
100 200 130
101 122 135
101 134 104
101 140 55
101 152 112
101 156 123
101 168 98
101 183 130
102 115 166
102 128 104
102 142 131
102 169 105
102 172 150
102 180 113
102 189 101
103 104 113
103 159 173
103 194 119
103 199 53
104 152 146
104 160 88
104 165 98
104 194 103
105 112 62
105 113 98
105 114 112
105 117 143
105 119 164
105 135 214
105 143 236
105 147 155
105 149 243
105 170 73
105 177 116
105 196 242
106 110 93
106 121 89
106 138 144
106 173 84
106 176 64
106 178 117
106 181 22
106 198 113
107 125 107
107 126 111
107 131 238
107 148 44
107 153 93
107 159 118
107 185 123
107 191 18
107 192 91
108 109 115
108 120 146
108 123 152
108 127 61
108 129 144
108 144 65
108 145 124
108 163 99
108 197 51
109 127 124
109 129 35
109 172 154
109 197 167
110 121 17
110 138 92
110 144 112
110 145 138
110 173 160
110 176 35
110 178 39
110 181 73
110 197 125
111 115 140
111 133 123
111 195 119
111 200 105
112 113 106
112 114 147
112 117 186
112 119 206
112 135 242
112 147 144
112 149 267
112 161 164
112 170 106
112 177 141
112 188 129
112 196 249
113 118 212
113 119 117
113 143 164
113 161 185
113 170 171
114 117 44
114 119 246
114 135 102
114 147 105
114 149 130
114 170 41
114 177 22
114 196 144
115 128 115
115 130 159
115 133 239
115 142 150
115 195 168
115 200 79
116 129 156
116 160 129
116 169 72
116 172 40
116 194 83
117 135 88
117 147 143
117 149 117
117 170 81
117 177 63
117 196 154
118 119 127
118 131 155
118 143 49
118 159 243
119 143 81
119 170 221
120 136 134
120 141 16
120 144 131
120 163 46
120 175 44
120 197 135
121 138 77
121 144 123
121 173 149
121 176 42
121 178 29
121 181 67
122 124 147
122 146 177
122 152 117
122 156 15
122 161 98
122 183 45
122 186 140
122 188 132
122 193 78
123 127 102
123 134 133
123 140 124
123 144 141
123 145 34
123 197 138
124 146 60
124 156 142
124 166 44
124 171 159
124 184 115
124 186 85
124 188 137
125 126 71
125 148 138
125 153 69
125 158 85
125 167 123
125 179 120
125 185 18
125 191 88
125 192 127
126 131 180
126 148 119
126 153 18
126 159 142
126 185 86
126 191 97
127 129 140
127 144 94
127 145 82
127 197 81
128 130 122
128 139 179
128 142 42
128 151 158
128 154 187
128 155 169
128 180 77
128 189 86
129 169 155
129 172 127
130 133 232
130 139 157
130 142 105
130 151 152
130 155 172
130 180 157
130 189 175
130 195 128
131 143 200
131 148 207
131 153 184
131 159 147
131 191 236
132 137 85
132 139 132
132 151 136
132 154 95
132 155 117
132 157 65
132 164 122
132 179 169
132 190 128
132 192 174
133 195 104
133 200 227
134 140 77
134 145 168
134 162 116
134 186 153
135 147 139
135 149 29
135 170 142
135 171 233
135 177 101
135 196 84
136 141 126
136 175 101
136 200 122
137 154 146
137 155 169
137 157 39
137 164 105
137 167 161
137 179 123
137 182 168
137 190 60
137 192 95
138 144 149
138 173 167
138 176 118
138 178 56
138 181 123
139 142 136
139 151 24
139 154 51
139 155 35
139 157 158
139 180 132
139 189 146
140 145 154
140 152 157
140 168 133
141 144 148
141 163 62
141 175 29
142 151 116
142 154 147
142 155 127
142 180 55
142 189 72
144 145 107
144 163 90
144 176 140
144 178 110
144 197 14
145 176 141
145 197 104
146 166 23
146 171 99
146 184 81
146 186 145
146 188 113
146 196 270
147 149 153
147 170 103
147 171 111
147 177 82
147 184 216
147 188 166
147 196 111
148 153 101
148 159 75
148 191 56
148 192 133
148 199 150
149 170 170
149 171 238
149 177 128
149 196 74
150 162 141
150 174 75
150 187 135
150 198 144
151 154 43
151 155 21
151 157 151
151 180 107
151 189 121
152 156 117
152 160 120
152 165 58
152 168 37
152 183 76
152 193 52
153 159 130
153 185 85
153 191 79
154 155 23
154 157 108
154 180 122
154 189 130
155 157 130
155 180 109
155 189 120
156 161 113
156 166 176
156 183 52
156 186 127
156 193 85
157 164 133
157 179 159
157 182 170
157 190 100
157 192 133
158 164 97
158 167 38
158 179 45
158 185 74
158 190 106
158 191 134
158 192 106
159 191 126
159 199 136
160 165 63
160 168 112
160 172 153
160 194 92
161 183 85
161 188 124
161 193 89
162 174 185
162 186 134
162 187 121
163 175 84
163 197 92
164 167 71
164 179 56
164 190 72
164 192 114
165 168 61
165 183 127
165 193 96
166 171 118
166 184 76
166 186 128
166 188 131
167 179 42
167 185 111
167 190 107
167 192 123
168 183 109
168 193 89
169 172 47
169 194 153
170 177 43
170 196 172
171 177 193
171 184 105
171 188 139
171 196 171
172 194 123
173 176 141
173 178 167
173 181 93
173 198 133
174 187 119
174 198 170
176 178 71
176 181 48
176 198 163
177 196 130
178 181 94
178 197 125
179 185 114
179 190 66
179 192 82
180 189 19
181 198 135
182 199 152
183 193 33
184 186 189
184 188 188
184 196 258
185 191 105
186 187 223
190 191 139
190 192 50
191 192 91
194 199 141
195 200 189
