200 1621
1 9 128
1 26 43
1 40 203
1 49 122
1 55 209
1 66 166
1 75 66
1 81 197
1 82 140
1 103 247
1 104 178
1 114 118
1 139 70
1 160 204
1 168 155
1 179 74
1 183 115
1 187 136
1 190 147
1 192 95
2 3 39
2 30 105
2 50 70
2 53 127
2 71 120
2 86 31
2 100 119
2 107 140
2 119 61
2 131 132
2 147 134
2 167 131
2 191 111
2 194 81
2 196 115
3 30 124
3 50 93
3 53 143
3 71 148
3 86 31
3 100 85
3 119 99
3 131 98
3 144 140
3 167 93
3 191 151
3 194 118
3 196 82
4 9 51
4 14 103
4 23 112
4 38 125
4 47 72
4 49 119
4 56 52
4 62 62
4 75 106
4 114 189
4 139 102
4 153 21
4 155 59
4 168 164
4 179 132
4 187 37
4 192 102
5 18 42
5 28 106
5 48 71
5 54 63
5 79 93
5 91 49
5 97 104
5 126 149
5 129 191
5 137 182
5 142 51
5 173 151
5 177 177
5 181 153
6 14 139
6 23 110
6 37 57
6 38 119
6 57 176
6 61 148
6 62 155
6 63 126
6 69 124
6 72 37
6 90 146
6 106 102
6 117 125
6 184 150
6 200 14
7 13 138
7 36 224
7 39 249
7 68 68
7 84 220
7 93 205
7 105 93
7 120 195
7 121 24
7 124 61
7 148 212
7 161 153
7 165 34
7 182 211
8 19 71
8 35 58
8 52 110
8 60 8
8 88 156
8 113 6
8 131 93
8 141 73
8 144 41
8 148 126
8 156 116
8 167 184
8 176 89
8 182 139
8 189 49
8 198 163
9 14 85
9 23 130
9 26 159
9 38 152
9 47 114
9 49 71
9 56 103
9 62 72
9 75 61
9 114 176
9 139 57
9 153 65
9 155 96
9 168 167
9 179 110
9 183 147
9 187 43
9 192 51
10 16 84
10 25 96
10 66 160
10 76 76
10 82 153
10 85 125
10 92 43
10 143 108
10 149 142
10 154 133
10 158 146
10 159 73
10 171 156
10 175 80
10 199 124
11 12 61
11 19 147
11 25 141
11 53 141
11 64 145
11 85 126
11 88 70
11 96 160
11 98 31
11 107 131
11 136 101
11 149 126
11 152 85
11 171 118
11 198 73
12 25 94
12 64 107
12 85 129
12 87 127
12 88 115
12 92 146
12 98 56
12 135 102
12 136 58
12 149 67
12 152 113
12 166 145
12 171 57
12 198 123
13 36 102
13 39 122
13 42 164
13 52 146
13 68 83
13 84 82
13 93 97
13 102 129
13 105 117
13 120 65
13 121 114
13 124 150
13 148 147
13 161 88
13 165 154
14 23 80
14 38 110
14 47 115
14 49 75
14 56 139
14 62 50
14 63 105
14 66 160
14 75 130
14 130 144
14 139 128
14 153 96
14 155 95
14 183 153
14 187 121
14 192 95
14 200 131
15 27 121
15 45 153
15 55 216
15 65 213
15 67 213
15 81 195
15 89 141
15 94 132
15 103 202
15 123 212
15 128 216
15 170 72
15 172 209
15 195 202
16 25 70
16 44 144
16 59 120
16 76 115
16 85 162
16 92 58
16 110 130
16 116 147
16 122 91
16 143 120
16 149 93
16 154 52
16 159 157
16 164 131
16 171 107
16 175 163
17 28 124
17 37 143
17 57 24
17 61 180
17 70 169
17 72 177
17 74 51
17 97 113
17 106 172
17 117 76
17 137 77
17 173 159
17 177 170
17 181 184
18 28 141
18 48 90
18 54 53
18 79 133
18 91 7
18 97 123
18 126 168
18 137 215
18 142 91
18 173 192
18 177 219
18 178 225
18 181 195
19 30 134
19 35 130
19 53 118
19 60 80
19 64 144
19 88 85
19 107 129
19 113 77
19 131 135
19 141 139
19 144 62
19 156 129
19 189 74
19 198 93
20 21 85
20 31 45
20 33 50
20 34 43
20 67 155
20 77 132
20 83 48
20 108 87
20 109 51
20 125 126
20 128 130
20 140 48
20 145 119
20 157 57
20 163 107
20 195 145
21 31 117
21 33 50
21 34 82
21 77 46
21 83 70
21 108 122
21 109 76
21 125 79
21 127 112
21 140 121
21 145 47
21 146 98
21 157 39
21 163 59
21 185 124
22 43 103
22 58 111
22 64 196
22 73 142
22 99 83
22 101 204
22 102 183
22 116 199
22 118 88
22 132 231
22 151 84
22 156 156
22 166 159
22 169 91
22 174 21
22 197 34
23 37 161
23 38 31
23 47 69
23 49 152
23 56 116
23 62 58
23 72 147
23 153 93
23 155 61
23 187 147
23 200 96
24 29 68
24 32 53
24 44 68
24 46 75
24 51 46
24 59 137
24 78 133
24 95 49
24 110 69
24 112 45
24 116 145
24 122 124
24 154 138
24 184 115
24 193 84
25 76 161
25 85 105
25 87 138
25 92 53
25 98 115
25 122 125
25 135 129
25 136 133
25 149 47
25 152 132
25 154 110
25 159 159
25 171 60
25 175 157
26 40 159
26 45 250
26 55 178
26 75 100
26 81 191
26 103 214
26 104 135
26 114 88
26 139 103
26 160 161
26 168 136
26 179 72
26 183 157
26 187 157
26 190 105
26 192 135
27 45 241
27 65 92
27 67 145
27 80 114
27 81 201
27 89 122
27 94 27
27 96 188
27 123 98
27 128 191
27 158 175
27 170 100
27 172 92
27 195 161
27 199 172
28 48 153
28 54 168
28 57 145
28 70 124
28 74 120
28 79 102
28 91 145
28 97 59
28 117 182
28 129 141
28 133 159
28 137 76
28 142 93
28 173 70
28 177 96
28 181 87
29 32 103
29 44 30
29 46 139
29 51 45
29 59 82
29 63 135
29 69 116
29 90 91
29 95 19
29 110 98
29 112 30
29 130 133
29 154 129
29 164 82
29 184 93
29 193 54
30 41 129
30 50 163
30 53 24
30 71 41
30 86 135
30 88 110
30 107 35
30 119 118
30 144 137
30 147 159
30 191 117
30 194 75
30 196 206
30 198 98
31 33 94
31 34 88
31 67 114
31 83 93
31 108 56
31 109 96
31 125 170
31 127 136
31 128 85
31 140 74
31 157 80
31 163 118
31 170 228
31 195 100
32 44 114
32 46 92
32 51 60
32 61 123
32 69 128
32 70 131
32 78 86
32 95 89
32 110 119
32 111 205
32 112 92
32 129 129
32 133 125
32 184 101
32 193 88
33 34 32
33 77 93
33 83 20
33 108 122
33 109 26
33 125 76
33 127 146
33 128 180
33 140 74
33 145 71
33 157 50
33 163 98
34 77 125
34 83 13
34 108 129
34 109 10
34 125 93
34 127 170
34 128 170
34 140 44
34 145 99
34 157 74
34 163 125
35 52 61
35 60 51
35 84 178
35 100 200
35 102 136
35 113 52
35 131 102
35 141 28
35 144 91
35 148 74
35 156 126
35 161 127
35 167 178
35 176 50
35 182 96
35 189 80
36 39 27
36 42 66
36 52 178
36 68 158
36 84 59
36 93 29
36 102 116
36 105 163
36 118 201
36 120 39
36 121 204
36 151 193
36 161 180
36 165 229
36 176 200
37 38 163
37 57 123
37 61 116
37 69 107
37 70 156
37 72 35
37 74 104
37 106 75
37 117 76
37 137 138
37 184 136
37 200 67
38 47 65
38 56 115
38 62 82
38 72 155
38 153 104
38 155 66
38 187 162
38 200 104
39 42 66
39 43 184
39 52 173
39 68 184
39 84 59
39 93 56
39 102 104
39 105 190
39 118 173
39 120 57
39 121 228
39 151 166
39 165 255
39 197 185
40 45 207
40 55 147
40 75 250
40 81 251
40 103 158
40 104 36
40 114 128
40 139 251
40 160 28
40 168 172
40 179 188
40 190 65
41 53 125
41 71 96
41 80 172
41 96 159
41 107 107
41 115 83
41 134 154
41 138 136
41 152 139
41 162 110
41 180 121
41 186 140
41 188 144
41 191 144
41 194 138
41 198 142
42 43 194
42 52 239
42 68 202
42 73 240
42 84 122
42 93 67
42 102 170
42 105 192
42 118 190
42 120 104
42 151 186
42 197 224
43 73 62
43 99 185
43 101 159
43 102 202
43 111 200
43 118 20
43 132 159
43 151 30
43 169 185
43 174 110
43 197 91
44 46 128
44 51 66
44 59 69
44 90 106
44 95 27
44 110 74
44 112 22
44 122 112
44 130 133
44 154 99
44 164 73
44 184 123
44 193 83
45 55 74
45 81 146
45 89 164
45 94 263
45 103 49
45 104 232
45 158 245
45 160 235
45 170 225
45 190 240
46 51 120
46 78 128
46 87 138
46 95 119
46 110 75
46 112 111
46 116 98
46 122 113
46 154 152
46 174 186
46 193 158
47 49 166
47 56 50
47 62 65
47 139 171
47 153 51
47 155 20
47 187 109
47 192 162
47 200 164
48 54 53
48 79 80
48 91 97
48 97 170
48 126 79
48 129 181
48 142 59
48 150 143
48 173 170
48 178 138
48 181 161
49 62 104
49 63 130
49 66 108
49 75 75
49 82 153
49 130 130
49 139 74
49 153 126
49 155 146
49 179 146
49 183 84
49 187 113
49 192 35
50 71 164
50 86 62
50 100 137
50 119 56
50 134 141
50 147 108
50 167 157
50 188 176
50 191 111
50 194 109
50 196 129
51 59 127
51 61 113
51 69 99
51 78 145
51 90 124
51 95 39
51 106 134
51 110 106
51 112 48
51 164 128
51 184 70
51 193 38
52 60 104
52 84 119
52 93 197
52 102 75
52 113 103
52 120 151
52 124 240
52 141 37
52 148 91
52 156 117
52 161 112
52 176 26
52 182 124
52 189 106
53 71 53
53 86 157
53 88 85
53 107 18
53 119 143
53 144 132
53 191 138
53 194 98
53 198 73
54 79 123
54 91 57
54 97 166
54 126 122
54 129 227
54 142 89
54 150 189
54 173 203
54 178 190
54 181 199
55 81 126
55 89 178
55 103 39
55 104 166
55 114 218
55 158 236
55 160 174
55 179 245
55 190 170
56 62 90
56 75 155
56 139 151
56 153 44
56 155 55
56 168 176
56 179 167
56 187 80
56 192 154
57 61 176
57 70 172
57 72 158
57 74 48
57 97 137
57 106 161
57 117 52
57 137 87
57 173 171
57 177 179
58 64 87
58 87 125
58 99 28
58 116 143
58 118 194
58 135 122
58 136 136
58 151 187
58 156 80
58 166 71
58 169 35
58 174 115
58 176 173
58 189 141
58 197 122
59 63 119
59 66 130
59 76 119
59 90 85
59 95 92
59 110 124
59 112 91
59 130 75
59 143 84
59 154 97
59 164 11
59 193 129
60 88 164
60 100 198
60 113 5
60 131 90
60 141 66
60 144 45
60 148 117
60 156 118
60 167 180
60 176 83
60 182 131
60 189 53
60 196 204
61 69 40
61 70 60
61 72 111
61 74 129
61 78 161
61 106 45
61 117 158
61 129 138
61 133 150
61 137 121
61 173 123
61 177 100
61 181 131
61 184 50
61 193 88
61 200 163
62 75 132
62 139 128
62 153 50
62 155 45
62 187 93
62 192 108
62 200 143
63 66 132
63 69 143
63 72 133
63 90 44
63 130 69
63 143 147
63 164 107
63 183 159
63 193 138
63 200 130
64 87 84
64 88 149
64 98 157
64 99 113
64 116 122
64 135 63
64 136 48
64 149 125
64 156 119
64 166 56
64 169 120
64 171 111
64 189 144
65 67 139
65 80 33
65 85 179
65 89 182
65 94 85
65 96 115
65 115 112
65 123 40
65 158 189
65 170 180
65 172 24
65 180 174
65 195 177
65 199 163
66 75 159
66 76 84
66 82 82
66 90 142
66 130 76
66 143 67
66 159 167
66 164 124
66 183 50
66 192 132
67 80 120
67 94 118
67 108 74
67 123 100
67 127 131
67 128 77
67 157 157
67 170 145
67 172 115
67 195 45
68 84 161
68 93 137
68 105 48
68 120 131
68 121 51
68 124 110
68 148 200
68 161 136
68 165 72
69 70 100
69 72 90
69 74 152
69 90 122
69 95 126
69 106 35
69 117 167
69 137 154
69 177 140
69 184 29
69 193 64
69 200 138
70 74 124
70 78 132
70 106 100
70 117 173
70 129 86
70 133 102
70 137 94
70 173 64
70 177 39
70 181 70
70 184 102
71 86 151
71 88 130
71 107 47
71 119 111
71 134 129
71 147 133
71 186 145
71 188 142
71 191 90
71 194 58
71 198 117
72 74 135
72 90 142
72 106 66
72 117 112
72 184 118
72 193 145
72 200 51
73 99 225
73 101 99
73 111 150
73 118 81
73 132 96
73 150 198
73 151 92
73 169 232
73 174 139
73 178 209
73 197 142
74 97 133
74 106 121
74 117 63
74 137 47
74 173 130
74 177 134
74 181 154
75 104 219
75 114 138
75 139 4
75 153 124
75 155 158
75 160 245
75 168 150
75 179 71
75 183 115
75 187 77
75 190 187
75 192 39
76 82 98
76 92 110
76 130 118
76 143 40
76 154 144
76 158 162
76 159 100
76 164 122
76 175 117
76 183 122
76 199 162
77 83 112
77 109 117
77 125 84
77 127 121
77 138 147
77 140 166
77 145 42
77 146 78
77 157 82
77 163 72
77 185 91
78 101 186
78 111 123
78 129 74
78 132 249
78 133 59
78 150 199
78 173 148
78 177 129
78 178 141
78 181 127
78 184 164
79 91 141
79 97 145
79 111 178
79 126 112
79 129 103
79 133 111
79 142 42
79 150 152
79 173 94
79 177 113
79 178 115
79 181 82
80 94 100
80 96 129
80 108 171
80 115 90
80 123 24
80 127 161
80 138 161
80 170 189
80 172 22
80 180 141
80 195 162
81 82 154
81 89 79
81 103 153
81 158 110
81 159 171
81 175 173
81 183 211
81 199 154
82 130 157
82 143 115
82 158 138
82 159 121
82 175 138
82 183 69
82 192 160
82 199 165
83 108 130
83 109 6
83 125 81
83 127 164
83 128 178
83 140 57
83 145 86
83 157 67
83 163 117
84 93 80
84 102 62
84 105 182
84 120 38
84 121 197
84 124 231
84 141 156
84 148 170
84 161 136
84 165 233
84 176 141
84 197 192
85 92 109
85 96 64
85 98 96
85 115 177
85 149 137
85 152 54
85 158 175
85 159 137
85 171 143
85 175 124
85 199 130
86 100 92
86 119 78
86 131 129
86 147 150
86 167 107
86 191 135
86 194 111
86 196 86
87 99 137
87 110 123
87 116 41
87 122 84
87 135 27
87 136 93
87 149 96
87 154 128
87 166 53
87 169 159
87 171 89
88 98 102
88 107 83
88 113 162
88 136 122
88 144 136
88 152 147
88 189 155
88 198 14
89 94 149
89 103 192
89 158 95
89 159 169
89 170 180
89 172 195
89 175 163
89 199 125
90 95 111
90 112 120
90 130 67
90 143 136
90 164 73
90 184 120
90 193 101
90 200 154
91 97 125
91 126 174
91 137 219
91 142 99
91 173 198
91 177 225
91 178 232
91 181 201
92 96 168
92 98 156
92 122 145
92 143 133
92 149 99
92 152 153
92 154 110
92 158 181
92 159 110
92 171 113
92 175 112
92 199 152
93 102 141
93 105 137
93 120 47
93 121 186
93 124 237
93 161 182
93 165 206
94 96 191
94 108 191
94 115 190
94 123 80
94 128 166
94 158 199
94 170 95
94 172 77
94 195 136
95 110 81
95 112 13
95 122 128
95 130 150
95 154 123
95 164 94
95 184 100
95 193 61
96 98 135
96 115 123
96 123 150
96 152 74
96 158 168
96 159 158
96 172 137
96 175 141
96 199 124
97 117 186
97 137 105
97 142 120
97 173 129
97 177 154
97 181 146
98 107 157
98 136 109
98 149 109
98 152 61
98 171 105
98 198 104
99 116 148
99 118 168
99 135 139
99 136 162
99 151 161
99 156 96
99 166 86
99 169 30
99 174 88
99 189 161
99 197 97
100 119 170
100 131 108
100 144 178
100 148 174
100 167 24
100 182 144
100 194 201
100 196 8
101 111 65
101 118 175
101 126 167
101 129 213
101 132 62
101 133 196
101 150 102
101 151 185
101 174 191
101 178 110
102 105 240
102 118 184
102 120 101
102 141 110
102 148 154
102 151 173
102 156 137
102 161 145
102 169 157
102 176 90
102 197 153
103 104 183
103 114 247
103 158 261
103 160 186
103 170 274
103 190 193
104 114 92
104 139 221
104 160 26
104 168 135
104 179 154
104 187 244
104 190 32
105 120 147
105 121 88
105 124 149
105 161 182
105 165 78
106 117 132
106 137 130
106 177 138
106 184 63
106 193 99
106 200 117
107 119 149
107 144 148
107 191 137
107 194 100
107 198 70
108 109 135
108 123 158
108 127 90
108 128 90
108 138 146
108 140 128
108 146 146
108 157 83
108 163 94
108 170 211
108 172 174
108 180 150
108 195 83
109 125 82
109 127 170
109 140 55
109 145 89
109 157 73
109 163 123
110 112 68
110 116 87
110 122 54
110 135 147
110 154 78
111 126 153
111 129 149
111 132 126
111 133 132
111 150 102
111 174 198
111 178 72
111 181 194
112 122 115
112 130 154
112 154 111
112 164 95
112 184 113
112 193 74
113 131 96
113 141 66
113 144 47
113 148 121
113 156 113
113 167 185
113 176 82
113 182 135
113 189 47
114 139 138
114 160 115
114 168 58
114 179 67
114 187 152
114 190 63
114 192 178
115 123 112
115 127 148
115 138 115
115 152 146
115 162 117
115 172 112
115 180 93
115 186 166
115 188 175
116 122 63
116 135 68
116 136 135
116 149 122
116 154 114
116 166 78
116 171 119
116 174 187
117 137 110
117 200 129
118 132 178
118 151 10
118 169 167
118 174 98
118 197 72
119 134 99
119 147 72
119 186 143
119 188 133
119 191 58
119 194 53
119 196 164
120 121 173
120 124 215
120 148 186
120 161 140
120 165 204
120 176 175
121 124 61
121 148 192
121 161 131
121 165 52
121 182 194
122 135 103
122 149 108
122 154 50
122 166 135
122 171 113
123 127 161
123 128 174
123 138 169
123 170 166
123 172 15
123 180 152
123 195 140
124 148 175
124 161 128
124 165 95
124 167 235
124 182 166
125 140 136
125 145 42
125 146 162
125 157 111
125 163 137
125 185 175
126 129 183
126 132 184
126 133 179
126 142 121
126 150 66
126 178 84
127 128 178
127 138 58
127 145 152
127 146 68
127 157 96
127 162 100
127 163 53
127 172 175
127 180 68
127 185 103
127 186 131
127 188 141
127 195 162
128 140 144
128 157 160
128 170 144
128 195 34
129 133 19
129 137 156
129 142 142
129 150 188
129 173 76
129 177 64
129 178 128
129 181 54
130 143 78
130 164 65
130 183 118
131 141 130
131 144 73
131 148 113
131 167 91
131 182 100
131 189 143
131 196 113
132 133 254
132 150 119
132 151 189
132 174 224
132 178 153
132 197 237
133 142 151
133 150 177
133 173 95
133 177 83
133 178 117
133 181 72
133 184 171
134 138 128
134 146 130
134 147 34
134 162 92
134 180 139
134 185 98
134 186 45
134 188 34
134 191 49
134 194 93
135 136 66
135 149 83
135 154 140
135 166 54
135 169 157
135 171 72
136 149 89
136 152 169
136 166 93
136 171 75
136 198 134
137 173 84
137 177 93
137 181 109
138 146 71
138 157 149
138 162 42
138 163 99
138 172 179
138 180 21
138 185 87
138 186 83
138 188 94
139 153 120
139 155 154
139 160 246
139 168 149
139 179 71
139 183 118
139 187 73
139 190 188
139 192 39
140 145 143
140 157 102
140 163 154
140 195 167
141 144 111
141 148 87
141 156 107
141 161 129
141 176 22
141 182 115
141 189 76
142 150 175
142 173 114
142 177 138
142 178 148
142 181 110
143 154 134
143 159 141
143 164 85
143 175 158
143 183 115
144 148 144
144 167 164
144 176 128
144 182 148
144 189 83
144 196 182
144 198 140
145 146 119
145 157 85
145 163 99
145 185 133
146 147 159
146 157 107
146 162 90
146 163 58
146 180 93
146 185 37
146 186 90
146 188 98
147 162 126
147 185 125
147 186 80
147 188 69
147 191 43
147 194 84
148 161 64
148 165 244
148 167 149
148 176 102
148 182 33
148 196 182
149 152 146
149 154 113
149 166 136
149 171 14
150 178 60
150 181 210
151 169 159
151 174 96
151 197 65
152 171 148
152 198 144
152 199 178
153 155 38
153 179 153
153 187 59
153 192 115
154 164 109
154 171 123
155 187 97
155 192 142
155 200 158
156 166 137
156 169 69
156 174 170
156 176 95
156 189 68
156 197 149
157 163 52
157 185 141
157 195 163
158 159 73
158 175 68
158 199 45
159 175 18
159 199 61
160 168 152
160 179 179
160 187 267
160 190 58
161 165 183
161 176 134
161 182 80
162 163 133
162 180 47
162 185 87
162 186 51
162 188 61
162 191 120
162 194 149
163 180 115
163 185 95
164 193 126
165 182 245
166 169 106
166 171 125
166 174 155
166 197 180
167 182 119
167 196 32
168 179 83
168 187 132
168 190 112
169 174 102
169 176 152
169 189 137
169 197 94
170 172 169
170 195 130
172 180 161
172 195 153
173 177 27
173 178 179
173 181 24
174 197 54
175 199 46
176 182 132
176 189 80
177 178 182
177 181 31
178 181 156
179 187 94
179 190 123
179 192 110
180 185 109
180 186 96
180 188 107
182 196 152
183 192 97
184 193 39
185 186 67
185 188 71
186 188 11
186 191 87
186 194 125
187 190 213
187 192 87
188 191 78
188 194 118
190 192 227
191 194 44
194 196 197
