200 1564
1 7 167
1 21 86
1 55 153
1 71 195
1 72 215
1 79 126
1 84 58
1 92 193
1 111 156
1 115 49
1 161 222
1 170 220
1 181 102
1 195 236
2 6 82
2 10 113
2 18 108
2 51 157
2 66 79
2 89 151
2 94 94
2 99 160
2 100 34
2 101 137
2 130 115
2 143 57
2 161 133
2 174 106
2 176 108
2 187 57
3 9 143
3 28 74
3 33 109
3 37 119
3 38 41
3 41 43
3 47 62
3 60 137
3 76 148
3 82 101
3 85 154
3 108 167
3 140 106
3 142 91
3 177 84
4 16 131
4 24 151
4 68 111
4 78 110
4 91 148
4 95 137
4 102 134
4 104 11
4 120 161
4 145 103
4 150 121
4 159 26
4 169 88
4 172 49
4 179 30
4 192 95
4 193 151
5 18 152
5 36 168
5 51 170
5 62 162
5 77 75
5 88 149
5 90 116
5 96 29
5 101 145
5 130 115
5 141 68
5 143 182
5 151 65
5 164 141
6 10 164
6 18 80
6 66 135
6 77 167
6 79 118
6 84 197
6 92 147
6 100 82
6 101 98
6 111 135
6 115 211
6 130 137
6 143 65
6 161 52
6 174 143
6 176 121
6 181 149
6 187 85
7 21 93
7 25 145
7 50 146
7 55 91
7 65 135
7 71 49
7 84 207
7 92 176
7 115 141
7 131 167
7 139 177
7 181 177
7 191 103
7 195 74
7 196 165
8 11 175
8 12 172
8 31 76
8 35 121
8 80 50
8 98 57
8 110 75
8 116 37
8 128 93
8 137 115
8 160 130
8 163 44
8 166 171
8 167 157
8 171 109
9 12 115
9 37 31
9 38 112
9 64 142
9 76 121
9 113 48
9 128 143
9 137 127
9 140 73
9 142 78
9 160 108
9 166 83
9 171 118
9 177 162
10 30 92
10 56 55
10 66 33
10 67 168
10 92 122
10 94 33
10 100 87
10 135 81
10 157 137
10 174 32
10 176 69
10 187 79
11 31 99
11 35 104
11 40 172
11 64 170
11 98 118
11 110 123
11 124 113
11 158 180
11 163 140
11 166 176
11 167 95
11 171 179
11 182 148
12 35 180
12 37 144
12 80 124
12 110 165
12 113 111
12 116 154
12 128 81
12 137 60
12 140 123
12 160 54
12 166 139
12 171 104
13 48 112
13 50 133
13 52 67
13 97 170
13 109 39
13 118 102
13 119 104
13 120 160
13 131 153
13 138 156
13 149 153
13 191 146
13 193 160
13 195 164
13 196 104
13 198 158
14 26 103
14 32 100
14 40 139
14 59 132
14 105 57
14 124 170
14 127 149
14 133 163
14 154 35
14 158 120
14 178 162
14 182 151
14 183 118
14 188 92
14 190 102
15 29 92
15 36 152
15 44 146
15 62 157
15 63 148
15 70 182
15 72 44
15 74 34
15 84 193
15 93 113
15 111 128
15 147 138
15 161 187
15 170 25
16 22 140
16 26 109
16 34 122
16 68 60
16 104 131
16 106 146
16 145 33
16 150 117
16 152 53
16 159 134
16 169 86
16 172 125
16 178 76
17 23 15
17 34 183
17 53 171
17 59 170
17 61 108
17 105 197
17 106 127
17 144 95
17 175 59
17 178 197
17 183 136
17 184 40
17 186 176
17 189 107
18 36 108
18 62 111
18 77 87
18 96 123
18 100 131
18 101 29
18 130 74
18 141 85
18 143 51
18 151 96
18 161 88
18 187 146
19 43 156
19 46 40
19 49 85
19 57 169
19 58 130
19 87 77
19 114 143
19 125 129
19 136 178
19 146 54
19 148 164
19 153 69
19 156 177
19 162 25
19 165 194
19 185 157
19 199 90
20 25 54
20 42 190
20 45 91
20 48 124
20 65 101
20 73 241
20 81 167
20 83 177
20 123 148
20 126 47
20 131 83
20 138 117
20 139 57
20 180 237
20 194 182
20 195 183
20 198 115
21 50 194
21 55 70
21 65 209
21 71 110
21 79 125
21 84 115
21 92 133
21 111 195
21 115 49
21 176 192
21 181 89
21 191 166
21 195 153
22 34 117
22 53 136
22 68 85
22 75 114
22 87 151
22 104 159
22 122 167
22 145 153
22 150 47
22 152 131
22 153 174
22 159 148
22 172 122
22 186 128
23 34 169
23 53 155
23 59 180
23 61 92
23 105 199
23 106 116
23 144 82
23 175 45
23 178 189
23 183 141
23 184 51
23 186 160
23 189 97
24 30 121
24 67 93
24 69 151
24 78 63
24 91 144
24 95 76
24 102 115
24 120 107
24 121 176
24 129 173
24 135 129
24 157 75
24 179 138
24 192 59
24 193 145
25 45 140
25 48 132
25 65 56
25 71 167
25 109 195
25 126 79
25 131 82
25 138 149
25 139 45
25 191 176
25 195 141
25 198 148
26 32 74
26 69 168
26 102 156
26 105 105
26 121 146
26 129 146
26 145 112
26 152 129
26 154 135
26 169 118
26 173 163
26 178 107
26 183 170
26 188 196
26 190 138
27 42 134
27 45 213
27 48 225
27 73 60
27 81 123
27 83 76
27 103 181
27 123 98
27 132 29
27 138 166
27 180 98
27 194 65
27 198 165
27 200 81
28 33 57
28 38 116
28 41 31
28 47 24
28 51 120
28 82 90
28 85 121
28 88 128
28 89 120
28 90 165
28 99 140
28 108 145
28 140 158
28 177 84
29 36 108
29 44 55
29 62 108
29 63 58
29 70 90
29 72 107
29 74 58
29 93 23
29 101 187
29 111 181
29 147 49
29 164 114
29 170 106
30 56 90
30 66 118
30 67 116
30 94 94
30 95 159
30 99 176
30 100 172
30 108 168
30 135 12
30 157 65
30 174 122
30 176 159
30 187 169
31 35 78
31 80 98
31 98 19
31 110 53
31 116 113
31 128 135
31 137 154
31 160 162
31 163 43
31 166 155
31 167 106
31 171 119
32 39 133
32 69 135
32 102 155
32 105 137
32 121 107
32 127 143
32 129 109
32 133 101
32 154 115
32 158 159
32 173 92
32 188 179
32 190 72
32 197 141
33 38 149
33 41 78
33 47 50
33 51 140
33 82 148
33 85 65
33 88 139
33 89 152
33 90 125
33 99 188
33 140 155
33 177 62
34 53 58
34 61 86
34 68 118
34 106 63
34 144 168
34 145 154
34 150 139
34 152 73
34 175 156
34 178 90
34 184 192
34 186 49
35 64 125
35 80 105
35 98 81
35 110 45
35 113 113
35 116 146
35 124 147
35 128 117
35 137 129
35 160 126
35 163 112
35 166 81
35 167 36
35 171 76
36 44 105
36 62 9
36 63 132
36 70 126
36 72 130
36 74 133
36 77 99
36 93 118
36 96 147
36 101 79
36 111 152
36 141 130
36 147 91
36 151 107
36 161 120
36 164 78
36 170 146
37 38 84
37 64 136
37 76 96
37 85 223
37 113 72
37 140 74
37 142 47
37 160 139
37 166 99
37 171 145
37 177 152
37 197 150
38 41 84
38 47 103
38 60 124
38 76 108
38 82 124
38 85 186
38 140 97
38 142 50
38 177 112
38 197 133
39 60 62
39 69 76
39 76 158
39 82 153
39 95 157
39 102 142
39 108 152
39 121 68
39 129 70
39 133 93
39 173 59
39 190 143
39 197 103
40 59 96
40 64 191
40 105 155
40 124 93
40 127 183
40 154 113
40 158 117
40 167 203
40 182 25
40 183 151
40 188 49
40 190 191
41 47 28
41 51 147
41 60 153
41 82 84
41 85 135
41 89 141
41 99 149
41 108 146
41 140 137
41 142 134
41 177 80
42 45 115
42 73 87
42 81 28
42 83 72
42 123 84
42 126 181
42 132 123
42 138 187
42 180 59
42 194 125
42 198 185
42 200 199
43 46 116
43 49 75
43 57 24
43 114 15
43 125 32
43 136 44
43 144 148
43 146 152
43 162 175
43 165 82
43 168 19
43 175 183
43 185 15
43 189 143
43 199 120
44 62 100
44 63 28
44 70 36
44 72 155
44 74 113
44 77 170
44 93 39
44 147 14
44 151 173
44 164 72
44 170 158
45 65 168
45 73 188
45 81 102
45 83 136
45 123 116
45 126 67
45 131 166
45 132 188
45 138 157
45 139 116
45 180 172
45 194 167
45 198 155
46 49 52
46 57 131
46 58 168
46 87 101
46 114 103
46 125 92
46 136 142
46 146 66
46 148 201
46 153 101
46 156 214
46 162 63
46 165 162
46 168 135
46 185 116
46 199 79
47 51 143
47 82 107
47 85 107
47 88 149
47 89 143
47 90 170
47 99 163
47 108 165
47 140 135
47 142 152
47 177 60
48 50 175
48 52 140
48 65 187
48 109 72
48 123 167
48 126 171
48 131 50
48 132 198
48 138 61
48 139 169
48 191 153
48 194 162
48 195 143
48 196 157
48 198 62
49 57 84
49 58 216
49 87 153
49 114 66
49 125 45
49 136 92
49 146 77
49 153 152
49 162 101
49 165 110
49 168 95
49 185 81
49 199 54
50 55 130
50 56 148
50 67 149
50 71 98
50 92 159
50 109 141
50 118 83
50 119 165
50 191 48
50 195 86
50 196 29
51 82 132
51 85 195
51 88 20
51 89 34
51 90 147
51 96 161
51 99 96
51 108 131
51 130 107
51 141 148
51 143 155
51 177 195
52 86 118
52 91 153
52 97 122
52 103 193
52 107 182
52 109 82
52 112 216
52 118 156
52 119 117
52 120 171
52 134 138
52 138 160
52 149 91
52 193 151
52 198 162
52 200 176
53 61 63
53 106 89
53 114 157
53 144 127
53 152 131
53 168 166
53 175 127
53 178 145
53 184 192
53 185 152
53 186 9
53 189 151
54 75 129
54 86 83
54 91 171
54 97 83
54 103 173
54 107 38
54 112 145
54 117 57
54 122 72
54 134 57
54 148 193
54 149 97
54 155 87
54 156 184
54 193 170
55 71 72
55 79 139
55 84 168
55 92 85
55 115 107
55 176 144
55 181 109
55 191 114
55 195 116
55 196 159
56 66 87
56 67 123
56 92 116
56 94 86
56 100 136
56 118 155
56 135 78
56 157 107
56 174 62
56 176 88
56 187 121
56 196 165
57 114 38
57 125 39
57 136 20
57 144 159
57 146 157
57 165 59
57 168 27
57 185 38
57 189 151
57 199 119
58 75 163
58 87 90
58 117 173
58 122 202
58 146 161
58 148 35
58 153 73
58 155 163
58 156 48
58 162 118
58 199 208
59 105 109
59 106 203
59 124 186
59 154 130
59 158 185
59 178 209
59 182 121
59 183 66
59 184 130
59 188 101
60 69 136
60 76 123
60 82 105
60 99 165
60 108 128
60 121 130
60 129 133
60 133 100
60 142 136
60 173 86
60 197 84
61 106 63
61 144 84
61 152 146
61 168 174
61 175 69
61 178 142
61 183 177
61 184 130
61 185 166
61 186 68
61 189 110
62 63 128
62 70 120
62 72 137
62 74 137
62 77 94
62 93 117
62 96 141
62 101 82
62 111 161
62 141 126
62 147 86
62 151 102
62 161 128
62 164 70
62 170 153
63 70 42
63 72 165
63 74 114
63 77 198
63 93 35
63 147 41
63 151 201
63 164 98
63 170 164
64 76 92
64 113 120
64 124 105
64 127 67
64 133 144
64 142 140
64 158 88
64 166 94
64 167 95
64 182 172
64 188 170
64 190 138
64 197 130
65 71 171
65 126 100
65 131 136
65 138 206
65 139 51
65 191 198
65 195 160
65 198 204
66 92 124
66 94 29
66 99 168
66 100 54
66 135 109
66 143 135
66 174 37
66 176 64
66 187 51
67 78 109
67 91 136
67 118 87
67 119 110
67 120 88
67 135 115
67 157 55
67 192 127
67 193 136
67 196 142
68 104 106
68 145 68
68 150 56
68 152 79
68 159 102
68 169 113
68 172 84
68 178 118
68 179 138
68 186 156
69 95 83
69 102 67
69 121 27
69 129 25
69 133 149
69 169 142
69 173 111
69 192 170
69 197 172
70 72 192
70 74 148
70 77 172
70 93 71
70 147 48
70 151 173
70 164 69
70 170 194
71 92 148
71 109 192
71 115 159
71 118 180
71 131 165
71 139 206
71 181 178
71 191 58
71 195 44
71 196 119
72 74 62
72 79 172
72 84 161
72 93 130
72 111 85
72 147 144
72 161 143
72 170 22
73 81 87
73 83 64
73 103 240
73 123 94
73 132 67
73 138 191
73 180 38
73 194 94
73 198 190
73 200 140
74 93 78
74 111 146
74 147 105
74 161 190
74 164 165
74 170 52
75 87 143
75 107 160
75 117 124
75 122 64
75 134 165
75 148 151
75 150 111
75 153 157
75 155 148
75 156 151
75 159 155
75 172 135
76 113 134
76 127 83
76 133 93
76 142 69
76 158 146
76 166 134
76 173 124
76 190 129
76 197 58
77 90 183
77 93 199
77 96 49
77 101 72
77 130 87
77 141 35
77 143 129
77 147 161
77 151 10
77 161 161
77 164 102
78 91 87
78 95 110
78 102 139
78 104 117
78 119 124
78 120 67
78 157 122
78 159 126
78 172 152
78 179 88
78 192 26
78 193 89
79 84 85
79 92 113
79 100 165
79 111 87
79 115 94
79 161 105
79 170 189
79 176 141
79 181 35
79 187 150
80 98 80
80 110 65
80 113 138
80 116 50
80 128 43
80 137 65
80 160 80
80 163 85
80 166 132
80 167 141
80 171 64
81 83 52
81 123 57
81 126 163
81 132 107
81 138 159
81 139 210
81 180 71
81 194 102
81 198 157
81 200 180
82 85 212
82 88 150
82 89 107
82 99 81
82 108 65
82 177 164
83 123 29
83 126 187
83 132 55
83 138 132
83 180 74
83 194 52
83 198 131
83 200 128
84 92 181
84 111 98
84 115 66
84 161 169
84 170 169
84 181 77
85 88 189
85 89 212
85 90 123
85 140 156
85 177 74
86 91 172
86 97 78
86 103 119
86 107 66
86 112 117
86 117 121
86 119 181
86 122 152
86 134 65
86 149 37
86 155 135
86 193 170
86 200 182
87 125 191
87 146 129
87 148 114
87 150 189
87 153 23
87 156 125
87 162 84
87 199 167
88 89 55
88 90 130
88 96 141
88 99 117
88 108 152
88 130 96
88 141 131
88 143 152
88 151 164
89 90 179
89 94 175
89 99 61
89 108 97
89 130 128
89 141 175
89 143 161
90 96 134
90 130 173
90 141 160
90 151 174
90 177 179
91 97 97
91 104 148
91 118 145
91 119 65
91 120 48
91 134 121
91 149 138
91 159 149
91 179 118
91 192 110
91 193 2
92 94 148
92 100 128
92 115 144
92 174 92
92 176 60
92 181 104
92 187 104
92 191 167
93 101 198
93 147 40
93 164 108
93 170 128
94 99 148
94 100 78
94 108 163
94 135 86
94 143 151
94 157 150
94 174 57
94 176 90
94 187 79
95 102 41
95 104 148
95 121 104
95 129 101
95 135 170
95 157 139
95 169 114
95 179 140
95 192 87
96 101 116
96 130 90
96 141 39
96 143 154
96 151 40
96 164 132
97 103 197
97 107 100
97 112 190
97 117 141
97 119 124
97 120 143
97 122 117
97 134 26
97 149 53
97 155 168
97 193 96
98 110 45
98 116 93
98 128 118
98 137 138
98 160 147
98 163 31
98 166 152
98 167 113
98 171 108
99 108 39
99 130 177
100 130 149
100 135 163
100 143 83
100 161 134
100 174 75
100 176 74
100 187 23
101 111 165
101 130 90
101 141 82
101 143 80
101 151 82
101 161 90
101 164 134
102 104 145
102 121 78
102 129 75
102 145 138
102 169 85
102 173 166
102 179 145
102 192 114
103 107 136
103 112 49
103 117 171
103 132 191
103 134 182
103 149 152
103 155 160
103 194 200
103 200 119
104 120 165
104 122 162
104 145 105
104 150 112
104 159 15
104 169 95
104 172 39
104 179 32
104 192 104
104 193 151
105 106 153
105 152 161
105 154 86
105 158 172
105 178 121
105 182 174
105 183 69
105 184 166
105 188 120
105 190 158
106 144 142
106 152 94
106 175 117
106 178 81
106 183 138
106 184 131
106 186 86
107 112 107
107 117 55
107 122 108
107 134 74
107 148 195
107 149 92
107 155 72
107 156 184
107 193 195
108 135 174
109 118 132
109 119 144
109 131 115
109 138 119
109 149 173
109 191 140
109 195 150
109 196 115
109 198 120
110 113 129
110 116 102
110 128 90
110 137 107
110 160 112
110 163 73
110 166 106
110 167 81
110 171 66
111 115 151
111 161 89
111 170 103
111 181 115
112 117 130
112 122 212
112 134 169
112 148 230
112 149 153
112 155 113
112 156 217
112 200 169
113 128 110
113 137 100
113 140 118
113 142 114
113 160 81
113 166 37
113 167 118
113 171 74
114 125 29
114 136 57
114 144 150
114 146 143
114 153 202
114 162 163
114 165 94
114 168 31
114 185 14
114 189 148
114 199 115
115 161 198
115 176 197
115 181 61
115 195 202
116 128 83
116 137 103
116 160 121
116 163 81
116 166 183
116 167 183
116 171 115
117 122 92
117 134 114
117 148 141
117 149 145
117 155 33
117 156 130
118 119 85
118 120 113
118 157 138
118 191 126
118 193 144
118 195 162
118 196 64
119 120 57
119 134 151
119 149 143
119 157 163
119 192 150
119 193 63
119 196 141
120 134 168
120 157 129
120 179 133
120 192 93
120 193 48
121 129 3
121 133 126
121 169 139
121 173 88
121 190 150
121 197 152
122 134 101
122 148 180
122 149 154
122 150 149
122 155 124
122 156 175
122 159 148
122 172 138
122 179 161
123 126 161
123 132 72
123 138 106
123 139 201
123 180 101
123 194 52
123 198 105
123 200 133
124 127 124
124 154 134
124 158 69
124 166 171
124 167 112
124 182 70
124 188 95
124 190 166
125 136 50
125 146 120
125 153 194
125 162 146
125 165 78
125 168 51
125 185 42
125 189 175
125 199 87
126 131 130
126 138 157
126 139 49
126 180 235
126 194 203
126 198 155
127 133 84
127 142 151
127 154 124
127 158 66
127 166 157
127 173 122
127 182 172
127 188 147
127 190 70
127 197 86
128 137 21
128 160 37
128 163 128
128 166 115
128 167 149
128 171 49
129 133 129
129 169 137
129 173 92
129 190 153
129 197 156
130 141 57
130 143 75
130 151 90
130 161 160
131 138 84
131 139 121
131 191 145
131 195 123
131 196 169
131 198 84
132 138 138
132 180 99
132 194 36
132 198 137
132 200 77
133 142 152
133 154 155
133 158 140
133 173 38
133 190 62
133 197 39
134 149 54
134 155 141
134 193 121
135 157 67
135 174 111
135 176 148
135 187 159
136 144 174
136 146 160
136 165 39
136 168 46
136 185 58
136 189 163
136 199 118
137 160 19
137 163 150
137 166 112
137 171 54
138 139 173
138 180 207
138 194 102
138 198 2
138 200 140
139 195 184
139 198 172
140 142 98
140 160 147
140 166 155
140 177 94
141 143 115
141 151 34
141 164 137
142 166 133
142 177 150
142 197 112
143 151 137
143 161 102
143 174 158
143 176 151
143 187 101
144 168 132
144 175 38
144 184 134
144 185 135
144 186 136
144 189 26
145 150 121
145 152 87
145 159 111
145 169 53
145 172 108
145 178 107
145 179 133
146 148 197
146 153 117
146 156 210
146 162 47
146 165 165
146 185 158
146 199 47
147 151 165
147 164 68
147 170 148
148 153 102
148 155 128
148 156 13
148 162 153
149 155 165
149 193 137
150 152 126
150 159 101
150 169 157
150 172 75
150 179 139
150 186 163
151 161 172
151 164 104
152 169 139
152 178 40
152 186 122
153 156 114
153 162 70
153 199 158
154 158 86
154 182 121
154 183 134
154 188 64
154 190 93
155 156 117
156 162 166
157 174 161
157 192 129
158 167 149
158 173 173
158 182 105
158 188 85
158 190 96
158 197 151
159 169 107
159 172 26
159 179 38
159 192 115
160 163 162
160 166 98
160 171 50
161 170 165
161 181 141
161 187 135
162 165 204
162 185 177
162 199 91
163 166 180
163 167 144
163 171 129
165 168 85
165 185 97
165 189 195
165 199 119
166 167 81
166 171 69
167 171 103
167 182 179
168 175 169
168 185 21
168 189 126
168 199 138
169 172 117
169 178 153
169 179 114
169 192 136
172 179 64
172 192 141
173 190 84
173 197 66
174 176 37
174 187 59
175 183 180
175 184 96
175 185 170
175 186 134
175 189 59
176 181 147
176 187 50
178 183 145
178 184 187
178 186 138
179 192 78
179 193 120
180 194 119
180 198 205
180 200 175
181 187 166
182 183 175
182 188 58
182 190 189
183 184 100
183 188 136
184 186 195
184 189 147
185 186 160
185 189 133
185 199 129
186 189 160
188 190 144
190 197 94
191 195 38
191 196 62
192 193 112
194 198 101
194 200 81
195 196 97
198 200 141
