200 1618
1 2 156
1 33 107
1 44 106
1 67 124
1 71 68
1 98 119
1 123 139
1 128 106
1 149 34
1 161 159
1 165 89
1 167 168
1 173 142
1 176 38
1 182 131
1 190 147
1 199 141
2 31 142
2 32 163
2 41 140
2 44 54
2 53 101
2 78 154
2 83 159
2 85 165
2 98 121
2 123 92
2 126 139
2 129 99
2 149 122
2 182 26
2 190 145
2 192 136
3 11 125
3 27 139
3 29 75
3 35 62
3 61 140
3 74 113
3 75 120
3 91 78
3 93 136
3 110 72
3 113 123
3 163 52
3 185 20
3 196 128
4 11 66
4 46 131
4 54 166
4 66 101
4 69 40
4 89 107
4 93 118
4 110 99
4 119 101
4 133 136
4 134 84
4 141 129
4 163 119
4 169 71
4 180 170
4 188 33
4 194 118
4 197 52
5 7 47
5 8 34
5 13 97
5 32 177
5 40 58
5 60 93
5 77 168
5 78 184
5 79 43
5 81 69
5 118 92
5 120 97
5 122 194
5 143 223
6 11 124
6 22 155
6 24 93
6 28 157
6 36 76
6 38 77
6 46 88
6 54 157
6 55 68
6 93 80
6 101 55
6 111 111
6 166 48
6 171 68
6 188 146
6 194 148
6 197 132
7 8 32
7 13 142
7 32 139
7 40 19
7 60 46
7 77 166
7 78 150
7 79 88
7 81 101
7 118 46
7 120 126
7 122 150
7 132 188
8 13 130
8 32 171
8 40 51
8 60 74
8 77 189
8 78 182
8 79 65
8 81 102
8 118 66
8 120 130
8 122 181
8 132 214
9 12 45
9 20 126
9 29 148
9 34 111
9 35 103
9 75 94
9 82 131
9 91 86
9 95 108
9 130 130
9 156 110
9 178 81
9 185 140
9 189 79
9 195 55
10 13 177
10 14 30
10 16 119
10 22 86
10 28 100
10 51 135
10 76 103
10 77 165
10 99 116
10 114 118
10 120 151
10 125 131
10 143 29
10 159 33
11 35 139
11 38 95
11 46 129
11 69 104
11 93 57
11 110 59
11 163 78
11 169 134
11 171 71
11 185 131
11 188 32
11 194 146
11 197 79
12 20 140
12 34 69
12 35 148
12 75 122
12 91 131
12 95 120
12 130 89
12 140 134
12 150 172
12 156 97
12 178 53
12 184 116
12 189 42
12 195 42
13 14 164
13 16 128
13 40 146
13 76 134
13 77 173
13 79 74
13 81 56
13 120 61
13 143 158
13 159 162
14 16 90
14 22 117
14 28 123
14 51 152
14 76 73
14 81 176
14 99 142
14 114 128
14 120 149
14 125 144
14 143 47
14 159 3
15 26 165
15 65 16
15 68 129
15 72 147
15 87 77
15 88 75
15 90 242
15 96 157
15 102 76
15 108 219
15 131 88
15 138 224
15 146 157
15 150 112
15 152 132
15 172 94
15 183 101
15 187 143
16 22 203
16 28 212
16 76 17
16 79 201
16 81 167
16 99 213
16 114 202
16 120 149
16 125 221
16 143 124
16 159 87
17 25 157
17 27 107
17 45 217
17 58 118
17 75 134
17 82 99
17 95 97
17 100 174
17 103 117
17 112 176
17 140 143
17 142 83
17 154 53
17 156 110
17 157 220
17 178 157
17 184 156
17 196 141
18 24 77
18 36 127
18 39 118
18 51 125
18 55 98
18 57 166
18 101 138
18 106 32
18 107 178
18 109 76
18 111 57
18 114 159
18 125 138
18 139 118
18 144 50
18 148 154
18 153 77
18 166 125
19 47 77
19 52 227
19 56 47
19 59 229
19 64 182
19 86 144
19 94 211
19 151 163
19 158 54
19 170 144
19 174 72
19 175 184
19 179 153
19 198 59
20 66 150
20 69 142
20 89 121
20 91 145
20 104 105
20 124 154
20 127 112
20 133 96
20 141 125
20 169 129
20 180 49
20 189 130
21 33 127
21 37 42
21 50 62
21 52 93
21 67 166
21 104 78
21 124 72
21 127 95
21 133 171
21 135 72
21 136 113
21 151 157
21 152 168
21 180 147
22 28 83
22 46 150
22 51 132
22 54 157
22 76 187
22 77 130
22 83 173
22 85 170
22 99 58
22 101 116
22 114 141
22 125 141
22 143 79
22 159 120
23 25 198
23 58 177
23 73 69
23 84 135
23 100 146
23 103 177
23 105 111
23 107 261
23 121 137
23 137 49
23 154 244
23 164 68
23 186 43
23 196 267
24 28 114
24 36 85
24 38 121
24 51 106
24 55 35
24 101 61
24 106 93
24 109 144
24 111 39
24 114 146
24 125 126
24 139 130
24 144 119
24 153 146
24 166 64
25 27 224
25 58 113
25 73 228
25 84 159
25 100 54
25 103 101
25 105 167
25 112 222
25 121 226
25 137 208
25 142 208
25 154 133
25 164 260
25 186 233
26 34 141
26 45 138
26 68 126
26 72 169
26 88 93
26 90 259
26 108 246
26 112 137
26 130 122
26 131 77
26 140 103
26 150 68
26 157 124
26 172 71
26 184 107
26 193 113
27 29 64
27 58 127
27 75 75
27 82 44
27 84 151
27 91 149
27 95 81
27 103 135
27 105 176
27 142 24
27 154 92
27 156 140
27 185 135
27 196 40
28 51 49
28 55 142
28 76 195
28 99 141
28 101 102
28 111 150
28 114 65
28 125 60
28 143 116
28 144 169
28 159 127
29 35 93
29 74 155
29 75 68
29 82 73
29 91 98
29 95 104
29 110 144
29 142 84
29 163 124
29 185 71
29 196 61
30 59 219
30 65 225
30 72 198
30 87 223
30 90 181
30 96 153
30 102 176
30 108 166
30 138 104
30 147 83
30 181 205
30 183 215
30 187 138
30 200 145
31 32 130
31 46 140
31 54 68
31 77 111
31 78 103
31 83 18
31 85 38
31 99 141
31 122 160
31 129 104
31 134 137
31 182 168
31 194 103
32 40 121
32 48 163
32 60 102
32 77 145
32 78 26
32 79 220
32 80 151
32 83 142
32 85 167
32 118 122
32 122 36
32 132 98
32 192 91
33 37 129
33 50 115
33 52 115
33 67 152
33 71 60
33 135 160
33 136 63
33 149 138
33 161 87
33 167 108
33 173 155
33 176 72
33 179 151
33 199 139
34 88 139
34 95 133
34 112 216
34 130 19
34 131 146
34 140 73
34 150 109
34 156 79
34 172 145
34 178 44
34 184 52
34 189 75
34 193 231
34 195 68
35 75 97
35 82 133
35 91 16
35 95 140
35 110 80
35 163 64
35 185 43
35 188 142
35 195 144
36 38 40
36 39 151
36 55 51
36 57 185
36 61 99
36 74 91
36 93 78
36 101 100
36 106 119
36 111 72
36 113 81
36 139 81
36 166 35
36 171 64
37 50 25
37 52 55
37 64 154
37 104 120
37 124 86
37 127 138
37 135 35
37 136 93
37 151 115
37 152 167
37 170 147
37 175 152
38 55 85
38 61 106
38 74 86
38 93 39
38 101 120
38 110 121
38 111 112
38 113 81
38 139 104
38 163 127
38 166 59
38 171 29
38 188 127
39 57 48
39 61 98
39 74 128
39 106 85
39 107 71
39 109 53
39 111 129
39 113 121
39 139 76
39 144 140
39 148 52
39 153 58
40 60 39
40 77 150
40 78 131
40 79 101
40 81 100
40 118 48
40 120 123
40 122 135
40 132 177
41 42 45
41 48 77
41 49 112
41 63 124
41 80 97
41 97 89
41 98 70
41 117 147
41 122 152
41 123 58
41 126 2
41 128 136
41 132 112
41 145 39
41 165 133
41 182 130
41 190 51
41 191 143
41 192 91
42 48 84
42 49 71
42 63 79
42 80 108
42 97 94
42 98 86
42 117 101
42 123 92
42 126 47
42 128 125
42 132 139
42 145 21
42 165 128
42 190 54
42 191 98
42 192 129
43 62 130
43 63 215
43 70 102
43 92 147
43 115 41
43 116 161
43 117 195
43 155 157
43 160 200
43 162 89
43 168 184
43 173 208
43 177 117
43 191 198
44 53 78
44 67 114
44 98 112
44 119 156
44 123 99
44 126 156
44 129 116
44 149 72
44 165 146
44 176 142
44 182 36
44 190 142
45 68 218
45 88 231
45 112 41
45 130 224
45 131 214
45 140 171
45 150 206
45 156 231
45 157 14
45 172 207
45 184 190
45 193 35
46 54 71
46 83 126
46 85 102
46 93 122
46 99 144
46 101 118
46 134 106
46 166 136
46 171 120
46 188 130
46 194 62
46 197 81
47 52 198
47 56 76
47 59 153
47 64 114
47 86 69
47 151 127
47 158 26
47 170 92
47 174 42
47 175 116
47 179 174
47 181 192
47 198 34
47 200 228
48 49 102
48 63 130
48 80 23
48 97 12
48 98 147
48 117 151
48 122 127
48 123 131
48 126 76
48 132 66
48 145 98
48 190 124
48 191 148
48 192 79
49 63 31
49 80 120
49 97 104
49 98 155
49 117 50
49 123 164
49 126 114
49 132 169
49 145 91
49 190 123
49 191 47
50 52 31
50 64 147
50 104 140
50 124 111
50 127 154
50 135 45
50 136 71
50 151 96
50 161 151
50 170 133
50 175 146
50 179 159
51 55 141
51 101 122
51 106 157
51 111 135
51 114 40
51 125 20
51 143 157
51 144 125
51 159 155
52 56 180
52 64 135
52 124 140
52 135 63
52 136 58
52 151 70
52 158 215
52 161 132
52 167 152
52 170 111
52 174 164
52 175 134
52 179 129
52 198 228
53 66 84
53 67 76
53 69 143
53 89 107
53 119 78
53 129 73
53 133 128
53 134 114
53 141 99
53 149 127
53 169 123
53 182 102
54 77 133
54 78 170
54 83 55
54 85 30
54 99 124
54 129 110
54 134 101
54 194 48
54 197 116
55 74 138
55 93 114
55 101 60
55 106 103
55 109 151
55 111 43
55 113 128
55 114 181
55 125 161
55 139 111
55 144 145
55 153 154
55 166 29
55 171 99
56 64 154
56 86 127
56 94 181
56 151 119
56 158 67
56 167 189
56 170 109
56 174 45
56 175 156
56 179 110
56 198 80
57 61 107
57 73 200
57 74 137
57 106 134
57 107 44
57 109 98
57 111 175
57 113 134
57 121 153
57 137 221
57 139 103
57 148 45
57 153 101
57 164 227
57 186 290
58 73 169
58 82 158
58 84 65
58 100 88
58 103 11
58 105 86
58 121 133
58 137 159
58 142 119
58 154 66
58 164 217
58 186 221
58 196 128
59 64 117
59 86 103
59 87 168
59 138 115
59 146 112
59 147 156
59 158 174
59 170 158
59 174 181
59 175 117
59 181 54
59 183 144
59 187 125
59 198 172
59 200 96
60 77 171
60 78 119
60 79 135
60 81 140
60 118 22
60 120 161
60 122 107
60 132 141
60 192 161
61 74 30
61 93 138
61 106 132
61 107 150
61 109 136
61 111 131
61 113 27
61 139 41
61 148 142
61 153 142
61 166 134
61 171 134
62 70 39
62 92 71
62 94 120
62 115 101
62 116 192
62 128 147
62 155 139
62 160 93
62 162 88
62 167 153
62 168 136
62 173 80
62 177 132
62 199 92
63 80 150
63 97 134
63 98 153
63 115 181
63 117 22
63 126 126
63 128 154
63 145 95
63 165 166
63 190 122
63 191 19
64 86 50
64 135 122
64 146 108
64 151 84
64 158 140
64 170 51
64 174 111
64 175 2
64 181 121
64 183 170
64 198 148
64 200 213
65 68 127
65 72 141
65 87 70
65 88 89
65 90 233
65 96 146
65 102 61
65 108 209
65 131 99
65 138 208
65 146 152
65 147 248
65 150 126
65 152 140
65 172 105
65 181 178
65 183 92
65 187 128
66 67 95
66 69 65
66 89 29
66 104 159
66 119 8
66 127 131
66 129 113
66 133 64
66 134 91
66 141 39
66 169 40
66 180 119
66 194 147
66 197 123
67 71 163
67 89 97
67 104 130
67 119 97
67 127 97
67 133 95
67 141 76
67 149 117
67 169 130
67 176 135
67 180 137
67 182 150
68 72 43
68 87 194
68 88 115
68 90 141
68 96 85
68 102 160
68 108 123
68 131 99
68 150 134
68 157 203
68 172 98
68 193 183
69 89 66
69 110 123
69 119 67
69 133 95
69 134 87
69 141 89
69 169 30
69 180 133
69 188 71
69 194 134
69 197 82
70 92 100
70 94 160
70 115 66
70 116 199
70 117 168
70 128 147
70 155 157
70 160 132
70 162 91
70 165 165
70 168 162
70 173 106
70 177 139
70 199 123
71 94 171
71 98 170
71 128 123
71 136 114
71 149 102
71 160 179
71 161 91
71 165 115
71 167 101
71 173 105
71 176 32
71 179 170
71 199 95
72 88 151
72 90 101
72 96 44
72 102 156
72 108 82
72 131 138
72 150 175
72 172 138
72 187 196
72 193 216
73 84 109
73 100 174
73 103 173
73 105 84
73 107 193
73 121 79
73 137 23
73 148 217
73 164 52
73 186 95
73 196 227
74 93 113
74 107 181
74 110 139
74 113 11
74 139 62
74 148 173
74 163 132
74 166 126
74 171 111
74 185 133
75 82 40
75 91 90
75 95 44
75 142 78
75 154 148
75 156 98
75 178 111
75 185 105
75 195 91
75 196 104
76 79 208
76 81 168
76 99 201
76 114 185
76 120 148
76 125 205
76 143 110
76 159 70
77 78 125
77 79 194
77 81 125
77 83 102
77 85 119
77 99 72
77 120 112
77 143 137
78 83 115
78 85 140
78 118 141
78 122 61
78 132 122
78 192 109
79 81 75
79 118 130
79 120 100
79 143 223
80 97 15
80 117 170
80 118 185
80 122 114
80 123 148
80 126 96
80 132 53
80 145 121
80 190 146
80 191 167
80 192 76
81 99 167
81 118 147
81 120 28
81 143 154
81 159 174
82 91 128
82 95 37
82 103 164
82 142 39
82 154 107
82 156 98
82 178 127
82 185 132
82 195 113
82 196 82
83 85 25
83 99 125
83 129 112
83 134 136
83 194 95
83 197 165
84 100 116
84 103 72
84 105 25
84 121 69
84 137 104
84 142 153
84 154 125
84 164 160
84 186 178
84 196 132
85 99 128
85 129 102
85 134 113
85 194 69
85 197 140
86 135 169
86 138 218
86 146 140
86 147 258
86 151 105
86 158 96
86 170 61
86 174 82
86 175 52
86 181 129
86 198 102
86 200 194
87 88 151
87 96 193
87 102 52
87 131 165
87 138 173
87 146 81
87 147 221
87 150 185
87 152 113
87 172 172
87 181 113
87 183 24
87 187 93
87 200 208
88 90 253
88 96 180
88 102 150
88 108 233
88 130 125
88 131 20
88 140 149
88 150 37
88 152 164
88 157 217
88 172 26
88 183 175
88 184 140
88 193 203
89 104 135
89 119 38
89 127 109
89 133 36
89 134 117
89 141 22
89 169 35
89 180 90
90 96 87
90 102 230
90 108 24
90 131 240
90 147 262
90 172 239
90 187 246
91 95 131
91 110 94
91 163 80
91 178 156
91 185 58
91 189 163
91 195 128
92 94 86
92 115 136
92 116 136
92 155 74
92 160 57
92 162 64
92 167 152
92 168 65
92 173 126
92 177 85
92 199 126
93 101 133
93 110 95
93 113 111
93 163 107
93 166 85
93 171 14
93 188 88
93 197 111
94 116 202
94 155 134
94 160 30
94 161 100
94 162 150
94 167 78
94 168 101
94 173 116
94 177 163
94 179 98
94 199 102
95 140 134
95 142 70
95 154 123
95 156 61
95 178 90
95 184 132
95 189 161
95 195 80
95 196 120
96 102 144
96 108 63
96 131 171
96 138 210
96 147 221
96 172 172
96 183 203
96 187 170
97 117 154
97 122 128
97 123 143
97 126 88
97 132 66
97 145 109
97 190 136
97 191 151
97 192 84
98 123 38
98 126 71
98 128 80
98 145 64
98 149 99
98 165 71
98 176 151
98 182 100
98 190 32
98 191 169
98 192 146
99 101 156
99 120 145
99 143 94
99 159 144
100 103 79
100 105 119
100 121 178
100 137 154
100 142 203
100 154 135
100 164 206
100 186 183
101 111 95
101 114 158
101 125 142
101 166 65
101 171 119
102 108 205
102 131 159
102 138 147
102 146 120
102 147 189
102 152 163
102 172 164
102 181 126
102 183 59
102 187 66
102 200 191
103 105 92
103 121 142
103 137 161
103 142 126
103 154 67
103 164 219
103 186 220
103 196 138
104 124 88
104 127 33
104 133 99
104 135 143
104 141 120
104 152 178
104 169 164
104 180 68
105 121 59
105 137 78
105 154 149
105 164 135
105 186 154
105 196 155
106 107 149
106 109 50
106 111 61
106 139 92
106 144 69
106 148 125
106 153 52
106 166 126
107 109 102
107 113 177
107 121 163
107 137 215
107 139 141
107 144 186
107 148 24
107 153 103
107 164 210
107 186 275
108 131 221
108 147 246
108 172 221
108 187 222
109 111 110
109 113 154
109 139 102
109 144 87
109 148 78
109 153 5
110 163 20
110 171 109
110 185 73
110 188 71
110 197 132
111 113 127
111 114 174
111 125 153
111 139 94
111 144 106
111 148 177
111 153 112
111 166 68
112 130 200
112 131 214
112 140 143
112 150 199
112 154 218
112 156 196
112 157 45
112 172 208
112 184 163
112 193 65
113 139 52
113 148 168
113 153 159
113 163 139
113 166 117
113 171 108
113 185 144
114 125 21
114 143 145
114 144 150
114 159 131
115 116 185
115 117 163
115 155 166
115 160 183
115 162 91
115 168 185
115 173 173
115 177 132
115 191 166
116 155 67
116 160 181
116 162 107
116 167 279
116 168 102
116 173 262
116 177 60
116 199 263
117 126 149
117 128 163
117 145 116
117 190 141
117 191 3
118 120 171
118 122 123
118 132 149
118 192 174
119 127 138
119 129 104
119 133 72
119 134 84
119 141 47
119 169 44
119 180 128
119 188 134
119 194 139
119 197 119
120 143 126
120 159 147
121 137 89
121 148 184
121 164 129
121 186 172
121 196 152
122 126 150
122 132 61
122 192 60
123 126 58
123 128 118
123 132 146
123 145 74
123 149 112
123 165 108
123 182 76
123 190 53
123 192 113
124 127 120
124 133 185
124 135 85
124 136 178
124 146 176
124 152 99
124 180 140
124 189 183
125 143 156
125 144 132
125 159 147
126 128 138
126 132 110
126 145 41
126 165 135
126 182 129
126 190 52
126 191 146
126 192 89
127 133 75
127 141 91
127 169 141
127 180 65
128 145 108
128 149 111
128 165 18
128 173 97
128 176 119
128 190 85
128 191 162
128 199 112
129 134 73
129 169 140
129 182 117
129 194 92
129 197 131
130 131 130
130 140 60
130 150 93
130 156 85
130 157 215
130 172 129
130 178 59
130 184 39
130 189 92
130 193 212
130 195 85
131 140 147
131 150 37
131 157 199
131 172 6
131 184 140
131 193 185
132 145 146
132 192 39
133 134 153
133 141 29
133 169 66
133 180 57
134 141 131
134 169 96
134 188 110
134 194 55
134 197 58
135 136 116
135 146 155
135 151 101
135 152 147
135 170 125
135 175 121
136 151 110
136 161 80
136 167 103
136 170 154
136 174 190
136 176 134
136 179 108
136 199 165
137 154 225
137 164 58
137 186 82
138 146 171
138 147 51
138 181 111
138 183 155
138 187 82
138 200 53
139 144 161
139 148 127
139 153 107
139 166 112
140 150 112
140 156 74
140 157 164
140 172 143
140 178 84
140 184 20
140 189 148
140 193 166
140 195 111
141 169 58
141 180 86
142 154 74
142 156 124
142 185 153
142 195 150
142 196 62
143 159 49
144 148 161
144 153 84
145 165 109
145 190 33
145 191 113
145 192 130
146 147 223
146 152 125
146 170 158
146 175 106
146 181 67
146 183 62
146 187 116
146 200 185
147 181 161
147 183 205
147 187 128
147 200 67
148 153 79
148 164 234
149 165 92
149 176 72
149 182 97
149 190 130
150 152 182
150 157 193
150 172 36
150 178 152
150 184 103
150 189 156
150 193 181
151 158 145
151 161 157
151 170 43
151 174 95
151 175 85
151 179 114
151 198 158
152 183 125
152 189 155
154 156 154
154 186 287
154 196 114
155 160 114
155 162 74
155 167 211
155 168 38
155 173 200
155 177 44
155 199 199
156 157 226
156 178 47
156 184 71
156 189 130
156 195 58
157 172 193
157 184 181
157 193 21
158 170 114
158 174 51
158 175 142
158 179 174
158 181 216
158 198 14
160 161 121
160 162 121
160 167 98
160 168 85
160 173 106
160 177 138
160 179 129
160 199 97
161 167 23
161 173 114
161 176 122
161 179 79
161 199 92
162 167 213
162 168 96
162 173 166
162 177 47
162 199 173
163 171 120
163 185 53
163 188 92
164 186 66
165 173 105
165 176 106
165 182 150
165 190 82
165 199 119
166 171 71
167 168 179
167 173 100
167 176 133
167 177 235
167 179 79
167 199 79
168 173 184
168 177 79
168 179 185
168 199 179
169 180 110
169 188 102
169 197 107
170 174 71
170 175 53
170 179 142
170 181 171
170 198 126
171 188 101
171 197 119
172 184 137
172 193 178
173 176 126
173 177 205
173 199 21
174 175 113
174 179 131
174 198 65
175 181 120
175 183 168
175 198 150
175 200 213
176 199 120
177 199 209
178 184 70
178 189 83
178 195 27
179 198 188
179 199 155
181 183 89
181 187 85
181 198 217
181 200 118
182 190 126
182 192 143
183 187 79
183 200 187
184 189 128
184 193 182
184 195 97
185 196 129
187 200 125
188 194 132
188 197 62
189 195 81
190 191 138
190 192 139
194 197 70
