100 583
1 3 329
1 9 257
1 12 199
1 37 148
1 40 275
1 44 94
1 49 267
1 54 282
1 56 184
1 66 275
1 70 197
2 4 186
2 22 339
2 26 274
2 36 160
2 41 249
2 64 327
2 81 298
2 87 322
2 92 285
2 96 297
3 12 299
3 44 260
3 48 59
3 49 200
3 54 318
3 56 149
3 65 266
3 69 150
3 70 134
4 22 159
4 26 88
4 36 177
4 41 81
4 81 148
4 85 211
4 92 142
4 95 217
4 96 133
5 15 220
5 23 212
5 25 179
5 32 199
5 35 34
5 43 56
5 57 189
5 75 175
5 84 30
5 97 125
6 14 191
6 17 208
6 38 158
6 58 220
6 59 51
6 62 180
6 82 121
6 83 296
6 89 90
6 93 157
7 8 80
7 15 106
7 20 93
7 23 180
7 32 147
7 42 208
7 45 204
7 57 149
7 61 167
7 75 162
7 76 82
7 100 90
8 9 173
8 15 32
8 18 194
8 20 53
8 23 111
8 25 128
8 32 219
8 57 88
8 75 106
8 76 152
8 97 172
8 100 10
9 15 141
9 23 61
9 25 63
9 37 166
9 43 172
9 57 92
9 72 221
9 73 188
9 75 84
9 84 204
9 97 103
9 100 170
10 13 85
10 33 195
10 39 151
10 46 134
10 47 84
10 50 108
10 74 21
10 79 127
10 80 17
10 90 156
10 94 89
11 19 80
11 24 143
11 28 86
11 33 134
11 40 153
11 51 97
11 53 210
11 54 176
11 60 115
11 66 155
11 78 169
11 86 236
12 19 187
12 24 97
12 40 87
12 44 122
12 48 291
12 49 124
12 54 83
12 56 177
12 66 85
12 69 232
12 70 192
12 78 188
13 14 125
13 17 101
13 47 167
13 50 37
13 58 143
13 59 268
13 62 201
13 74 106
13 79 81
13 80 77
13 82 216
13 83 185
13 89 286
13 93 252
13 94 147
14 17 33
14 38 165
14 50 148
14 58 125
14 59 145
14 62 92
14 82 91
14 89 161
14 93 135
15 20 81
15 23 79
15 25 97
15 32 232
15 35 253
15 43 181
15 57 56
15 73 193
15 75 75
15 84 211
15 97 144
15 100 32
16 18 126
16 23 231
16 27 171
16 28 177
16 40 229
16 51 155
16 66 233
16 72 16
16 73 51
16 78 99
17 38 154
17 50 119
17 58 99
17 59 167
17 62 125
17 79 164
17 82 120
17 83 180
17 89 189
17 93 168
18 20 156
18 27 48
18 61 196
18 67 194
18 72 132
18 73 120
18 99 199
18 100 184
19 21 206
19 24 94
19 28 156
19 40 112
19 51 159
19 53 177
19 54 110
19 60 138
19 63 240
19 65 259
19 66 111
19 86 188
20 23 154
20 27 165
20 42 206
20 45 243
20 57 137
20 61 139
20 73 196
20 75 156
20 76 138
20 100 49
21 29 185
21 48 317
21 53 93
21 54 241
21 60 212
21 63 58
21 65 114
21 69 222
21 71 157
21 86 46
22 26 82
22 36 267
22 41 152
22 67 157
22 68 165
22 81 83
22 85 141
22 88 174
22 92 98
22 96 58
23 25 36
23 35 246
23 37 225
23 43 160
23 57 34
23 72 217
23 73 179
23 75 37
23 84 193
23 97 99
23 100 109
24 28 181
24 40 20
24 44 220
24 49 164
24 51 171
24 54 47
24 66 18
24 69 260
24 78 144
25 35 213
25 37 208
25 43 125
25 57 40
25 75 23
25 84 159
25 97 63
25 100 128
26 36 239
26 41 72
26 67 172
26 68 158
26 81 115
26 85 133
26 92 121
26 95 158
26 96 87
27 31 190
27 61 167
27 67 149
27 68 172
27 72 179
27 73 169
27 85 193
27 99 155
28 33 103
28 40 183
28 51 23
28 60 184
28 66 186
28 72 188
28 78 128
29 38 188
29 53 123
29 58 167
29 60 190
29 63 134
29 71 57
29 79 226
29 83 85
29 86 149
30 46 208
30 52 61
30 55 123
30 64 152
30 74 238
30 87 162
30 88 203
30 90 201
30 91 82
30 98 49
31 34 120
31 42 50
31 45 148
31 61 58
31 67 191
31 68 164
31 76 169
31 77 41
31 85 186
31 95 142
31 99 55
32 35 206
32 43 224
32 45 223
32 76 151
32 84 222
32 100 229
33 39 133
33 47 180
33 51 125
33 60 164
33 79 161
33 80 182
33 94 115
34 41 240
34 42 107
34 45 151
34 61 172
34 68 213
34 77 89
34 85 225
34 95 161
34 99 148
35 43 88
35 57 224
35 75 210
35 84 57
35 97 157
36 41 259
36 64 169
36 81 197
36 87 171
36 92 180
36 96 211
37 43 240
37 44 238
37 57 248
37 75 232
37 84 257
37 97 195
38 50 223
38 58 92
38 59 156
38 62 227
38 82 177
38 83 143
38 89 210
38 93 241
39 46 98
39 47 81
39 74 141
39 79 211
39 80 148
39 88 124
39 90 110
39 94 77
40 44 208
40 49 170
40 51 170
40 54 58
40 66 3
40 72 227
40 78 130
41 67 194
41 68 164
41 81 182
41 85 144
41 92 184
41 95 137
41 96 157
42 45 98
42 61 73
42 76 141
42 77 23
42 95 183
42 99 105
43 57 142
43 75 126
43 84 33
43 97 69
44 48 277
44 49 172
44 54 201
44 56 110
44 66 207
44 70 126
45 61 151
45 76 122
45 77 115
45 99 204
46 47 58
46 52 176
46 55 132
46 74 114
46 80 143
46 88 51
46 90 22
46 91 153
46 94 122
46 98 215
47 74 67
47 80 89
47 88 108
47 90 81
47 94 69
48 49 177
48 54 294
48 56 172
48 65 208
48 69 101
48 70 160
49 54 118
49 56 138
49 65 191
49 66 166
49 69 108
49 70 144
50 58 132
50 60 186
50 71 221
50 74 129
50 79 47
50 80 96
50 83 157
50 94 148
51 66 173
51 72 166
51 78 105
52 55 65
52 64 115
52 87 110
52 88 158
52 90 163
52 91 25
52 92 198
52 98 40
53 60 128
53 63 82
53 65 206
53 71 75
53 83 170
53 86 47
54 56 227
54 65 243
54 66 54
54 69 212
54 70 239
54 78 189
55 64 132
55 81 149
55 87 105
55 88 101
55 90 114
55 91 41
55 92 152
55 96 174
55 98 102
56 66 257
56 69 183
56 70 16
57 75 19
57 84 175
57 97 92
57 100 88
58 59 198
58 62 212
58 71 186
58 79 158
58 82 184
58 83 88
58 89 240
58 93 245
59 62 129
59 82 69
59 89 55
59 93 110
60 63 211
60 71 136
60 79 142
60 83 174
60 86 170
61 76 126
61 77 84
61 99 88
62 82 61
62 89 109
62 93 51
63 65 161
63 69 277
63 71 119
63 83 210
63 86 51
64 81 169
64 87 44
64 91 124
64 92 158
64 96 199
64 98 103
65 69 125
65 86 160
66 70 271
66 78 134
67 68 44
67 85 51
67 95 103
67 99 136
68 77 194
68 85 25
68 95 58
68 99 111
69 70 180
71 79 199
71 83 97
71 86 113
72 73 40
72 78 99
73 78 134
73 100 193
74 79 147
74 80 36
74 88 165
74 90 135
74 94 89
75 84 159
75 97 72
75 100 107
76 77 164
76 100 159
77 85 214
77 95 161
77 99 92
79 80 111
79 83 155
79 94 135
80 90 165
80 94 81
81 87 127
81 88 170
81 91 184
81 92 17
81 96 30
82 89 69
82 93 64
83 86 210
84 97 101
85 95 64
85 96 190
85 99 135
87 91 110
87 92 117
87 96 157
87 98 115
88 90 29
88 91 133
88 92 182
88 94 168
88 96 180
88 98 198
89 93 71
90 91 139
90 94 143
90 98 203
91 98 65
92 96 42
92 98 219
95 99 101
