100 594
1 4 123
1 18 80
1 29 175
1 31 128
1 35 119
1 37 159
1 50 53
1 58 29
1 61 75
1 66 121
1 69 175
1 80 60
1 84 105
1 92 93
2 5 41
2 8 290
2 11 99
2 28 168
2 51 83
2 65 92
2 66 127
2 74 87
2 77 146
2 78 148
2 93 87
2 100 115
3 17 271
3 22 106
3 23 275
3 46 124
3 62 312
3 70 132
3 73 87
3 75 63
3 76 324
3 95 248
4 27 139
4 35 91
4 39 119
4 50 104
4 56 55
4 58 113
4 69 105
4 84 37
4 90 146
5 8 277
5 11 113
5 28 182
5 51 50
5 65 51
5 66 167
5 74 74
5 77 122
5 78 158
5 93 66
5 95 189
5 100 75
6 9 48
6 19 260
6 21 36
6 23 213
6 32 177
6 41 74
6 43 95
6 44 72
6 62 107
6 67 183
6 68 54
6 76 203
6 86 124
6 87 29
6 89 128
7 13 63
7 14 288
7 15 331
7 26 250
7 34 75
7 38 149
7 42 332
7 63 56
7 94 198
7 96 99
8 11 212
8 16 213
8 28 181
8 65 282
8 73 291
8 75 342
8 78 176
8 91 215
8 95 184
8 98 174
9 14 223
9 15 189
9 19 214
9 21 41
9 23 203
9 26 232
9 32 136
9 41 123
9 43 48
9 44 78
9 62 151
9 68 101
9 76 182
9 86 89
9 87 76
9 89 159
10 12 180
10 24 222
10 36 141
10 45 122
10 52 125
10 54 222
10 57 188
10 72 210
10 79 254
10 81 128
10 83 143
10 97 129
11 16 169
11 28 69
11 51 163
11 65 154
11 66 122
11 78 49
11 91 162
11 93 178
11 95 214
11 98 168
12 24 157
12 36 167
12 45 182
12 52 225
12 54 141
12 72 307
12 79 80
12 81 138
12 83 247
12 97 124
13 14 335
13 15 345
13 19 376
13 26 274
13 34 105
13 38 210
13 63 75
13 94 260
13 96 116
14 15 198
14 26 136
14 33 185
14 34 230
14 42 116
14 43 218
14 44 202
14 48 160
14 63 261
14 64 264
14 85 213
14 86 134
14 96 229
15 19 64
15 21 217
15 26 91
15 32 103
15 34 255
15 43 144
15 63 278
15 76 203
15 86 163
15 96 233
16 28 102
16 30 127
16 31 189
16 55 188
16 59 135
16 78 128
16 91 9
16 98 39
16 99 176
17 22 197
17 41 120
17 46 258
17 51 177
17 60 99
17 62 69
17 65 159
17 68 123
17 70 141
17 73 315
17 75 327
17 77 174
17 87 147
17 95 137
17 100 138
18 31 48
18 50 134
18 53 191
18 55 125
18 58 69
18 59 167
18 61 26
18 66 77
18 69 187
18 71 213
18 80 132
18 84 148
18 88 225
18 92 164
18 99 206
19 21 233
19 23 217
19 26 149
19 32 90
19 43 166
19 63 316
19 76 168
19 86 211
19 96 272
20 25 149
20 29 116
20 37 151
20 40 36
20 49 126
20 52 213
20 67 137
20 74 182
20 77 179
20 89 190
20 92 183
21 23 179
21 32 147
21 41 99
21 43 73
21 44 100
21 46 297
21 62 116
21 68 71
21 76 166
21 86 130
21 87 49
22 23 175
22 46 67
22 62 221
22 70 65
22 73 187
22 75 169
22 76 223
22 95 231
23 32 150
23 43 183
23 46 159
23 70 207
23 73 360
23 75 334
23 76 49
23 87 211
24 36 294
24 45 125
24 57 290
24 72 212
24 79 216
24 81 95
24 83 180
24 97 92
25 33 171
25 40 171
25 42 185
25 44 203
25 48 187
25 49 58
25 64 272
25 67 118
25 85 213
25 89 161
26 32 187
26 34 175
26 43 199
26 63 202
26 86 169
26 96 158
27 29 126
27 35 62
27 36 162
27 37 91
27 39 139
27 50 125
27 52 183
27 54 169
27 56 113
27 80 147
27 82 32
27 90 152
27 92 134
28 30 205
28 31 175
28 66 152
28 78 26
28 91 95
28 98 98
29 35 131
29 36 220
29 37 36
29 40 118
29 49 221
29 50 134
29 52 193
29 80 115
29 82 100
29 92 82
30 31 168
30 47 266
30 53 203
30 55 104
30 59 45
30 71 172
30 91 125
30 98 165
30 99 52
31 47 308
31 53 187
31 55 93
31 58 116
31 59 123
31 61 60
31 66 79
31 71 199
31 78 186
31 88 223
31 91 180
31 98 221
31 99 168
32 43 88
32 76 103
32 86 164
33 42 69
33 48 30
33 49 189
33 57 251
33 64 110
33 85 46
33 86 274
33 94 243
34 38 177
34 42 296
34 63 30
34 94 221
34 96 28
35 37 96
35 39 143
35 50 67
35 56 90
35 80 99
35 82 80
35 84 114
35 90 165
35 92 99
36 37 203
36 45 241
36 52 74
36 54 104
36 79 202
36 81 221
36 82 152
36 83 280
36 97 214
37 40 155
37 50 112
37 52 188
37 80 104
37 82 67
37 92 75
38 42 248
38 48 250
38 63 184
38 64 238
38 85 251
38 94 50
38 96 205
39 50 198
39 54 164
39 56 66
39 69 184
39 79 261
39 82 171
39 84 154
39 90 26
40 49 157
40 67 131
40 74 145
40 77 147
40 92 171
40 93 161
41 44 112
41 60 65
41 62 60
41 67 159
41 68 33
41 87 50
41 89 107
42 48 44
42 49 221
42 64 157
42 85 99
42 86 217
42 94 228
43 44 120
43 68 143
43 76 152
43 86 93
43 87 119
44 62 165
44 67 136
44 68 112
44 86 86
44 87 94
44 89 90
45 52 245
45 57 172
45 72 125
45 79 262
45 81 46
45 83 66
45 97 60
46 62 271
46 70 133
46 73 211
46 75 177
46 76 208
47 53 127
47 55 227
47 59 258
47 69 213
47 71 110
47 84 292
47 88 95
47 99 214
48 49 212
48 57 273
48 64 115
48 85 55
48 86 259
48 94 222
49 52 201
49 64 275
49 67 153
49 85 225
49 89 204
50 56 135
50 58 73
50 61 128
50 80 42
50 82 133
50 84 104
50 90 222
50 92 63
51 60 133
51 65 31
51 74 45
51 77 73
51 93 28
51 95 191
51 100 40
52 54 178
52 82 161
52 83 267
53 55 124
53 59 175
53 69 118
53 71 49
53 84 179
53 88 35
53 99 156
54 56 207
54 79 129
54 82 179
54 90 148
55 59 62
55 61 147
55 66 172
55 71 117
55 88 156
55 91 182
55 99 83
56 58 163
56 69 143
56 82 145
56 84 92
56 90 93
57 64 186
57 72 107
57 81 217
57 83 110
57 85 222
57 97 230
58 61 74
58 66 128
58 69 150
58 80 89
58 84 88
58 92 121
59 71 154
59 88 203
59 91 131
59 98 175
59 99 55
60 62 79
60 65 132
60 67 160
60 68 93
60 74 147
60 77 92
60 87 115
60 89 123
60 93 137
60 95 207
60 100 108
61 66 56
61 80 117
61 84 160
61 92 148
62 68 54
62 70 180
62 73 367
62 75 372
62 87 78
62 89 166
62 95 206
63 94 231
63 96 44
64 72 287
64 85 63
64 94 193
65 74 76
65 77 95
65 93 59
65 95 160
65 100 24
66 78 152
66 80 144
67 77 138
67 89 55
68 70 225
68 87 25
68 89 131
69 71 168
69 84 84
69 88 129
69 90 207
70 73 191
70 75 192
70 95 166
71 88 55
71 99 122
72 81 170
72 83 68
72 85 328
72 97 184
73 75 52
73 95 252
74 77 62
74 93 17
74 100 82
75 95 285
76 87 207
77 89 136
77 93 59
77 100 82
78 91 122
78 98 121
79 81 216
79 90 236
79 97 202
80 82 146
80 84 143
80 92 33
81 83 113
81 97 14
82 90 183
82 92 126
83 97 127
84 88 200
84 90 181
85 94 214
86 87 154
87 89 129
88 99 176
91 98 45
91 99 174
93 100 64
94 96 248
95 100 158
98 99 215
