100 582
1 10 58
1 25 132
1 35 87
1 37 106
1 53 77
1 56 136
1 65 116
1 73 128
1 78 145
1 89 161
1 90 157
1 93 47
2 21 130
2 23 188
2 40 223
2 42 156
2 44 86
2 58 90
2 59 191
2 61 343
2 72 227
2 73 167
2 75 120
2 78 146
2 84 177
2 96 134
2 97 32
3 7 257
3 15 207
3 31 132
3 47 223
3 48 73
3 54 208
3 71 234
3 74 207
3 82 71
3 88 220
4 8 122
4 12 112
4 14 175
4 29 122
4 32 218
4 41 101
4 42 235
4 50 219
4 67 79
4 77 126
4 98 142
5 16 279
5 18 212
5 19 147
5 33 167
5 38 183
5 49 166
5 62 280
5 86 123
5 91 288
5 99 273
6 11 227
6 20 230
6 28 285
6 33 252
6 46 104
6 51 226
6 63 22
6 70 287
6 91 245
6 100 57
7 26 133
7 43 151
7 45 70
7 48 192
7 54 150
7 71 175
7 74 151
7 79 45
7 81 179
7 87 144
7 88 92
8 12 114
8 14 107
8 29 11
8 32 205
8 41 91
8 50 104
8 67 109
8 77 7
8 98 49
9 17 130
9 22 192
9 24 140
9 26 224
9 43 181
9 45 237
9 64 241
9 81 125
9 85 238
9 87 175
10 25 153
10 34 166
10 35 129
10 37 153
10 53 128
10 56 115
10 66 143
10 73 72
10 78 97
10 83 190
10 93 88
10 94 143
10 95 145
11 20 35
11 28 147
11 46 327
11 51 11
11 52 110
11 57 142
11 63 247
11 65 227
11 89 194
11 90 191
11 100 226
12 14 80
12 25 131
12 29 124
12 32 108
12 41 23
12 50 159
12 67 33
12 77 111
12 98 89
13 27 176
13 30 147
13 39 119
13 55 156
13 62 183
13 68 96
13 69 78
13 76 185
13 80 113
13 92 143
13 99 152
14 29 119
14 32 110
14 41 77
14 50 91
14 52 214
14 57 164
14 67 108
14 77 101
14 98 59
15 23 177
15 31 77
15 34 177
15 47 47
15 48 244
15 54 179
15 59 183
15 71 172
15 74 177
15 82 187
15 96 192
16 22 164
16 27 149
16 36 170
16 38 176
16 39 206
16 49 153
16 62 136
16 64 144
16 80 200
16 85 139
17 22 127
17 24 55
17 26 112
17 36 150
17 43 77
17 45 191
17 55 169
17 64 143
17 81 71
17 85 146
17 87 83
18 19 101
18 30 208
18 33 172
18 38 158
18 46 285
18 49 184
18 69 211
18 70 197
18 86 135
18 91 96
18 99 149
19 33 198
19 38 69
19 39 178
19 49 86
19 62 171
19 86 141
19 91 197
19 99 127
20 28 111
20 46 326
20 51 46
20 52 125
20 57 143
20 63 248
20 65 195
20 89 160
20 90 163
20 100 220
21 40 220
21 42 149
21 44 62
21 58 122
21 61 302
21 72 207
21 75 77
21 84 218
21 96 217
21 97 115
22 24 73
22 27 153
22 36 110
22 43 196
22 64 64
22 81 197
22 85 56
23 31 183
23 40 115
23 47 131
23 59 7
23 61 239
23 72 141
23 82 218
23 84 44
23 96 58
23 97 168
24 26 158
24 36 125
24 43 129
24 64 103
24 81 124
24 85 102
24 87 137
25 32 65
25 35 62
25 37 75
25 41 155
25 42 234
25 53 86
25 58 242
25 65 172
25 67 153
25 78 162
26 43 42
26 45 129
26 54 197
26 55 112
26 71 200
26 74 199
26 79 159
26 81 103
26 87 52
26 88 156
26 92 129
27 36 59
27 38 188
27 39 111
27 49 194
27 55 138
27 62 84
27 64 89
27 80 66
27 85 96
27 92 124
28 51 158
28 52 198
28 53 182
28 57 182
28 65 98
28 70 154
28 89 51
28 90 96
28 93 185
28 100 252
29 32 216
29 41 100
29 50 110
29 67 117
29 77 18
29 98 60
30 56 188
30 60 77
30 66 184
30 68 166
30 69 85
30 70 174
30 76 175
30 83 163
30 91 214
30 99 159
31 47 92
31 48 179
31 54 178
31 59 186
31 71 185
31 74 176
31 82 110
32 35 77
32 37 66
32 41 128
32 53 94
32 57 186
32 65 157
32 67 139
32 77 199
32 90 136
32 98 162
33 38 266
33 46 168
33 63 231
33 86 58
33 91 188
33 100 219
34 47 169
34 56 120
34 66 96
34 73 144
34 76 116
34 78 179
34 83 106
34 94 65
34 95 25
35 37 26
35 53 24
35 65 110
35 78 176
35 89 163
35 90 118
35 93 119
36 39 167
36 55 116
36 62 142
36 64 48
36 80 113
36 85 59
36 92 108
37 53 29
37 65 99
37 89 150
37 90 96
37 93 131
38 39 129
38 49 35
38 62 104
38 69 205
38 80 177
38 86 208
38 99 104
39 49 153
39 62 69
39 69 110
39 80 61
39 92 174
39 99 70
40 47 242
40 59 107
40 61 131
40 72 29
40 84 76
40 96 145
40 97 192
41 50 145
41 67 32
41 77 88
41 98 70
42 44 103
42 58 66
42 73 228
42 75 72
42 78 188
42 97 174
43 45 126
43 55 141
43 79 167
43 81 62
43 87 16
43 88 191
43 92 156
44 58 61
44 72 240
44 73 230
44 75 40
44 78 199
44 84 225
44 96 204
44 97 86
45 54 217
45 74 219
45 79 50
45 81 129
45 87 113
45 88 159
46 63 82
46 70 319
46 86 223
46 91 237
46 100 109
47 59 137
47 76 217
47 82 187
47 84 176
47 95 183
47 96 146
48 54 184
48 71 215
48 74 183
48 79 199
48 82 145
48 88 176
49 62 114
49 80 194
49 86 212
49 99 138
50 52 196
50 57 164
50 67 176
50 77 98
50 98 78
51 52 109
51 57 144
51 63 247
51 65 237
51 89 205
51 90 200
51 100 228
52 57 57
52 65 237
52 89 228
52 90 185
53 65 86
53 89 140
53 90 100
53 93 102
54 68 204
54 71 33
54 74 1
54 79 193
54 82 246
54 88 58
55 64 161
55 71 189
55 80 133
55 87 157
55 92 17
56 60 111
56 66 37
56 73 153
56 76 127
56 83 81
56 93 116
56 94 59
56 95 116
57 65 197
57 90 143
58 73 186
58 75 60
58 78 150
58 96 224
58 97 110
59 61 232
59 72 134
59 82 217
59 84 39
59 96 64
59 97 170
60 66 113
60 68 172
60 69 153
60 70 175
60 76 135
60 83 106
60 93 176
60 94 142
61 72 117
61 82 309
61 84 206
61 96 277
61 97 311
62 64 159
62 69 179
62 80 84
62 85 163
62 99 113
63 70 288
63 86 280
63 91 237
63 100 54
64 80 153
64 85 10
64 92 154
65 70 195
65 89 53
65 90 54
65 93 101
66 68 185
66 73 166
66 76 91
66 83 47
66 93 153
66 94 30
66 95 99
67 77 108
67 98 99
68 69 143
68 71 171
68 74 204
68 76 100
68 83 138
68 92 190
68 94 189
69 76 200
69 80 142
69 99 101
70 89 152
70 90 229
70 91 122
70 93 211
70 100 233
71 74 33
71 88 83
71 92 200
72 84 100
72 96 166
72 97 195
73 75 245
73 78 40
73 93 160
73 94 152
73 95 119
74 79 194
74 82 245
74 88 59
75 78 210
75 84 265
75 96 244
75 97 126
76 83 47
76 94 90
76 95 136
77 98 42
78 95 154
78 97 177
79 81 178
79 87 156
79 88 135
80 85 161
80 92 115
80 99 131
81 87 51
82 84 245
83 94 56
83 95 119
84 96 71
84 97 151
85 92 165
86 91 180
86 99 257
86 100 260
87 88 192
87 92 172
89 90 76
89 93 133
90 93 152
91 99 223
91 100 188
93 94 170
94 95 70
95 96 194
96 97 118
