200 1610
1 20 145
1 45 63
1 54 110
1 58 127
1 65 155
1 73 161
1 83 172
1 86 126
1 90 34
1 93 84
1 154 117
1 163 85
1 172 141
1 185 108
1 194 129
2 7 165
2 30 25
2 31 227
2 42 70
2 46 155
2 48 157
2 53 135
2 60 13
2 61 189
2 72 28
2 101 57
2 109 126
2 111 73
2 139 114
2 150 102
2 153 145
3 10 171
3 13 130
3 16 82
3 29 186
3 55 151
3 56 228
3 68 232
3 84 169
3 95 262
3 110 227
3 132 191
3 146 101
3 165 63
3 183 159
4 5 148
4 19 208
4 22 128
4 24 259
4 74 88
4 77 244
4 106 36
4 113 77
4 118 79
4 128 159
4 162 165
4 171 131
4 181 172
4 184 147
5 19 61
5 22 35
5 24 120
5 74 145
5 77 97
5 106 183
5 113 120
5 118 208
5 123 163
5 128 187
5 134 174
5 160 148
5 162 139
5 171 63
5 181 26
5 184 69
6 38 96
6 56 93
6 62 51
6 79 127
6 83 83
6 84 194
6 110 153
6 130 113
6 137 81
6 154 114
6 164 75
6 167 59
6 168 122
6 183 183
6 194 112
7 21 120
7 30 151
7 32 73
7 60 156
7 64 79
7 69 47
7 82 120
7 92 67
7 101 113
7 109 82
7 121 117
7 136 88
7 147 115
7 153 136
7 175 165
7 191 137
7 193 148
8 36 53
8 41 64
8 63 216
8 89 101
8 96 64
8 102 174
8 119 87
8 127 90
8 145 62
8 155 152
8 161 56
8 166 133
8 182 41
8 195 133
8 199 148
9 19 195
9 24 188
9 28 182
9 35 47
9 47 75
9 57 16
9 75 162
9 77 159
9 98 203
9 104 164
9 134 196
9 143 174
9 158 136
9 189 184
10 13 40
10 16 119
10 29 208
10 55 59
10 68 61
10 84 233
10 95 165
10 126 211
10 132 83
10 146 103
10 165 189
10 177 219
10 198 219
11 26 145
11 36 146
11 41 168
11 59 91
11 89 117
11 91 67
11 102 48
11 108 139
11 114 60
11 119 129
11 155 61
11 173 40
11 182 160
11 199 53
12 17 152
12 54 104
12 58 138
12 59 118
12 78 54
12 88 102
12 91 174
12 95 175
12 105 72
12 108 141
12 114 159
12 120 57
12 126 133
12 140 35
12 177 122
12 178 98
12 185 126
12 188 150
12 198 121
13 16 84
13 29 187
13 55 54
13 68 101
13 84 206
13 95 176
13 126 218
13 132 91
13 146 74
13 165 151
13 177 231
13 183 213
14 39 175
14 43 120
14 44 177
14 50 147
14 52 185
14 87 217
14 94 20
14 112 184
14 133 175
14 135 138
14 138 203
14 159 194
14 174 156
14 197 215
15 18 106
15 20 71
15 27 111
15 49 118
15 66 60
15 71 92
15 73 27
15 85 31
15 86 67
15 93 104
15 144 104
15 163 103
15 172 45
15 191 131
15 200 122
16 29 124
16 55 130
16 68 176
16 84 128
16 95 180
16 110 187
16 126 206
16 132 113
16 146 110
16 165 72
16 183 131
17 34 165
17 54 174
17 58 112
17 65 146
17 78 113
17 80 152
17 88 52
17 115 40
17 120 101
17 122 173
17 140 118
17 141 69
17 188 51
18 27 53
18 65 112
18 66 72
18 71 14
18 73 85
18 85 74
18 86 121
18 93 123
18 121 119
18 122 151
18 125 79
18 131 111
18 163 95
18 172 89
18 191 126
19 22 83
19 24 86
19 37 184
19 57 205
19 74 203
19 77 36
19 106 243
19 113 180
19 123 136
19 134 143
19 143 183
19 160 124
19 162 180
19 171 113
19 181 45
19 184 111
20 25 133
20 49 133
20 62 153
20 66 127
20 71 134
20 73 69
20 85 87
20 86 29
20 93 64
20 154 109
20 163 86
20 172 57
20 194 96
21 31 153
21 51 71
21 60 155
21 61 120
21 64 79
21 69 78
21 81 123
21 82 131
21 92 70
21 101 151
21 111 201
21 136 85
21 150 99
21 153 34
21 196 78
22 24 154
22 74 146
22 77 118
22 106 162
22 113 120
22 118 197
22 160 183
22 162 160
22 171 83
22 181 60
22 184 94
23 39 102
23 40 82
23 42 113
23 43 169
23 44 115
23 46 89
23 48 106
23 52 93
23 53 83
23 67 80
23 70 53
23 72 147
23 87 63
23 112 117
23 133 116
23 135 138
23 139 72
23 142 106
23 152 113
23 197 75
24 28 153
24 35 167
24 37 114
24 57 202
24 77 80
24 106 295
24 123 50
24 129 114
24 134 56
24 143 103
24 158 139
24 160 39
24 171 133
24 181 94
24 184 121
24 189 111
25 33 63
25 38 182
25 49 76
25 62 146
25 79 95
25 97 135
25 124 111
25 130 125
25 137 162
25 138 146
25 142 130
25 144 126
25 159 175
25 168 167
25 169 31
25 186 52
25 187 76
26 59 147
26 68 221
26 91 88
26 95 181
26 102 158
26 108 79
26 114 112
26 126 198
26 155 206
26 173 137
26 177 168
26 178 217
26 198 168
26 199 197
27 32 111
27 65 154
27 66 53
27 71 51
27 73 101
27 85 84
27 86 151
27 117 113
27 121 86
27 125 80
27 131 103
27 172 116
27 175 158
27 191 75
27 200 104
28 35 135
28 47 180
28 57 197
28 75 140
28 104 71
28 107 176
28 116 143
28 123 122
28 129 137
28 134 106
28 143 50
28 158 46
28 160 136
28 170 155
28 180 171
28 189 45
28 192 107
29 45 163
29 55 242
29 56 169
29 68 246
29 83 155
29 84 50
29 95 147
29 110 81
29 126 140
29 132 144
29 146 233
29 165 132
29 177 172
29 178 152
29 183 75
29 185 163
30 42 47
30 48 132
30 53 132
30 60 31
30 70 151
30 72 36
30 101 38
30 109 103
30 111 98
30 117 148
30 139 93
30 150 119
31 51 169
31 60 216
31 61 40
31 64 230
31 69 231
31 81 203
31 92 224
31 111 204
31 118 267
31 128 190
31 150 128
31 153 132
31 196 135
32 64 131
32 69 112
32 92 127
32 99 158
32 109 101
32 117 135
32 121 44
32 122 163
32 125 111
32 131 95
32 136 136
32 147 92
32 175 110
32 191 103
33 38 172
33 49 119
33 50 170
33 79 91
33 97 72
33 124 131
33 130 116
33 137 159
33 138 96
33 142 145
33 152 143
33 159 118
33 168 147
33 169 43
33 174 167
33 186 86
33 187 15
34 59 180
34 78 179
34 80 108
34 115 161
34 119 127
34 120 182
34 141 179
34 148 137
34 155 131
34 173 177
34 180 175
34 190 131
34 199 153
35 47 71
35 57 61
35 75 128
35 77 160
35 98 173
35 104 118
35 123 177
35 134 164
35 143 133
35 158 89
35 189 141
36 41 46
36 89 53
36 96 116
36 102 121
36 119 55
36 127 136
36 145 111
36 155 105
36 161 59
36 166 186
36 173 179
36 182 15
36 195 184
36 199 97
37 51 146
37 81 98
37 82 132
37 123 80
37 128 180
37 129 44
37 134 93
37 143 138
37 149 62
37 160 79
37 162 126
37 170 68
37 171 153
37 181 165
37 184 136
37 189 136
37 193 130
38 56 161
38 62 98
38 79 87
38 83 179
38 97 173
38 130 58
38 137 25
38 164 100
38 167 146
38 168 32
38 187 164
39 40 101
39 43 67
39 44 77
39 46 86
39 52 53
39 53 104
39 87 69
39 94 191
39 112 87
39 133 24
39 135 60
39 142 148
39 152 123
39 197 79
40 43 157
40 44 51
40 46 147
40 49 119
40 50 192
40 52 51
40 67 92
40 70 102
40 87 35
40 112 46
40 124 68
40 133 125
40 135 93
40 138 140
40 142 47
40 144 113
40 152 31
40 159 176
40 186 122
40 197 21
41 89 52
41 96 125
41 102 132
41 119 101
41 127 119
41 145 100
41 155 140
41 161 23
41 166 177
41 182 37
41 195 172
41 199 127
42 46 133
42 48 89
42 53 112
42 60 79
42 70 103
42 72 61
42 101 60
42 109 93
42 111 134
42 117 112
42 139 46
42 200 128
43 44 117
43 46 132
43 52 105
43 53 153
43 87 131
43 94 139
43 112 127
43 133 57
43 135 75
43 197 137
44 50 154
44 52 28
44 87 51
44 94 186
44 112 10
44 124 110
44 133 101
44 135 44
44 138 122
44 142 91
44 152 55
44 159 151
44 174 162
44 197 42
45 54 100
45 58 156
45 83 134
45 84 175
45 90 45
45 93 135
45 105 163
45 110 126
45 154 117
45 163 144
45 178 164
45 183 192
45 185 73
45 194 135
46 52 122
46 53 21
46 70 137
46 72 126
46 87 113
46 111 158
46 133 78
46 135 146
46 139 120
46 197 129
47 57 73
47 75 102
47 76 153
47 98 135
47 100 145
47 104 134
47 107 186
47 143 193
47 151 205
47 158 141
47 176 134
47 189 199
48 60 164
48 66 131
48 67 73
48 70 57
48 72 150
48 101 124
48 109 94
48 117 40
48 139 61
48 142 146
48 144 111
48 191 81
48 200 47
49 67 98
49 70 138
49 124 51
49 142 72
49 144 50
49 152 104
49 169 77
49 186 33
49 187 135
50 52 180
50 94 137
50 97 131
50 112 151
50 135 150
50 138 80
50 152 170
50 159 52
50 174 10
50 187 165
51 61 149
51 64 89
51 69 115
51 81 52
51 82 109
51 92 95
51 128 156
51 136 85
51 149 85
51 150 163
51 153 99
51 162 155
51 193 152
51 196 36
52 53 133
52 87 32
52 94 197
52 112 36
52 124 118
52 133 78
52 135 47
52 142 98
52 152 70
52 174 188
52 197 32
53 60 149
53 70 126
53 72 106
53 87 119
53 111 143
53 133 98
53 139 102
53 197 135
54 58 85
54 78 139
54 88 128
54 90 78
54 105 97
54 120 131
54 126 156
54 140 113
54 177 166
54 178 114
54 185 42
54 188 140
54 198 166
55 68 104
55 84 257
55 95 222
55 126 266
55 132 138
55 146 58
55 165 188
55 177 277
55 183 261
56 62 144
56 83 84
56 84 122
56 110 107
56 137 158
56 154 169
56 164 68
56 165 170
56 167 44
56 168 193
56 183 103
56 194 177
57 75 168
57 77 170
57 98 206
57 104 176
57 143 190
57 158 151
57 176 204
57 189 200
58 65 94
58 78 141
58 88 85
58 90 114
58 115 141
58 120 126
58 140 123
58 141 156
58 185 125
58 188 65
59 78 100
59 88 171
59 91 68
59 102 140
59 105 165
59 108 91
59 114 46
59 120 116
59 140 118
59 155 120
59 173 51
59 177 166
59 198 166
59 199 127
60 61 178
60 72 42
60 101 54
60 109 124
60 111 76
60 139 124
60 150 90
60 153 132
61 64 199
61 69 196
61 81 191
61 92 190
61 111 174
61 136 203
61 150 88
61 153 94
61 196 120
62 79 88
62 83 112
62 130 86
62 137 74
62 154 96
62 164 122
62 167 105
62 168 114
62 194 85
63 76 159
63 96 151
63 100 219
63 103 78
63 127 179
63 145 183
63 148 222
63 151 121
63 157 55
63 166 122
63 176 182
63 179 60
63 195 136
64 69 37
64 81 119
64 82 58
64 92 18
64 136 10
64 147 109
64 149 134
64 153 111
64 170 145
64 193 103
64 196 121
65 71 125
65 88 153
65 90 163
65 115 151
65 122 97
65 125 102
65 131 122
65 141 146
65 156 133
65 163 140
65 175 158
65 188 101
66 71 59
66 73 60
66 85 42
66 86 114
66 117 101
66 121 137
66 125 130
66 131 156
66 144 127
66 163 124
66 172 79
66 191 79
66 200 86
67 70 40
67 87 105
67 117 101
67 124 77
67 139 96
67 142 73
67 144 55
67 152 107
67 186 125
67 191 135
67 197 104
67 200 95
68 95 162
68 108 240
68 126 212
68 132 103
68 146 159
68 177 211
68 198 211
69 82 91
69 92 21
69 101 133
69 109 123
69 136 47
69 147 119
69 150 150
69 153 102
69 193 130
69 196 141
70 72 155
70 87 100
70 117 96
70 124 110
70 133 169
70 139 57
70 142 100
70 144 95
70 152 125
70 191 136
70 197 105
70 200 97
71 73 71
71 85 60
71 86 110
71 93 117
71 121 126
71 125 91
71 131 123
71 163 90
71 172 77
71 191 120
72 101 75
72 109 138
72 111 72
72 139 99
72 150 128
73 85 18
73 86 54
73 93 83
73 144 131
73 163 77
73 172 21
73 191 138
73 200 137
74 81 190
74 106 112
74 113 25
74 118 83
74 128 71
74 149 192
74 162 86
74 171 93
74 181 158
74 184 103
75 76 143
75 80 190
75 98 47
75 100 77
75 103 237
75 104 69
75 107 85
75 116 171
75 148 153
75 151 217
75 158 126
75 176 116
75 180 156
75 190 149
76 98 118
76 100 88
76 103 94
76 104 213
76 107 167
76 148 159
76 151 76
76 157 146
76 176 26
76 179 114
76 190 170
77 106 279
77 123 129
77 134 131
77 143 162
77 160 120
77 171 145
77 181 79
77 184 142
77 189 173
78 88 73
78 91 167
78 105 127
78 108 158
78 114 147
78 115 151
78 120 15
78 126 185
78 140 26
78 173 147
78 177 170
78 178 153
78 188 128
78 198 169
79 97 122
79 130 30
79 137 70
79 154 171
79 164 172
79 168 73
79 169 107
79 186 146
79 187 88
79 194 154
80 98 165
80 100 178
80 104 195
80 107 108
80 115 122
80 116 112
80 141 119
80 148 113
80 180 67
80 190 97
80 192 188
81 82 112
81 92 131
81 113 198
81 118 262
81 128 131
81 129 133
81 136 112
81 149 36
81 162 112
81 170 125
81 193 145
81 196 70
82 92 76
82 99 156
82 129 130
82 136 49
82 147 81
82 149 110
82 170 90
82 175 151
82 193 47
82 196 145
83 84 126
83 110 73
83 137 164
83 154 92
83 164 125
83 165 216
83 167 47
83 183 123
83 194 104
84 110 59
84 126 191
84 132 182
84 146 237
84 164 190
84 165 108
84 167 135
84 183 25
85 86 71
85 93 98
85 117 139
85 144 130
85 163 88
85 172 37
85 191 121
85 200 122
86 90 160
86 93 41
86 154 115
86 163 58
86 172 35
86 194 106
87 94 229
87 112 54
87 124 101
87 133 92
87 135 79
87 142 80
87 152 64
87 197 16
88 105 165
88 115 92
88 120 58
88 140 70
88 141 121
88 185 168
88 188 55
89 91 179
89 96 166
89 102 79
89 114 177
89 119 88
89 127 171
89 145 149
89 155 99
89 161 76
89 173 156
89 182 60
89 199 81
90 93 119
90 105 163
90 110 171
90 154 137
90 163 118
90 178 172
90 185 73
90 188 179
90 194 153
91 102 101
91 108 73
91 114 24
91 155 124
91 173 49
91 177 178
91 198 177
91 199 120
92 109 144
92 136 28
92 147 118
92 150 154
92 153 99
92 193 119
92 196 123
93 154 101
93 163 32
93 172 61
93 194 99
94 112 192
94 133 192
94 135 149
94 138 199
94 159 186
94 174 145
94 197 226
95 105 115
95 108 140
95 126 49
95 132 85
95 146 250
95 177 54
95 178 92
95 198 55
96 103 213
96 119 135
96 127 71
96 145 52
96 148 203
96 157 206
96 161 109
96 166 82
96 179 202
96 182 105
96 195 88
97 130 132
97 137 171
97 138 87
97 159 82
97 168 142
97 169 115
97 174 125
97 186 155
97 187 59
98 100 34
98 103 206
98 104 109
98 107 58
98 116 175
98 148 107
98 151 194
98 157 256
98 158 172
98 176 92
98 179 223
98 180 148
98 190 106
99 116 140
99 121 137
99 122 82
99 125 136
99 131 106
99 141 168
99 147 91
99 156 55
99 170 157
99 175 51
99 192 94
99 193 115
100 103 173
100 104 142
100 107 79
100 148 97
100 151 164
100 157 223
100 176 65
100 179 190
100 180 172
100 190 101
101 109 70
101 111 130
101 117 129
101 139 103
101 150 121
101 153 139
102 114 103
102 119 124
102 155 78
102 161 155
102 173 89
102 182 134
102 199 58
103 148 210
103 151 42
103 157 52
103 166 198
103 176 120
103 179 20
103 190 225
103 195 213
104 107 114
104 116 134
104 143 114
104 148 198
104 158 69
104 176 186
104 180 141
104 189 112
104 190 189
104 192 138
105 108 144
105 120 129
105 126 67
105 140 106
105 177 69
105 178 27
105 185 91
105 198 69
106 113 107
106 118 70
106 128 179
106 162 195
106 171 167
106 181 207
106 184 182
107 116 128
107 148 85
107 151 242
107 158 183
107 176 145
107 180 92
107 190 75
107 192 184
108 114 81
108 126 139
108 173 110
108 177 107
108 178 147
108 198 106
109 111 200
109 117 77
109 121 135
109 139 112
109 191 82
109 200 94
110 146 296
110 154 148
110 164 171
110 165 164
110 167 99
110 183 68
110 185 163
110 194 165
111 139 170
111 150 107
111 153 170
112 124 101
112 133 112
112 135 54
112 138 114
112 142 83
112 152 46
112 159 144
112 174 158
112 186 143
112 197 42
113 118 96
113 128 90
113 149 196
113 162 88
113 171 74
113 181 135
113 184 86
114 120 162
114 140 163
114 155 110
114 173 29
114 199 109
115 116 149
115 120 139
115 122 152
115 140 158
115 141 31
115 156 147
115 180 140
115 188 75
116 122 168
116 141 122
116 148 192
116 156 131
116 180 49
116 190 175
116 192 76
117 139 97
117 144 124
117 191 41
117 200 17
118 128 131
118 162 167
118 171 170
118 181 227
118 184 182
118 196 261
119 127 177
119 145 149
119 148 200
119 155 72
119 161 114
119 166 215
119 173 153
119 182 67
119 190 205
119 195 217
119 199 76
120 140 23
120 141 170
120 173 162
120 178 156
120 188 113
121 122 124
121 125 66
121 131 53
121 147 99
121 156 146
121 175 85
121 191 109
122 125 83
122 131 71
122 141 129
122 147 142
122 156 40
122 175 70
122 188 151
122 192 157
123 129 67
123 134 16
123 143 73
123 149 142
123 158 122
123 160 14
123 170 111
123 181 137
123 184 145
123 189 77
124 138 140
124 142 20
124 144 60
124 152 55
124 169 97
124 186 58
124 187 146
124 197 89
125 131 33
125 147 142
125 156 119
125 175 90
125 191 142
126 132 128
126 140 169
126 146 288
126 177 31
126 178 43
126 185 136
126 198 32
127 145 27
127 157 232
127 161 96
127 166 62
127 179 238
127 182 121
127 195 54
127 199 234
128 149 143
128 162 63
128 171 124
128 184 124
128 196 135
129 134 73
129 143 103
129 149 99
129 158 158
129 160 75
129 170 43
129 189 99
129 192 163
129 193 112
130 137 43
130 164 147
130 167 171
130 168 45
130 169 136
130 187 110
130 194 163
131 147 110
131 156 99
131 175 58
131 191 152
132 146 165
132 165 181
132 177 139
132 178 169
132 183 199
132 198 140
133 135 78
133 152 148
133 197 103
134 143 57
134 149 156
134 158 106
134 160 29
134 170 114
134 181 148
134 189 61
135 138 142
135 142 136
135 152 100
135 159 162
135 174 159
135 197 78
136 147 106
136 149 124
136 153 118
136 170 135
136 193 95
136 196 119
137 164 104
137 167 136
137 168 42
137 187 153
137 194 159
138 142 139
138 152 112
138 159 38
138 169 115
138 174 80
138 186 134
138 187 96
139 200 107
140 173 167
140 177 156
140 178 133
140 185 144
140 188 122
140 198 156
141 156 119
141 180 122
141 188 92
141 190 216
141 192 172
142 144 72
142 152 39
142 169 113
142 186 78
142 197 68
143 158 54
143 160 86
143 170 133
143 189 11
143 192 141
144 152 112
144 169 126
144 172 148
144 186 82
144 200 111
145 155 215
145 157 237
145 161 78
145 166 77
145 182 96
145 195 73
145 199 208
146 165 150
146 183 236
147 156 136
147 170 132
147 175 71
147 193 63
148 151 220
148 157 249
148 176 147
148 179 220
148 180 144
148 190 16
149 160 140
149 162 107
149 170 97
149 193 131
149 196 106
150 153 65
150 196 153
151 157 85
151 166 241
151 176 102
151 179 61
151 190 234
152 159 149
152 169 123
152 174 176
152 186 99
152 187 155
152 197 48
153 196 95
154 163 131
154 164 186
154 167 125
154 172 150
154 183 210
154 194 19
155 161 161
155 173 80
155 182 120
155 199 22
156 175 71
156 180 169
156 188 166
156 192 117
157 166 172
157 176 173
157 179 33
157 195 185
158 160 133
158 189 59
158 192 152
159 169 146
159 174 49
159 186 170
159 187 113
160 162 160
160 170 118
160 171 146
160 181 123
160 184 131
160 189 91
161 166 155
161 182 46
161 195 150
161 199 148
162 171 77
162 181 137
162 184 70
162 196 148
163 172 58
163 194 131
164 167 78
164 168 132
164 183 171
164 194 186
165 167 205
165 183 96
166 179 182
166 182 172
166 195 14
167 168 176
167 183 123
167 194 132
168 169 175
168 187 138
169 174 194
169 186 44
169 187 58
170 189 126
170 192 150
170 193 69
171 181 67
171 184 16
172 194 142
173 199 82
174 187 162
175 192 146
175 193 121
176 179 140
176 190 157
177 178 54
177 185 153
177 198 0
178 185 99
178 198 54
179 190 235
179 195 196
180 190 128
180 192 124
181 184 67
182 195 170
182 199 112
185 198 153
186 187 101
186 197 143
189 192 130
191 200 40
192 193 150
