100 598
1 12 123
1 19 132
1 23 149
1 41 193
1 55 132
1 65 143
1 69 64
1 75 31
1 79 159
1 84 132
1 86 126
2 4 136
2 5 130
2 9 133
2 20 117
2 39 168
2 51 220
2 56 134
2 74 181
2 81 188
2 99 141
3 14 187
3 16 269
3 29 229
3 40 335
3 47 133
3 70 203
3 77 158
3 80 21
3 83 333
3 92 329
4 5 223
4 9 238
4 20 56
4 25 207
4 51 228
4 56 219
4 81 86
4 93 175
4 99 221
5 9 23
5 20 231
5 29 368
5 39 40
5 46 165
5 51 142
5 56 13
5 70 351
5 74 65
5 81 226
5 99 22
6 7 127
6 13 151
6 15 22
6 16 206
6 42 48
6 67 82
6 73 162
6 76 185
6 78 278
6 85 157
6 92 165
6 94 68
6 97 178
7 13 25
7 15 137
7 16 221
7 42 146
7 58 108
7 67 195
7 73 68
7 76 256
7 85 31
7 92 145
7 94 78
7 95 89
7 97 54
8 18 62
8 31 36
8 33 139
8 35 157
8 52 158
8 60 155
8 63 155
8 64 90
8 66 158
8 68 153
8 89 113
9 20 241
9 29 346
9 39 35
9 46 180
9 47 398
9 51 165
9 56 37
9 70 329
9 74 49
9 77 284
9 99 45
10 17 196
10 23 50
10 34 249
10 37 125
10 49 127
10 53 117
10 62 143
10 65 40
10 71 137
10 79 27
10 87 124
10 91 154
10 98 190
11 12 111
11 25 88
11 26 113
11 30 105
11 35 145
11 41 105
11 48 105
11 51 154
11 55 111
11 81 212
11 82 133
11 93 272
11 96 93
12 25 183
12 41 85
12 46 168
12 51 184
12 55 55
12 69 128
12 75 93
12 96 108
13 15 162
13 27 210
13 42 166
13 58 99
13 62 169
13 67 215
13 73 74
13 85 6
13 88 199
13 92 162
13 94 97
13 95 82
13 97 40
14 29 258
14 39 252
14 40 231
14 47 225
14 70 223
14 74 235
14 77 84
14 80 167
14 83 187
15 16 187
15 42 68
15 67 94
15 73 162
15 76 203
15 78 296
15 85 168
15 92 152
15 94 87
15 97 184
16 40 167
16 47 396
16 58 214
16 73 175
16 80 257
16 83 234
16 92 79
16 95 207
16 97 227
17 28 115
17 34 70
17 49 68
17 50 228
17 53 167
17 62 206
17 71 76
17 90 212
17 91 198
17 98 11
17 100 134
18 26 142
18 31 79
18 33 201
18 35 107
18 48 160
18 60 148
18 63 139
18 64 38
18 68 211
18 82 133
18 89 143
19 40 168
19 58 112
19 65 144
19 69 116
19 75 154
19 79 156
19 83 170
19 84 6
19 85 162
19 86 17
19 95 126
19 97 138
20 25 260
20 51 266
20 56 230
20 81 142
20 93 219
20 99 234
21 22 130
21 33 128
21 38 201
21 43 209
21 54 214
21 57 152
21 61 137
21 66 232
21 68 127
21 72 193
22 33 228
22 38 100
22 43 157
22 44 226
22 54 84
22 57 142
22 61 30
22 68 253
22 72 63
23 24 145
23 36 140
23 37 92
23 53 107
23 65 59
23 71 159
23 79 59
23 87 86
24 32 107
24 36 73
24 37 76
24 44 167
24 45 87
24 52 102
24 53 127
24 60 142
24 66 134
24 87 67
24 89 145
25 26 159
25 30 108
25 41 132
25 46 188
25 48 139
25 51 112
25 81 125
25 82 166
25 93 211
25 96 181
26 30 69
26 35 39
26 48 25
26 60 146
26 63 246
26 64 146
26 82 28
26 93 245
26 96 106
27 28 146
27 50 134
27 59 27
27 62 151
27 67 237
27 76 182
27 78 209
27 88 48
27 91 136
27 94 190
28 34 182
28 49 110
28 50 154
28 59 155
28 62 118
28 71 151
28 88 107
28 91 103
28 98 104
29 39 337
29 47 102
29 70 35
29 74 308
29 77 173
29 80 231
30 35 107
30 48 44
30 64 188
30 81 179
30 82 63
30 93 185
30 96 151
31 33 137
31 35 184
31 60 191
31 63 129
31 64 93
31 66 183
31 68 133
31 89 146
32 35 152
32 36 89
32 45 126
32 52 32
32 55 164
32 60 35
32 66 120
32 89 78
32 96 134
33 45 185
33 52 198
33 54 311
33 57 150
33 61 219
33 63 254
33 66 129
33 68 72
33 72 289
33 89 149
34 37 242
34 49 128
34 53 189
34 71 113
34 90 146
34 98 81
34 100 75
35 48 63
35 60 117
35 63 224
35 64 118
35 82 49
35 93 273
35 96 112
36 37 118
36 45 148
36 52 107
36 55 139
36 60 113
36 75 167
36 87 102
36 96 147
37 44 177
37 45 141
37 53 54
37 65 149
37 71 145
37 79 145
37 87 17
37 100 228
38 43 83
38 44 153
38 54 109
38 57 113
38 61 74
38 72 96
38 90 188
38 100 243
39 41 235
39 46 154
39 47 381
39 51 155
39 56 46
39 70 318
39 74 29
39 77 259
39 99 48
40 58 86
40 73 105
40 80 315
40 83 84
40 84 164
40 85 171
40 92 112
40 95 95
40 97 137
41 46 95
41 51 99
41 55 132
41 69 172
41 75 162
41 96 163
41 99 210
42 59 225
42 67 48
42 73 195
42 76 136
42 78 229
42 85 172
42 94 69
42 97 200
43 44 71
43 45 166
43 54 190
43 57 66
43 61 127
43 66 183
43 72 175
43 90 182
43 100 210
44 45 109
44 53 177
44 54 262
44 57 101
44 61 196
44 66 146
44 72 247
44 87 187
44 90 190
44 100 188
45 52 99
45 57 152
45 66 61
45 87 141
45 89 108
46 51 89
46 56 154
46 74 174
46 99 145
47 70 86
47 74 353
47 77 149
47 80 140
48 60 170
48 63 253
48 64 159
48 82 29
48 93 223
48 96 119
49 50 256
49 53 121
49 62 159
49 71 42
49 79 148
49 88 207
49 91 156
49 98 63
49 100 172
50 59 113
50 62 238
50 78 232
50 88 147
50 91 221
50 98 221
51 56 129
51 74 184
51 81 175
51 99 120
52 60 58
52 66 88
52 87 169
52 89 52
52 96 166
53 65 152
53 71 92
53 79 143
53 87 70
53 90 245
53 98 169
53 100 181
54 57 202
54 61 93
54 72 22
54 90 263
55 60 154
55 69 160
55 75 108
55 96 63
56 74 73
56 81 217
56 99 9
57 61 116
57 66 146
57 68 210
57 72 182
57 90 248
58 73 60
58 83 142
58 84 110
58 85 95
58 86 125
58 92 138
58 95 19
58 97 58
59 62 175
59 76 176
59 78 191
59 88 70
59 91 160
59 94 210
60 64 182
60 66 142
60 82 165
60 89 87
60 96 112
61 68 251
61 72 71
62 65 144
62 79 135
62 85 166
62 88 106
62 91 17
62 98 195
63 64 109
63 68 220
63 82 225
64 68 226
64 82 130
64 89 182
65 69 187
65 79 15
65 84 149
65 86 126
65 87 145
65 91 158
66 68 199
66 89 65
67 76 116
67 78 207
67 85 221
67 94 118
68 89 206
69 75 60
69 83 176
69 84 113
69 86 119
70 74 288
70 77 138
70 80 203
71 87 160
71 90 218
71 98 76
71 100 139
72 90 263
73 83 182
73 85 75
73 92 96
73 94 136
73 95 42
73 97 51
74 77 235
74 99 76
75 84 152
75 86 150
75 96 171
76 78 93
76 88 227
76 94 181
77 80 143
77 83 272
78 88 258
78 94 269
79 84 161
79 86 139
79 87 142
79 91 149
80 83 312
80 92 314
81 93 140
81 99 215
82 93 224
82 96 134
83 84 164
83 86 187
83 92 194
83 95 159
84 86 22
84 95 125
84 97 139
85 88 199
85 91 174
85 92 164
85 94 103
85 95 79
85 97 37
86 95 138
86 97 145
88 91 90
88 94 203
90 98 223
90 100 80
91 98 187
92 95 129
92 97 147
94 95 166
94 97 132
95 97 42
98 100 145
