200 1612
1 2 115
1 40 147
1 46 33
1 48 74
1 88 46
1 92 123
1 103 86
1 112 27
1 127 153
1 161 164
1 185 158
1 190 109
1 192 136
1 195 159
2 15 141
2 40 64
2 46 85
2 48 138
2 72 171
2 88 95
2 109 122
2 112 109
2 127 94
2 141 158
2 174 172
2 185 85
2 190 123
3 20 86
3 27 115
3 35 78
3 41 118
3 50 70
3 71 14
3 87 95
3 104 78
3 121 111
3 158 96
3 170 132
3 191 82
3 193 107
3 197 160
4 18 136
4 23 95
4 25 148
4 36 113
4 66 133
4 69 112
4 95 82
4 99 5
4 102 133
4 129 160
4 136 83
4 139 70
4 140 167
4 142 92
4 163 62
4 184 170
4 196 123
5 29 81
5 44 76
5 51 137
5 84 140
5 94 165
5 100 223
5 108 137
5 114 225
5 115 97
5 126 149
5 157 92
5 180 85
5 189 223
5 194 226
6 11 144
6 13 106
6 30 80
6 32 148
6 55 163
6 58 51
6 78 188
6 81 185
6 97 90
6 116 47
6 141 113
6 143 102
6 173 110
6 187 103
7 12 116
7 16 73
7 17 121
7 22 32
7 51 98
7 68 76
7 77 116
7 83 92
7 91 33
7 98 54
7 100 58
7 126 101
7 135 171
7 145 55
7 157 145
7 164 133
7 189 52
8 9 59
8 10 131
8 34 54
8 35 97
8 50 104
8 53 104
8 64 72
8 71 150
8 87 117
8 96 10
8 104 91
8 120 122
8 121 131
8 131 96
8 138 115
8 153 117
8 154 114
8 158 109
8 167 68
8 170 82
8 172 90
8 188 36
8 191 105
8 193 116
9 34 28
9 35 87
9 50 125
9 53 90
9 80 95
9 87 86
9 96 67
9 104 86
9 131 71
9 153 64
9 158 80
9 167 11
9 172 101
9 188 90
9 195 147
10 14 90
10 52 158
10 60 193
10 64 69
10 67 147
10 96 122
10 120 14
10 121 134
10 138 111
10 154 26
10 165 115
10 168 69
10 170 102
10 175 230
10 178 108
10 188 105
10 193 131
11 13 65
11 30 131
11 32 120
11 33 97
11 43 70
11 72 157
11 86 159
11 93 154
11 97 98
11 116 102
11 124 137
11 128 128
11 137 121
11 141 146
11 143 50
11 147 127
11 150 128
11 173 36
11 187 200
12 16 100
12 17 121
12 22 104
12 47 206
12 56 112
12 68 158
12 76 207
12 77 33
12 83 46
12 91 132
12 98 63
12 100 112
12 107 160
12 119 164
12 135 125
12 145 61
12 164 97
12 171 128
12 182 113
12 186 143
12 189 111
13 30 67
13 32 66
13 33 162
13 43 115
13 58 145
13 97 33
13 116 59
13 124 139
13 128 111
13 141 159
13 143 21
13 150 127
13 173 37
13 187 137
14 52 178
14 60 205
14 64 129
14 67 169
14 96 144
14 120 79
14 138 56
14 154 71
14 159 146
14 165 26
14 168 41
14 171 107
14 172 131
14 178 112
14 182 114
14 188 117
15 19 110
15 39 165
15 45 91
15 57 128
15 72 143
15 82 134
15 106 162
15 109 79
15 111 142
15 123 113
15 127 61
15 132 160
15 146 117
15 156 176
15 174 61
15 185 59
16 17 48
16 22 40
16 44 173
16 51 106
16 56 141
16 68 148
16 77 78
16 83 108
16 91 106
16 98 55
16 100 20
16 115 155
16 126 146
16 145 69
16 157 167
16 162 68
16 189 24
16 194 77
17 22 88
17 37 120
17 42 183
17 51 131
17 56 118
17 77 90
17 98 96
17 100 64
17 114 160
17 115 155
17 145 110
17 161 161
17 162 23
17 166 128
17 171 164
17 182 154
17 189 69
17 194 39
18 23 41
18 25 118
18 36 50
18 59 182
18 66 120
18 69 160
18 90 194
18 99 132
18 136 65
18 163 125
18 184 136
18 196 18
18 198 203
19 24 121
19 28 163
19 45 145
19 57 20
19 82 60
19 106 53
19 110 134
19 111 159
19 113 139
19 123 27
19 127 128
19 151 171
19 174 52
19 185 140
19 192 142
20 26 165
20 27 78
20 35 133
20 41 45
20 50 153
20 71 98
20 85 119
20 87 124
20 104 139
20 158 130
20 160 204
20 183 125
20 191 167
20 197 82
21 38 91
21 55 186
21 61 33
21 70 75
21 74 80
21 81 175
21 85 184
21 122 74
21 134 52
21 149 124
21 160 94
21 177 83
21 183 190
21 197 205
22 51 93
22 68 108
22 77 96
22 83 95
22 91 65
22 98 42
22 100 26
22 126 116
22 145 51
22 157 149
22 162 107
22 189 21
22 194 113
23 25 113
23 36 39
23 59 175
23 66 109
23 69 135
23 99 91
23 136 31
23 139 166
23 142 175
23 163 90
23 184 135
23 196 29
24 28 159
24 31 194
24 57 101
24 65 138
24 75 147
24 82 141
24 105 155
24 106 78
24 110 104
24 113 22
24 123 117
24 133 138
24 148 188
24 151 139
24 176 142
24 179 149
24 199 163
25 36 151
25 59 64
25 66 18
25 69 77
25 79 97
25 90 75
25 99 143
25 136 141
25 155 149
25 184 23
25 196 103
25 198 87
26 27 89
26 35 166
26 38 175
26 41 125
26 74 162
26 78 121
26 80 103
26 85 90
26 87 128
26 134 189
26 153 156
26 158 134
26 183 76
26 195 154
26 197 120
27 35 109
27 41 49
27 50 156
27 71 119
27 80 143
27 85 82
27 87 80
27 104 118
27 158 88
27 183 78
27 197 74
28 42 51
28 57 160
28 82 115
28 106 125
28 110 54
28 113 179
28 114 87
28 123 184
28 161 131
28 166 159
28 179 189
28 192 117
29 44 79
29 51 168
29 84 74
29 94 114
29 108 102
29 114 167
29 115 94
29 126 205
29 157 149
29 179 189
29 180 32
29 181 177
29 194 210
30 32 73
30 55 141
30 58 97
30 81 161
30 97 34
30 116 56
30 128 148
30 141 178
30 143 81
30 150 173
30 173 97
30 187 69
31 54 112
31 65 57
31 75 144
31 89 79
31 105 200
31 113 173
31 130 186
31 133 76
31 148 22
31 151 115
31 152 81
31 169 172
31 176 215
32 43 142
32 55 189
32 58 170
32 81 207
32 97 59
32 116 108
32 124 118
32 128 77
32 143 87
32 150 106
32 173 101
32 187 127
33 43 89
33 63 156
33 72 90
33 86 63
33 93 88
33 109 159
33 132 127
33 137 24
33 143 146
33 147 32
33 155 124
33 173 131
34 35 112
34 53 64
34 64 126
34 80 108
34 87 114
34 96 59
34 104 110
34 131 48
34 153 64
34 158 108
34 167 28
34 172 72
34 188 75
34 195 147
35 41 141
35 50 58
35 71 66
35 80 142
35 87 37
35 96 106
35 104 9
35 121 118
35 158 32
35 167 95
35 170 104
35 183 186
35 191 74
35 193 105
35 197 179
36 66 148
36 69 173
36 95 191
36 99 110
36 136 30
36 139 180
36 142 177
36 163 83
36 184 172
36 196 53
37 42 146
37 56 98
37 77 159
37 92 109
37 103 145
37 114 158
37 159 104
37 161 65
37 162 110
37 166 30
37 171 135
37 182 137
37 194 118
38 55 151
38 58 163
38 61 123
38 70 150
38 74 56
38 81 150
38 85 150
38 122 60
38 134 61
38 149 215
38 160 140
38 177 174
38 183 148
38 187 187
39 45 76
39 54 164
39 63 168
39 86 177
39 102 178
39 111 27
39 123 163
39 125 75
39 129 227
39 130 194
39 132 107
39 140 154
39 146 66
39 151 150
39 156 21
40 46 114
40 48 136
40 72 179
40 78 142
40 88 144
40 109 152
40 112 130
40 127 156
40 141 108
40 185 145
40 190 98
40 195 137
41 50 175
41 70 224
41 71 127
41 74 179
41 85 74
41 87 120
41 104 149
41 158 128
41 160 175
41 183 79
41 197 42
42 82 154
42 106 175
42 110 104
42 114 48
42 115 192
42 161 96
42 162 159
42 166 117
42 180 190
42 192 128
42 194 149
43 59 179
43 79 145
43 86 136
43 90 170
43 93 99
43 97 147
43 116 167
43 124 93
43 128 106
43 137 104
43 143 110
43 147 105
43 150 90
43 155 99
43 173 101
43 198 170
44 51 89
44 84 153
44 100 161
44 108 177
44 114 158
44 115 20
44 126 132
44 157 83
44 162 166
44 180 53
44 189 163
44 194 150
45 57 154
45 72 140
45 86 160
45 109 114
45 111 59
45 123 130
45 125 139
45 127 152
45 132 93
45 146 32
45 156 86
45 174 123
45 185 148
46 48 69
46 53 176
46 88 49
46 92 154
46 103 113
46 112 25
46 127 140
46 185 141
46 190 88
46 192 152
46 195 143
47 52 159
47 60 129
47 67 168
47 76 10
47 83 183
47 107 76
47 119 41
47 135 88
47 145 224
47 164 126
47 175 107
47 178 187
47 186 76
48 53 113
48 78 164
48 80 147
48 88 114
48 92 137
48 103 91
48 112 49
48 131 115
48 153 119
48 190 51
48 195 89
49 62 30
49 73 93
49 75 174
49 101 51
49 105 159
49 117 87
49 118 144
49 144 119
49 152 201
49 169 108
49 176 179
49 181 166
49 199 164
49 200 144
50 64 101
50 71 56
50 87 95
50 96 110
50 104 50
50 121 60
50 158 90
50 170 62
50 191 17
50 193 48
51 68 150
51 91 117
51 98 136
51 100 88
51 115 79
51 126 63
51 157 61
51 162 133
51 180 142
51 189 87
51 194 125
52 60 35
52 67 11
52 76 169
52 107 114
52 119 161
52 120 166
52 154 175
52 168 138
52 175 72
52 178 65
52 186 136
53 80 133
53 92 123
53 96 104
53 103 103
53 112 151
53 131 24
53 138 115
53 153 77
53 159 137
53 167 85
53 172 40
53 188 103
53 190 146
53 195 136
54 65 119
54 89 189
54 102 165
54 111 170
54 125 177
54 129 169
54 130 90
54 133 170
54 140 130
54 148 91
54 151 93
54 156 172
55 58 124
55 61 199
55 74 204
55 81 21
55 97 175
55 116 179
55 122 115
55 134 197
55 149 285
55 177 249
55 187 71
56 77 89
56 92 128
56 98 149
56 159 88
56 161 163
56 162 128
56 165 130
56 166 127
56 171 48
56 182 42
56 194 145
57 82 69
57 106 40
57 110 125
57 111 160
57 113 118
57 123 24
57 127 149
57 151 156
57 174 72
57 192 154
58 78 185
58 81 144
58 97 120
58 116 90
58 122 173
58 141 154
58 143 146
58 173 157
58 187 80
59 63 156
59 66 66
59 69 83
59 79 34
59 90 12
59 93 130
59 124 175
59 155 90
59 184 49
59 196 167
59 198 32
60 67 46
60 76 140
60 107 100
60 119 139
60 120 200
60 135 183
60 168 167
60 175 37
60 178 94
60 186 121
61 70 70
61 74 111
61 81 185
61 85 212
61 122 95
61 134 84
61 149 94
61 160 105
61 177 54
61 183 219
61 197 229
62 73 80
62 75 204
62 101 32
62 105 190
62 117 64
62 118 173
62 144 112
62 152 225
62 169 133
62 176 209
62 181 191
62 199 193
62 200 174
63 69 100
63 79 144
63 86 102
63 90 161
63 93 96
63 95 145
63 102 181
63 125 113
63 132 112
63 137 133
63 139 142
63 140 190
63 147 124
63 155 121
63 156 147
63 198 182
64 96 66
64 104 122
64 120 66
64 121 90
64 138 118
64 154 64
64 165 155
64 168 127
64 170 41
64 188 61
64 191 90
64 193 80
65 75 125
65 89 89
65 105 175
65 113 118
65 130 207
65 133 54
65 148 50
65 151 74
65 152 109
65 169 184
65 176 184
65 200 194
66 69 60
66 79 97
66 90 79
66 99 128
66 136 134
66 155 144
66 163 172
66 184 37
66 196 103
66 198 94
67 76 179
67 107 120
67 119 169
67 120 155
67 154 164
67 165 176
67 168 128
67 175 83
67 178 57
67 186 141
68 76 222
68 83 116
68 91 43
68 98 113
68 100 134
68 126 117
68 135 152
68 145 105
68 157 174
68 164 121
68 189 129
69 79 95
69 90 94
69 93 133
69 95 155
69 99 108
69 136 150
69 139 145
69 142 193
69 155 120
69 163 168
69 184 89
69 196 142
69 198 116
70 74 110
70 81 250
70 85 179
70 122 148
70 134 90
70 149 90
70 160 48
70 177 63
70 183 189
70 197 184
71 87 88
71 104 66
71 121 100
71 158 88
71 170 118
71 191 69
71 193 95
71 197 169
72 86 97
72 93 164
72 109 68
72 127 171
72 132 105
72 137 90
72 141 154
72 146 130
72 147 96
72 185 155
73 94 190
73 101 48
73 105 217
73 108 205
73 117 35
73 118 192
73 144 35
73 169 200
73 176 230
73 181 181
73 199 210
73 200 198
74 81 201
74 85 110
74 122 98
74 134 27
74 149 190
74 160 88
74 177 152
74 183 113
74 197 138
75 89 75
75 101 221
75 105 55
75 113 127
75 118 83
75 133 73
75 148 157
75 152 101
75 169 95
75 176 75
75 179 125
75 181 148
75 199 85
75 200 71
76 83 182
76 107 85
76 119 44
76 135 87
76 164 124
76 175 117
76 178 197
76 186 82
77 83 73
77 91 139
77 98 62
77 100 95
77 135 158
77 145 67
77 162 112
77 164 129
77 171 116
77 182 101
77 186 175
77 189 95
77 194 129
78 80 107
78 112 198
78 131 196
78 141 159
78 153 148
78 167 191
78 183 192
78 190 117
78 195 82
79 90 27
79 93 100
79 124 149
79 128 190
79 147 168
79 150 158
79 155 57
79 184 84
79 198 40
80 87 113
80 131 110
80 153 55
80 158 114
80 167 86
80 183 174
80 190 129
80 195 74
81 97 195
81 116 201
81 122 107
81 134 191
81 149 268
81 177 233
81 187 93
82 88 165
82 106 63
82 110 103
82 113 162
82 123 86
82 127 122
82 174 74
82 185 138
82 192 85
83 91 97
83 98 55
83 100 112
83 107 153
83 119 142
83 135 95
83 145 43
83 164 60
83 182 158
83 186 133
83 189 109
84 94 46
84 105 194
84 108 57
84 115 167
84 118 171
84 144 209
84 176 176
84 179 133
84 180 102
84 181 106
84 199 164
84 200 183
85 87 160
85 122 205
85 134 134
85 149 270
85 158 168
85 160 133
85 177 239
85 183 13
85 197 42
86 93 76
86 109 154
86 125 164
86 132 71
86 137 38
86 146 133
86 147 32
86 155 122
86 156 163
87 104 46
87 153 125
87 158 7
87 167 90
87 183 154
87 191 112
87 197 154
88 92 158
88 103 127
88 112 65
88 127 109
88 161 160
88 174 167
88 185 116
88 190 137
88 192 103
89 105 130
89 113 159
89 118 155
89 133 46
89 148 97
89 151 164
89 152 31
89 169 97
89 176 150
89 199 160
89 200 143
90 93 127
90 124 163
90 150 173
90 155 85
90 184 59
90 196 179
90 198 22
91 98 77
91 100 91
91 126 100
91 135 160
91 145 72
91 157 153
91 164 124
91 189 86
92 103 46
92 112 133
92 138 142
92 159 45
92 161 137
92 166 127
92 171 126
92 172 121
92 182 138
93 124 165
93 132 140
93 137 76
93 147 68
93 150 168
93 155 46
93 198 140
94 101 214
94 105 186
94 108 37
94 117 224
94 118 158
94 144 163
94 176 173
94 179 140
94 180 145
94 181 92
94 199 157
94 200 171
95 99 87
95 102 54
95 125 121
95 129 99
95 130 152
95 136 162
95 139 12
95 140 85
95 142 56
95 156 176
95 163 119
96 104 100
96 120 113
96 121 132
96 131 98
96 138 105
96 153 123
96 154 105
96 158 120
96 167 77
96 168 160
96 170 81
96 172 85
96 188 26
96 191 109
96 193 118
97 116 49
97 124 159
97 128 124
97 141 167
97 143 49
97 150 147
97 173 65
97 187 104
98 100 57
98 126 154
98 135 149
98 145 14
98 162 119
98 164 112
98 182 164
98 189 54
98 194 130
99 102 138
99 129 165
99 136 80
99 139 74
99 140 172
99 142 98
99 163 64
99 184 165
99 196 118
100 115 143
100 126 125
100 145 69
100 157 148
100 162 81
100 189 5
100 194 86
101 105 199
101 117 36
101 118 178
101 144 80
101 169 159
101 176 216
101 181 184
101 199 197
101 200 181
102 125 118
102 129 59
102 130 97
102 139 66
102 140 35
102 142 65
102 156 166
102 163 156
103 112 90
103 131 122
103 159 89
103 161 158
103 166 157
103 172 117
103 190 143
104 121 110
104 158 40
104 167 95
104 170 94
104 191 66
104 193 96
105 113 141
105 117 232
105 118 30
105 133 126
105 144 221
105 148 211
105 152 153
105 169 117
105 176 26
105 179 76
105 181 93
105 199 29
105 200 20
106 110 86
106 113 99
106 123 64
106 127 172
106 151 172
106 174 102
106 192 145
107 119 54
107 135 86
107 164 115
107 168 170
107 175 102
107 178 120
107 186 21
108 115 194
108 117 241
108 118 196
108 144 175
108 179 175
108 180 135
108 181 130
108 199 194
108 200 208
109 111 173
109 127 102
109 132 131
109 137 156
109 141 173
109 146 121
109 147 161
109 174 141
109 185 87
110 113 125
110 114 131
110 123 150
110 174 172
110 176 181
110 179 155
110 192 143
111 123 136
111 125 103
111 132 115
111 140 177
111 146 62
111 151 140
111 156 47
111 174 157
112 127 164
112 131 158
112 190 81
112 192 162
112 195 132
113 118 167
113 123 131
113 133 116
113 148 168
113 151 128
113 152 190
113 176 132
113 179 146
113 199 152
113 200 161
114 115 145
114 161 125
114 162 136
114 166 133
114 180 144
114 192 176
114 194 122
115 126 130
115 157 88
115 162 145
115 180 64
115 189 146
115 194 129
116 128 169
116 141 122
116 143 56
116 173 66
116 187 109
117 118 210
117 144 69
117 169 195
117 176 247
117 181 207
117 199 228
117 200 213
118 133 155
118 144 193
118 152 176
118 169 125
118 176 37
118 179 70
118 181 66
118 199 20
118 200 12
119 135 51
119 145 184
119 164 88
119 175 127
119 178 174
119 186 43
120 121 139
120 138 97
120 154 12
120 165 105
120 168 64
120 170 103
120 175 237
120 178 112
120 188 94
120 193 134
121 170 52
121 188 142
121 191 43
121 193 15
122 134 84
122 149 189
122 160 158
122 177 150
122 187 170
123 127 143
123 146 161
123 151 146
123 174 66
123 185 153
124 128 41
124 143 149
124 150 12
124 155 136
124 173 151
124 198 150
125 129 175
125 130 168
125 132 114
125 139 128
125 140 106
125 142 171
125 146 115
125 156 56
126 145 157
126 157 57
126 180 185
126 189 122
127 174 77
127 185 16
127 192 128
128 143 125
128 150 31
128 155 171
128 173 131
128 198 192
129 130 81
129 136 218
129 139 108
129 140 73
129 142 68
129 156 218
129 163 159
130 139 163
130 140 73
130 142 143
130 148 170
130 151 180
130 156 192
131 138 131
131 153 54
131 159 161
131 167 64
131 172 57
131 188 104
131 190 140
131 195 121
132 137 105
132 146 63
132 147 102
132 156 96
133 148 85
133 151 125
133 152 75
133 169 133
133 176 139
133 179 184
133 199 154
133 200 143
134 149 165
134 160 80
134 177 126
134 183 138
134 197 158
135 145 136
135 164 38
135 175 176
135 186 65
136 139 150
136 142 151
136 163 60
136 184 164
136 196 59
137 143 171
137 146 162
137 147 8
137 155 117
137 173 155
138 154 85
138 159 117
138 165 66
138 168 93
138 171 113
138 172 75
138 178 166
138 182 126
138 188 80
139 140 98
139 142 57
139 163 109
140 142 100
140 148 222
140 156 145
141 143 141
141 173 134
142 163 94
143 150 138
143 173 16
143 187 149
144 169 221
144 181 170
144 199 209
144 200 201
145 162 133
145 164 98
145 189 66
146 147 161
146 156 68
146 174 155
147 155 111
147 173 162
148 151 94
148 152 103
148 169 193
149 160 138
149 177 40
149 183 280
149 197 273
150 155 142
150 173 140
150 198 161
151 152 183
151 156 167
152 169 92
152 176 176
152 199 183
152 200 164
153 158 122
153 167 53
153 172 111
153 190 122
153 195 83
154 165 98
154 168 63
154 170 103
154 172 138
154 178 118
154 188 84
154 193 137
155 184 140
155 198 95
157 180 133
157 189 147
158 167 85
158 183 162
158 191 106
158 197 162
159 161 152
159 165 131
159 166 130
159 171 80
159 172 121
159 182 93
160 177 112
160 183 144
160 197 135
161 162 143
161 166 37
161 192 106
161 194 144
162 166 113
162 180 195
162 189 87
162 194 18
163 196 119
164 175 211
164 186 94
165 168 58
165 171 82
165 172 139
165 178 119
165 182 88
165 188 138
166 171 165
166 192 143
166 194 117
167 172 100
167 188 97
167 195 136
168 171 139
168 175 201
168 178 73
168 182 143
168 188 135
169 176 144
169 181 183
169 199 140
169 200 115
170 188 89
170 191 49
170 193 40
171 172 161
171 182 15
172 188 75
173 187 165
174 185 88
174 192 131
175 178 129
175 186 122
176 179 51
176 181 82
176 199 20
176 200 35
177 183 247
177 197 246
178 186 137
179 181 65
179 199 52
179 200 77
180 194 177
181 199 65
181 200 78
183 197 53
184 196 122
184 198 67
185 192 144
188 191 126
188 193 129
189 194 91
190 195 56
191 193 31
196 198 189
199 200 24
