200 1657
1 25 161
1 27 151
1 30 110
1 35 17
1 43 143
1 89 118
1 91 90
1 97 178
1 99 110
1 104 138
1 135 132
1 148 126
1 156 120
1 163 89
1 170 83
1 179 135
1 192 163
2 20 75
2 26 131
2 33 68
2 41 152
2 53 114
2 64 67
2 70 34
2 78 110
2 87 149
2 101 149
2 103 142
2 129 141
2 134 156
2 151 123
2 172 15
3 8 73
3 32 117
3 48 127
3 49 27
3 55 122
3 57 60
3 98 114
3 106 101
3 109 131
3 111 100
3 119 79
3 124 42
3 125 134
3 139 68
3 143 74
3 153 47
3 178 108
3 198 132
4 14 156
4 16 136
4 17 141
4 94 113
4 105 20
4 113 155
4 117 191
4 120 146
4 133 144
4 135 166
4 156 185
4 171 107
4 175 177
4 181 101
4 192 183
5 37 115
5 38 73
5 48 94
5 52 116
5 56 125
5 69 110
5 76 161
5 77 122
5 79 79
5 95 140
5 106 129
5 109 40
5 122 77
5 125 47
5 139 109
5 160 67
5 185 31
6 19 80
6 22 216
6 51 222
6 58 230
6 63 58
6 67 227
6 110 174
6 112 177
6 118 115
6 128 129
6 138 26
6 162 157
6 187 182
6 197 101
7 21 87
7 24 202
7 66 121
7 74 75
7 78 153
7 126 76
7 131 128
7 134 106
7 140 195
7 145 65
7 173 177
7 174 111
7 190 202
7 194 80
7 199 156
8 32 69
8 49 49
8 57 38
8 65 71
8 102 154
8 106 111
8 108 139
8 114 140
8 116 148
8 119 103
8 124 88
8 139 136
8 143 53
8 153 83
8 178 102
8 180 139
8 198 128
9 25 207
9 31 143
9 36 128
9 42 31
9 61 121
9 68 112
9 72 156
9 86 127
9 88 108
9 93 138
9 96 89
9 141 93
9 144 44
9 149 25
9 164 119
9 169 88
9 183 23
9 184 39
9 186 118
9 193 42
9 196 100
10 12 158
10 14 62
10 22 141
10 32 174
10 75 13
10 94 124
10 114 172
10 117 45
10 121 41
10 137 176
10 158 137
10 166 131
10 175 155
10 177 114
11 12 42
11 23 61
11 27 124
11 28 45
11 62 103
11 71 109
11 80 106
11 107 134
11 137 99
11 148 108
11 157 49
11 159 10
11 166 77
11 191 36
11 195 100
11 200 50
12 23 59
12 27 115
12 28 48
12 32 127
12 43 136
12 75 151
12 121 144
12 137 92
12 148 116
12 157 73
12 159 32
12 166 38
12 175 136
12 177 110
12 178 105
12 191 72
12 200 71
13 29 88
13 31 130
13 59 85
13 93 68
13 100 164
13 141 140
13 144 181
13 149 192
13 161 102
13 164 164
13 168 14
13 169 119
13 184 180
13 193 165
14 22 169
14 27 158
14 43 158
14 75 74
14 94 75
14 105 135
14 117 52
14 120 139
14 121 102
14 137 163
14 166 163
14 175 122
14 177 93
15 26 71
15 39 56
15 41 96
15 55 8
15 62 76
15 71 134
15 98 32
15 101 56
15 111 34
15 119 83
15 124 93
15 129 52
15 153 97
15 157 115
15 195 103
16 17 43
16 89 136
16 97 162
16 99 176
16 105 151
16 113 34
16 133 74
16 135 134
16 156 136
16 163 179
16 171 64
16 181 67
16 192 92
17 89 179
17 97 194
17 99 216
17 105 160
17 113 75
17 120 217
17 133 32
17 135 176
17 156 180
17 171 40
17 181 45
17 192 135
18 53 73
18 54 150
18 64 146
18 68 113
18 100 114
18 103 62
18 130 131
18 140 132
18 151 67
18 164 118
18 167 94
18 186 95
18 189 66
18 190 172
18 196 115
18 199 186
19 34 175
19 45 164
19 51 150
19 58 153
19 63 103
19 67 163
19 110 179
19 118 178
19 128 165
19 138 54
19 162 170
19 187 192
19 197 74
20 26 120
20 33 131
20 41 88
20 53 118
20 61 101
20 64 45
20 70 61
20 86 96
20 87 81
20 101 104
20 129 109
20 151 124
20 172 89
21 24 114
21 66 74
21 74 40
21 84 216
21 95 191
21 126 163
21 131 42
21 134 161
21 145 135
21 155 144
21 165 130
21 173 98
21 176 186
21 194 43
22 63 186
22 75 144
22 94 166
22 112 143
22 114 166
22 116 174
22 117 117
22 118 110
22 121 148
22 128 156
22 158 95
22 162 199
23 28 98
23 32 91
23 62 105
23 98 104
23 119 83
23 121 165
23 143 96
23 157 39
23 159 62
23 166 61
23 178 49
23 191 58
23 200 34
24 66 127
24 73 160
24 74 138
24 84 120
24 131 76
24 132 114
24 136 109
24 142 161
24 147 127
24 150 181
24 155 40
24 165 16
24 173 63
24 176 93
24 188 202
24 194 136
25 30 136
25 35 160
25 36 82
25 42 198
25 72 98
25 88 104
25 96 152
25 104 29
25 107 169
25 170 85
25 179 70
25 183 197
26 33 124
26 39 119
26 41 103
26 55 66
26 70 97
26 98 101
26 101 61
26 111 97
26 129 36
26 139 136
26 172 132
27 28 78
27 43 21
27 91 61
27 94 215
27 120 76
27 135 131
27 137 25
27 148 47
27 159 117
27 163 108
27 166 139
27 175 43
27 177 66
28 43 100
28 80 130
28 91 117
28 107 141
28 137 53
28 148 68
28 157 95
28 159 38
28 166 84
28 175 111
28 177 101
28 191 80
28 200 95
29 59 55
29 93 120
29 100 132
29 141 136
29 144 188
29 161 53
29 164 137
29 167 189
29 168 79
29 169 141
29 184 190
29 189 183
29 193 184
30 35 95
30 89 182
30 91 200
30 97 160
30 99 120
30 104 107
30 135 210
30 156 191
30 163 181
30 170 69
30 179 69
30 192 206
31 42 172
31 59 215
31 88 150
31 93 85
31 141 148
31 144 151
31 149 147
31 161 184
31 168 144
31 169 107
31 183 163
31 184 144
31 193 124
32 49 91
32 57 107
32 65 113
32 75 161
32 114 140
32 119 92
32 121 135
32 124 104
32 143 45
32 153 94
32 157 126
32 166 98
32 178 61
32 200 121
33 52 176
33 64 135
33 69 138
33 70 71
33 78 97
33 101 167
33 122 172
33 129 150
33 134 131
33 145 175
33 172 54
34 45 21
34 47 171
34 51 29
34 58 25
34 63 243
34 67 56
34 82 234
34 110 228
34 138 223
34 152 180
34 154 95
34 162 239
34 197 168
35 43 157
35 89 116
35 91 104
35 97 165
35 99 98
35 104 135
35 135 135
35 148 143
35 156 120
35 163 95
35 170 77
35 179 126
35 192 158
36 42 116
36 72 54
36 88 46
36 96 72
36 104 111
36 107 159
36 149 153
36 170 161
36 179 153
36 183 115
36 184 167
36 193 165
37 38 115
37 40 101
37 48 141
37 50 149
37 52 176
37 56 14
37 60 152
37 73 159
37 76 154
37 77 33
37 79 67
37 85 187
37 90 142
37 92 95
37 109 140
37 122 159
37 146 128
37 160 97
37 182 74
37 185 103
38 48 27
38 56 116
38 69 182
38 77 101
38 79 122
38 81 140
38 92 103
38 106 69
38 109 55
38 122 150
38 125 90
38 139 112
38 180 96
38 185 96
38 198 77
39 41 85
39 55 65
39 62 19
39 71 79
39 80 89
39 98 54
39 101 73
39 107 145
39 111 68
39 129 88
39 157 77
39 191 80
39 195 46
39 200 80
40 44 149
40 47 240
40 50 128
40 56 89
40 60 106
40 77 93
40 79 166
40 81 135
40 85 173
40 90 61
40 92 106
40 115 144
40 123 129
40 146 48
40 182 30
41 55 101
41 62 91
41 64 132
41 70 123
41 71 104
41 80 115
41 86 123
41 87 104
41 98 119
41 101 46
41 129 69
41 172 162
41 195 93
42 61 97
42 68 101
42 72 134
42 86 101
42 87 118
42 88 108
42 96 63
42 144 64
42 149 46
42 169 118
42 183 8
42 184 61
42 186 113
42 193 70
42 196 93
43 89 134
43 91 54
43 94 209
43 120 57
43 135 110
43 137 46
43 148 59
43 156 123
43 159 138
43 163 90
43 175 36
43 177 72
44 46 183
44 47 118
44 77 182
44 81 88
44 82 48
44 83 184
44 90 193
44 92 131
44 115 62
44 123 19
44 146 101
44 152 124
44 154 183
44 182 153
45 47 169
45 51 14
45 58 31
45 67 35
45 82 219
45 110 207
45 138 209
45 152 161
45 154 97
45 162 218
45 187 223
45 197 150
46 65 101
46 81 139
46 82 139
46 83 39
46 102 83
46 108 34
46 110 126
46 114 135
46 115 138
46 116 118
46 127 22
46 152 125
46 162 143
46 180 95
46 187 117
46 198 118
47 51 181
47 58 196
47 67 158
47 81 205
47 82 134
47 115 178
47 123 132
47 146 197
47 152 152
47 154 80
48 49 140
48 56 141
48 57 112
48 77 124
48 92 114
48 106 41
48 109 65
48 125 99
48 139 103
48 180 76
48 185 120
48 198 54
49 57 49
49 65 118
49 98 117
49 106 108
49 111 106
49 119 72
49 124 44
49 139 94
49 143 50
49 153 43
49 178 91
49 198 135
50 56 150
50 60 35
50 73 164
50 76 173
50 77 170
50 79 173
50 85 45
50 90 88
50 132 163
50 136 164
50 142 112
50 146 175
50 150 184
50 182 138
51 58 27
51 63 214
51 67 37
51 110 201
51 138 196
51 152 163
51 154 111
51 162 210
51 187 217
51 197 138
52 69 44
52 73 107
52 76 92
52 79 109
52 95 32
52 109 150
52 122 43
52 125 129
52 132 168
52 160 79
52 185 94
53 54 216
53 61 109
53 64 73
53 68 84
53 70 138
53 78 159
53 86 125
53 87 130
53 103 71
53 130 179
53 140 172
53 151 9
53 167 165
53 172 124
53 186 80
53 189 92
53 190 220
53 196 97
53 199 220
54 100 215
54 103 157
54 126 203
54 130 68
54 140 91
54 151 213
54 161 220
54 167 63
54 174 167
54 189 199
54 190 76
54 199 120
55 62 85
55 98 35
55 101 59
55 111 33
55 119 82
55 124 89
55 129 52
55 139 134
55 153 93
55 178 119
55 195 111
56 60 149
56 77 22
56 79 81
56 81 138
56 90 134
56 92 83
56 123 178
56 146 114
56 160 111
56 182 61
56 185 115
57 65 80
57 106 73
57 108 135
57 119 120
57 124 93
57 139 109
57 143 82
57 153 92
57 180 108
57 198 93
58 63 228
58 67 64
58 110 225
58 138 203
58 152 191
58 154 120
58 162 233
58 197 154
59 93 142
59 100 186
59 141 183
59 144 234
59 161 107
59 164 190
59 167 237
59 168 70
59 169 179
59 184 234
59 193 225
60 73 195
60 77 166
60 79 188
60 85 72
60 90 56
60 132 198
60 136 200
60 142 147
60 146 151
60 150 212
60 182 123
61 64 91
61 68 56
61 86 19
61 87 36
61 96 112
61 149 118
61 151 107
61 183 105
61 186 76
61 189 125
61 196 67
62 71 61
62 80 70
62 98 70
62 101 87
62 107 127
62 111 85
62 129 105
62 157 69
62 159 113
62 191 67
62 195 28
62 200 73
63 102 197
63 110 118
63 112 120
63 116 201
63 118 76
63 128 71
63 138 59
63 158 185
63 162 99
63 187 125
63 197 76
64 68 108
64 70 76
64 78 161
64 86 95
64 87 89
64 103 132
64 151 79
64 172 82
64 186 117
64 196 125
65 83 128
65 102 84
65 106 123
65 108 70
65 114 86
65 116 86
65 127 98
65 143 119
65 158 157
65 180 116
65 198 119
66 74 49
66 84 188
66 126 192
66 131 95
66 145 184
66 155 138
66 165 140
66 173 73
66 174 213
66 176 218
66 188 281
66 194 42
67 82 188
67 110 176
67 138 201
67 152 126
67 154 99
67 162 189
67 187 192
67 197 133
68 86 75
68 87 92
68 100 106
68 103 148
68 144 92
68 149 98
68 151 78
68 164 101
68 183 106
68 184 99
68 186 20
68 189 69
68 193 119
68 196 16
69 73 152
69 76 136
69 79 132
69 95 75
69 109 134
69 122 37
69 125 106
69 139 161
69 160 100
69 185 99
70 78 138
70 86 156
70 87 142
70 101 116
70 129 107
70 151 146
70 172 40
71 72 150
71 80 11
71 98 132
71 101 125
71 107 66
71 157 103
71 159 119
71 191 85
71 195 33
71 200 108
72 80 145
72 86 161
72 87 163
72 88 100
72 96 73
72 104 120
72 107 105
72 170 154
72 179 164
72 183 137
73 76 15
73 79 111
73 85 165
73 95 80
73 122 136
73 132 67
73 136 84
73 142 98
73 147 182
73 150 209
73 160 108
73 165 159
73 176 93
73 185 144
74 78 218
74 126 150
74 131 78
74 134 170
74 145 136
74 155 161
74 165 153
74 173 103
74 174 177
74 194 6
75 94 137
75 114 163
75 117 57
75 121 28
75 137 175
75 158 131
75 166 121
75 175 158
75 177 116
76 79 101
76 85 176
76 95 66
76 122 121
76 132 82
76 136 99
76 142 113
76 147 198
76 160 95
76 176 108
76 185 130
77 79 94
77 81 117
77 90 145
77 92 62
77 109 138
77 115 142
77 123 164
77 146 108
77 160 121
77 182 62
77 185 118
78 103 130
78 126 122
78 130 186
78 134 47
78 140 165
78 145 88
78 151 167
78 172 99
78 174 159
78 190 205
78 199 172
79 90 195
79 95 114
79 109 117
79 122 96
79 125 125
79 160 31
79 182 140
79 185 53
80 98 141
80 101 137
80 107 56
80 157 105
80 159 116
80 191 86
80 195 42
80 200 110
81 82 85
81 90 195
81 92 56
81 115 28
81 123 79
81 146 99
81 152 153
81 180 105
81 182 120
81 198 121
82 83 136
82 92 140
82 108 174
82 115 57
82 123 62
82 127 154
82 146 139
82 152 81
82 154 180
82 180 161
83 102 81
83 108 57
83 110 88
83 112 131
83 114 138
83 115 151
83 116 117
83 127 30
83 128 151
83 152 100
83 154 259
83 162 108
83 180 133
83 187 83
84 131 189
84 132 188
84 136 174
84 142 205
84 147 104
84 150 144
84 155 80
84 165 109
84 173 121
84 176 160
84 188 92
84 194 219
85 90 129
85 132 145
85 136 142
85 142 88
85 147 163
85 150 140
85 176 156
85 182 183
85 188 263
86 87 19
86 96 104
86 151 124
86 183 109
86 186 96
86 196 86
87 96 113
87 151 130
87 183 126
87 186 111
87 196 104
88 96 91
88 104 133
88 144 152
88 149 133
88 170 189
88 179 168
88 183 104
88 184 145
88 193 138
89 91 116
89 97 123
89 99 78
89 113 107
89 120 112
89 133 210
89 135 33
89 156 12
89 163 50
89 171 190
89 175 150
89 181 190
89 192 51
90 92 168
90 123 175
90 146 99
90 182 87
91 99 160
91 104 215
91 120 94
91 135 104
91 137 75
91 148 51
91 156 109
91 163 65
91 170 167
91 175 90
91 177 125
91 179 221
92 106 140
92 115 82
92 123 117
92 146 91
92 180 112
92 182 82
92 198 117
93 100 127
93 141 88
93 144 119
93 149 127
93 161 99
93 164 124
93 168 81
93 169 56
93 184 116
93 193 100
94 105 96
94 117 86
94 120 171
94 121 165
94 171 219
94 175 173
94 177 158
94 181 214
95 122 74
95 125 159
95 131 166
95 132 137
95 136 153
95 142 178
95 160 90
95 176 157
95 185 114
96 104 179
96 107 158
96 144 128
96 149 109
96 179 223
96 183 67
96 184 125
96 193 131
96 196 141
97 99 68
97 113 130
97 133 224
97 135 154
97 156 135
97 163 165
97 170 211
97 171 225
97 192 99
98 101 85
98 111 14
98 119 54
98 124 73
98 129 85
98 143 111
98 153 74
98 157 89
98 178 85
98 195 99
98 200 88
99 104 211
99 113 142
99 133 248
99 135 111
99 156 89
99 163 106
99 170 154
99 179 184
99 192 86
100 141 47
100 144 83
100 149 102
100 161 78
100 164 8
100 167 152
100 168 168
100 169 87
100 184 89
100 186 90
100 189 58
100 193 97
100 196 92
101 111 90
101 129 25
101 172 156
101 195 103
102 108 56
102 110 103
102 112 84
102 114 57
102 116 36
102 118 172
102 127 63
102 128 127
102 158 112
102 162 107
102 187 88
103 126 169
103 130 110
103 134 162
103 140 101
103 145 179
103 151 73
103 167 120
103 172 146
103 174 172
103 186 137
103 189 123
103 190 149
103 199 148
104 107 174
104 170 58
104 179 44
104 183 226
105 113 167
105 117 172
105 120 135
105 133 164
105 135 165
105 171 126
105 175 162
105 177 172
105 181 121
106 109 94
106 125 122
106 139 101
106 180 60
106 198 35
107 148 132
107 157 150
107 159 142
107 170 173
107 179 210
107 191 127
107 195 98
107 200 155
108 110 127
108 112 136
108 114 102
108 116 87
108 127 27
108 152 155
108 162 140
108 180 104
108 187 115
108 198 122
109 122 107
109 125 35
109 139 74
109 160 108
109 185 71
109 198 118
110 112 80
110 116 126
110 118 136
110 127 107
110 128 72
110 138 164
110 152 125
110 154 256
110 162 23
110 187 16
110 197 105
111 119 49
111 124 62
111 129 85
111 139 129
111 143 105
111 153 64
111 157 100
111 178 86
111 200 99
112 114 93
112 116 80
112 118 88
112 127 131
112 128 49
112 138 179
112 158 84
112 162 64
112 187 67
112 197 153
113 133 107
113 135 111
113 156 109
113 163 153
113 171 97
113 181 100
113 192 60
114 116 21
114 117 195
114 118 168
114 121 138
114 127 118
114 128 143
114 158 70
114 162 142
114 187 130
115 123 58
115 146 102
115 152 130
115 154 234
115 180 123
115 182 135
115 198 143
116 118 162
116 121 159
116 127 99
116 128 129
116 158 80
116 162 124
116 187 110
117 120 191
117 121 82
117 158 145
117 166 176
117 175 171
117 177 137
118 128 63
118 138 128
118 158 121
118 162 113
118 187 133
118 197 146
119 124 38
119 129 135
119 139 131
119 143 56
119 153 31
119 157 91
119 178 43
119 200 88
120 133 239
120 135 79
120 137 100
120 148 116
120 156 100
120 163 87
120 171 205
120 175 46
120 177 85
120 181 203
120 192 144
121 158 116
121 166 111
121 177 133
122 125 85
122 139 149
122 160 65
122 185 62
123 146 81
123 152 142
123 154 200
123 180 182
123 182 133
124 129 138
124 139 94
124 143 60
124 153 11
124 178 75
125 139 67
125 160 107
125 185 72
125 198 149
126 130 139
126 134 90
126 140 118
126 145 55
126 174 47
126 190 131
126 194 155
126 199 85
127 152 128
127 162 123
127 180 115
127 187 98
127 198 136
128 138 130
128 158 124
128 162 49
128 187 70
128 197 110
129 172 146
129 195 124
130 134 190
130 140 22
130 145 181
130 151 179
130 167 86
130 174 110
130 190 41
130 199 66
131 132 154
131 136 157
131 145 168
131 155 112
131 165 92
131 173 83
131 176 144
131 188 277
131 194 79
132 136 17
132 142 58
132 147 116
132 150 148
132 155 132
132 165 108
132 173 178
132 176 27
132 188 235
133 135 205
133 156 210
133 171 38
133 181 43
133 192 167
134 140 168
134 145 43
134 172 144
134 174 134
134 190 200
134 194 177
134 199 160
135 156 22
135 163 46
135 171 179
135 175 120
135 181 179
135 192 68
136 142 54
136 147 99
136 150 132
136 155 122
136 165 100
136 173 172
136 176 16
136 188 218
137 148 41
137 159 92
137 163 130
137 166 118
137 175 61
137 177 69
137 191 133
138 162 149
138 187 174
138 197 79
139 153 104
140 145 159
140 151 173
140 167 103
140 174 94
140 190 49
140 199 54
141 144 52
141 149 70
141 161 85
141 164 41
141 168 147
141 169 40
141 183 112
141 184 55
141 186 108
141 189 95
141 193 55
141 196 102
142 147 109
142 150 118
142 155 169
142 165 151
142 176 69
142 188 228
143 153 50
143 178 49
143 200 118
144 149 19
144 161 137
144 164 74
144 168 191
144 169 63
144 183 61
144 184 7
144 186 91
144 189 104
144 193 26
144 196 77
145 174 102
145 190 181
145 194 142
145 199 137
146 182 57
147 150 54
147 155 107
147 165 111
147 173 172
147 176 93
147 188 121
148 159 104
148 163 115
148 170 191
148 175 90
148 177 109
149 161 156
149 164 94
149 168 203
149 169 73
149 183 42
149 184 15
149 186 101
149 189 119
149 193 27
149 196 83
150 155 161
150 165 166
150 176 132
150 188 123
151 167 160
151 172 133
151 186 72
151 189 83
151 196 90
152 154 160
152 162 147
152 187 133
153 178 64
154 197 232
155 165 30
155 173 65
155 176 106
155 188 164
155 194 158
156 163 44
156 171 188
156 175 138
156 181 188
156 192 57
157 159 56
157 166 92
157 178 73
157 191 24
157 195 80
157 200 5
158 162 148
158 187 147
159 166 69
159 175 146
159 177 129
159 178 111
159 191 46
159 195 111
159 200 57
160 185 36
161 164 83
161 167 168
161 168 101
161 169 99
161 184 140
161 189 132
161 193 137
162 187 25
162 197 100
163 170 172
163 175 114
163 179 221
163 181 225
163 192 101
164 167 160
164 168 169
164 169 82
164 184 80
164 186 86
164 189 58
164 193 89
164 196 87
165 173 72
165 176 84
165 188 188
165 194 151
166 177 114
166 178 95
166 191 99
166 200 88
167 174 197
167 186 180
167 189 136
167 190 118
167 199 152
168 169 129
168 184 190
168 193 176
169 183 111
169 184 61
169 193 47
170 179 53
171 181 5
171 192 153
173 176 156
173 188 213
173 194 98
174 190 91
174 194 181
174 199 46
175 177 43
176 188 210
178 191 97
178 200 68
180 198 26
181 192 155
183 184 57
183 193 64
183 196 97
184 186 98
184 189 111
184 193 20
184 196 83
186 189 48
186 193 118
186 196 19
187 197 120
189 196 62
190 199 45
191 195 69
191 200 28
193 196 103
195 200 85
