200 1633
1 11 53
1 16 106
1 32 117
1 35 117
1 37 211
1 39 210
1 40 134
1 41 101
1 44 106
1 50 93
1 71 134
1 97 214
1 107 77
1 114 78
1 126 169
1 136 124
1 178 161
1 193 40
2 10 125
2 15 105
2 19 166
2 45 80
2 60 140
2 64 83
2 66 102
2 70 167
2 85 84
2 100 61
2 109 100
2 134 184
2 177 111
2 183 78
2 185 38
3 8 106
3 26 167
3 30 217
3 49 249
3 52 93
3 57 221
3 79 147
3 91 125
3 93 124
3 95 155
3 132 128
3 142 75
3 159 141
3 161 222
3 168 172
3 180 128
3 182 130
3 184 211
3 186 58
3 199 104
4 38 44
4 43 89
4 48 23
4 54 141
4 62 124
4 63 169
4 73 60
4 81 55
4 110 54
4 130 40
4 139 82
4 158 31
4 169 141
4 171 97
4 188 73
4 189 213
4 194 68
5 17 77
5 20 152
5 21 130
5 51 75
5 53 76
5 63 209
5 72 95
5 86 76
5 98 7
5 99 101
5 115 157
5 144 184
5 152 170
5 189 154
5 190 150
5 192 99
6 22 66
6 57 217
6 78 135
6 93 164
6 96 42
6 127 122
6 150 97
6 157 131
6 159 175
6 165 204
6 168 207
6 170 69
6 180 163
6 181 202
6 199 183
7 12 93
7 18 117
7 55 100
7 76 53
7 77 59
7 84 68
7 95 112
7 103 49
7 112 15
7 124 141
7 129 105
7 146 96
7 165 171
7 172 68
7 181 111
7 191 147
8 13 93
8 23 151
8 26 79
8 61 158
8 71 147
8 79 120
8 83 93
8 91 161
8 106 82
8 111 122
8 132 49
8 147 99
8 176 144
8 182 71
8 186 149
9 24 126
9 35 149
9 44 191
9 85 138
9 100 155
9 102 119
9 104 163
9 118 142
9 122 131
9 134 36
9 156 67
9 160 168
9 196 170
9 197 118
10 15 190
10 24 173
10 33 171
10 45 45
10 60 21
10 64 177
10 66 64
10 85 133
10 100 132
10 109 164
10 160 156
10 183 137
10 185 164
11 16 53
11 25 226
11 26 126
11 32 125
11 39 200
11 41 51
11 44 98
11 50 80
11 71 102
11 83 113
11 97 223
11 106 127
11 107 85
11 111 136
11 114 108
11 132 163
11 178 142
11 182 158
11 193 57
12 52 142
12 56 145
12 61 94
12 76 41
12 77 35
12 79 129
12 84 137
12 103 44
12 112 96
12 113 135
12 164 122
12 172 25
12 175 122
12 187 138
13 23 86
13 26 140
13 61 112
13 71 153
13 79 82
13 83 139
13 104 167
13 106 124
13 111 115
13 132 131
13 133 108
13 141 174
13 147 49
13 176 53
13 179 181
13 182 157
14 46 100
14 47 27
14 74 69
14 82 140
14 108 118
14 119 75
14 128 79
14 131 69
14 140 83
14 143 55
14 144 183
14 145 94
14 151 79
14 162 123
14 166 17
14 167 72
14 173 136
14 174 138
15 19 84
15 34 130
15 45 157
15 64 22
15 66 133
15 70 76
15 89 104
15 92 132
15 109 32
15 117 191
15 138 153
15 153 169
15 177 7
15 183 53
15 185 93
16 25 220
16 26 74
16 32 159
16 39 213
16 41 38
16 44 109
16 50 92
16 71 82
16 83 64
16 97 252
16 106 79
16 107 112
16 111 107
16 114 155
16 132 110
16 178 151
16 182 105
16 193 99
17 21 143
17 51 57
17 53 81
17 72 88
17 86 120
17 98 71
17 99 46
17 101 129
17 115 146
17 137 141
17 144 123
17 190 96
17 192 29
18 55 17
18 78 118
18 84 115
18 95 148
18 112 115
18 124 94
18 127 131
18 129 59
18 146 71
18 150 163
18 165 63
18 181 119
18 191 34
19 27 185
19 34 50
19 64 93
19 70 126
19 89 47
19 92 137
19 94 93
19 109 116
19 117 180
19 138 85
19 145 132
19 153 173
19 173 122
19 177 77
19 183 137
19 185 137
19 198 151
20 21 35
20 36 152
20 38 144
20 53 95
20 58 152
20 67 97
20 73 153
20 86 78
20 98 157
20 115 74
20 120 152
20 152 34
20 194 114
21 51 186
21 53 63
21 58 133
21 67 119
21 69 147
21 72 215
21 86 64
21 98 133
21 101 160
21 115 49
21 152 40
21 192 134
21 194 145
22 78 124
22 93 211
22 96 29
22 127 112
22 129 209
22 146 216
22 150 109
22 157 197
22 159 208
22 165 175
22 170 128
22 181 215
22 191 202
23 44 140
23 71 111
23 83 140
23 104 84
23 106 129
23 111 79
23 118 132
23 122 126
23 133 60
23 147 52
23 176 98
23 179 124
23 196 177
23 197 117
24 33 79
24 35 170
24 45 165
24 60 160
24 85 117
24 87 164
24 90 214
24 100 141
24 102 73
24 134 134
24 154 134
24 156 59
24 160 41
25 30 173
25 32 162
25 39 80
25 41 185
25 49 129
25 91 187
25 97 155
25 114 214
25 161 234
25 178 93
25 182 230
25 184 162
26 41 102
26 44 143
26 50 133
26 71 91
26 83 21
26 91 162
26 106 25
26 111 87
26 132 38
26 147 114
26 178 202
26 182 46
27 34 194
27 70 205
27 82 189
27 89 139
27 92 135
27 94 191
27 108 206
27 117 99
27 153 129
27 163 175
27 174 205
27 177 227
27 198 33
28 47 131
28 58 129
28 59 71
28 69 84
28 74 84
28 75 48
28 101 77
28 116 79
28 119 67
28 137 61
28 143 81
28 149 19
28 162 23
28 167 129
28 196 191
29 37 204
29 68 176
29 80 178
29 87 252
29 90 217
29 105 225
29 121 264
29 123 105
29 125 233
29 126 195
29 135 149
29 136 234
29 154 279
29 195 123
30 49 49
30 57 82
30 91 110
30 93 225
30 142 173
30 157 167
30 161 62
30 168 93
30 180 186
30 182 225
30 184 15
30 199 215
31 36 152
31 38 117
31 42 98
31 43 121
31 54 26
31 56 148
31 62 29
31 65 86
31 67 143
31 110 118
31 120 77
31 139 85
31 148 112
31 155 94
31 171 123
31 187 127
31 188 114
31 200 64
32 37 129
32 39 99
32 41 125
32 80 153
32 97 99
32 114 53
32 126 131
32 136 133
32 178 75
32 193 155
32 195 199
33 60 152
33 68 177
33 85 176
33 87 137
33 90 143
33 102 114
33 105 162
33 121 165
33 125 151
33 154 111
33 156 138
33 160 40
34 64 135
34 82 120
34 89 78
34 92 178
34 94 45
34 108 102
34 109 163
34 117 212
34 131 130
34 138 43
34 140 109
34 145 83
34 151 111
34 153 211
34 163 174
34 173 91
34 174 149
34 177 124
34 185 161
34 198 163
35 40 79
35 44 111
35 50 116
35 87 141
35 102 98
35 105 156
35 107 86
35 121 111
35 122 116
35 125 153
35 134 185
35 154 133
35 156 154
35 193 98
36 42 75
36 54 131
36 56 43
36 62 145
36 67 56
36 88 75
36 113 119
36 120 75
36 141 154
36 152 130
36 164 99
36 175 64
36 187 67
37 39 164
37 80 87
37 97 93
37 105 221
37 114 135
37 123 162
37 126 73
37 135 179
37 136 129
37 178 186
37 195 81
38 43 107
38 48 67
38 54 107
38 62 92
38 63 191
38 73 70
38 81 75
38 110 74
38 120 143
38 130 82
38 139 83
38 158 66
38 169 171
38 171 115
38 188 90
38 189 223
38 194 40
38 200 139
39 41 175
39 49 209
39 80 226
39 97 76
39 114 152
39 126 204
39 136 225
39 178 62
40 68 191
40 80 152
40 87 71
40 90 195
40 102 109
40 105 78
40 107 147
40 114 156
40 121 33
40 125 78
40 126 158
40 135 143
40 136 100
40 154 77
40 156 188
40 193 139
41 44 137
41 50 119
41 71 120
41 83 98
41 97 215
41 106 113
41 107 132
41 114 129
41 132 133
41 178 113
41 182 121
41 193 108
42 54 87
42 56 53
42 62 105
42 65 140
42 67 103
42 88 144
42 113 158
42 120 49
42 148 140
42 155 108
42 164 130
42 175 77
42 187 29
43 48 82
43 54 135
43 62 119
43 65 144
43 73 150
43 81 142
43 110 35
43 130 74
43 139 39
43 148 181
43 158 61
43 169 213
43 171 7
43 188 17
43 200 85
44 50 18
44 71 56
44 83 122
44 104 152
44 106 126
44 107 34
44 111 87
44 118 188
44 122 69
44 193 67
44 197 130
45 60 60
45 64 141
45 66 58
45 85 97
45 100 91
45 109 136
45 156 183
45 160 160
45 177 164
45 183 107
45 185 119
46 47 108
46 82 44
46 94 93
46 108 38
46 128 24
46 131 35
46 138 129
46 140 43
46 145 86
46 151 44
46 163 90
46 166 93
46 174 39
47 74 52
47 119 79
47 128 85
47 131 84
47 137 120
47 140 101
47 143 52
47 144 156
47 145 119
47 149 149
47 151 98
47 162 114
47 166 17
47 167 95
47 174 145
47 190 182
48 62 140
48 63 167
48 73 73
48 81 62
48 110 51
48 130 17
48 139 86
48 158 21
48 169 135
48 171 89
48 188 69
48 189 217
48 194 91
49 57 127
49 91 129
49 142 214
49 157 214
49 161 106
49 168 142
49 178 205
49 180 233
49 182 231
49 184 43
50 71 52
50 83 112
50 106 117
50 107 31
50 111 88
50 122 88
50 193 54
50 197 148
51 53 123
51 72 31
51 86 145
51 98 68
51 99 38
51 101 184
51 115 198
51 137 190
51 144 112
51 189 208
51 190 77
51 192 87
52 61 122
52 76 129
52 77 143
52 79 116
52 84 105
52 93 124
52 95 83
52 103 135
52 142 129
52 159 103
52 172 140
52 180 154
52 181 117
52 186 44
52 199 114
53 69 141
53 72 152
53 86 51
53 98 77
53 99 126
53 101 138
53 115 81
53 152 102
53 189 207
53 190 177
53 192 77
54 56 133
54 62 17
54 65 111
54 67 117
54 110 125
54 120 55
54 139 96
54 148 134
54 155 112
54 171 138
54 187 116
54 188 125
54 194 132
54 200 89
55 78 128
55 84 104
55 95 140
55 103 149
55 112 98
55 124 90
55 127 140
55 129 57
55 146 66
55 165 79
55 181 113
55 191 51
56 62 150
56 67 96
56 88 94
56 113 106
56 120 81
56 141 157
56 155 156
56 164 80
56 175 29
56 187 31
57 91 155
57 93 182
57 142 155
57 157 86
57 161 21
57 168 49
57 170 170
57 180 142
57 184 95
57 199 179
58 59 58
58 67 149
58 69 60
58 75 144
58 88 117
58 101 96
58 115 84
58 116 49
58 137 131
58 141 155
58 149 119
58 152 120
58 162 136
59 69 26
59 74 139
59 75 95
59 101 54
59 115 120
59 116 11
59 119 138
59 137 80
59 143 148
59 149 64
59 162 78
59 192 148
60 64 196
60 66 85
60 85 136
60 100 139
60 109 185
60 156 196
60 160 139
60 183 157
60 185 179
61 76 121
61 77 124
61 79 38
61 103 127
61 113 122
61 141 159
61 164 129
61 172 114
61 176 97
61 186 157
62 65 114
62 67 126
62 110 108
62 120 71
62 130 149
62 139 80
62 148 141
62 155 122
62 158 126
62 171 123
62 187 134
62 188 108
62 194 119
62 200 83
63 73 121
63 81 117
63 86 199
63 98 216
63 110 218
63 130 173
63 158 189
63 169 42
63 189 70
63 194 170
64 66 124
64 70 96
64 85 167
64 89 122
64 92 155
64 100 143
64 109 39
64 117 214
64 138 152
64 153 192
64 177 28
64 183 46
64 185 71
65 110 162
65 120 147
65 124 164
65 139 126
65 148 36
65 155 47
65 171 142
65 187 162
65 188 148
65 200 61
66 70 147
66 85 150
66 100 139
66 109 104
66 160 213
66 177 141
66 183 79
66 185 135
67 88 109
67 115 118
67 120 73
67 152 80
67 164 153
67 175 120
67 187 110
68 80 193
68 87 124
68 90 41
68 105 113
68 121 157
68 123 116
68 125 113
68 135 96
68 136 205
68 154 138
68 195 209
69 74 137
69 75 116
69 99 183
69 101 36
69 115 102
69 116 34
69 119 146
69 137 71
69 149 82
69 152 151
69 162 83
69 192 122
70 89 115
70 92 75
70 109 66
70 117 134
70 153 106
70 177 75
70 183 91
70 185 166
70 198 176
71 83 69
71 104 154
71 106 71
71 107 84
71 111 37
71 118 199
71 122 104
71 132 126
71 133 170
71 147 105
71 182 137
71 193 102
71 197 150
72 86 170
72 98 89
72 99 59
72 101 213
72 137 215
72 144 112
72 189 208
72 190 77
72 192 117
73 81 17
73 86 157
73 110 115
73 130 88
73 139 141
73 158 90
73 169 106
73 188 134
73 189 155
73 194 52
74 75 120
74 99 180
74 101 108
74 116 150
74 119 56
74 131 136
74 137 68
74 143 33
74 144 155
74 149 103
74 162 64
74 166 68
74 167 107
74 190 172
75 101 120
75 116 97
75 119 80
75 137 109
75 143 106
75 149 36
75 162 70
75 167 125
75 179 168
75 196 143
76 77 15
76 79 150
76 84 98
76 95 132
76 103 7
76 112 58
76 129 153
76 146 142
76 172 18
76 181 143
76 186 173
77 79 156
77 84 112
77 95 147
77 103 12
77 112 61
77 113 168
77 124 182
77 146 153
77 164 152
77 172 10
77 175 143
77 187 148
78 95 130
78 96 110
78 127 12
78 129 85
78 146 92
78 150 49
78 159 123
78 165 75
78 170 136
78 181 100
78 191 94
79 103 157
79 113 150
79 133 171
79 141 176
79 147 131
79 172 146
79 176 85
79 186 142
80 87 159
80 97 168
80 105 133
80 114 125
80 121 143
80 123 96
80 125 144
80 126 22
80 135 97
80 136 62
80 195 76
81 110 108
81 130 75
81 139 137
81 158 81
81 169 96
81 171 149
81 188 127
81 189 158
81 194 66
82 94 75
82 108 29
82 128 68
82 131 70
82 138 125
82 140 64
82 145 97
82 151 67
82 163 63
82 166 136
82 174 29
82 198 174
83 106 15
83 107 141
83 111 68
83 132 58
83 147 106
83 182 68
83 193 144
84 93 147
84 95 46
84 103 99
84 112 82
84 124 179
84 129 70
84 146 55
84 159 97
84 165 146
84 172 117
84 181 44
84 186 132
84 191 132
84 199 153
85 100 24
85 134 114
85 156 105
85 160 137
85 183 159
85 185 104
86 98 81
86 99 160
86 115 106
86 152 101
86 169 218
86 189 166
86 192 125
86 194 142
87 90 124
87 102 118
87 105 28
87 121 39
87 123 150
87 125 19
87 135 104
87 136 131
87 154 29
87 160 156
88 113 77
88 115 154
88 116 157
88 120 151
88 141 84
88 152 151
88 164 75
88 175 89
88 187 125
89 92 100
89 94 107
89 109 130
89 117 135
89 138 121
89 153 133
89 177 96
89 183 157
89 198 105
90 102 209
90 105 123
90 121 162
90 123 155
90 125 119
90 135 129
90 154 130
90 160 183
91 132 138
91 142 118
91 161 145
91 168 124
91 180 163
91 182 117
91 184 99
91 199 171
92 94 206
92 109 136
92 117 60
92 153 37
92 177 128
92 183 163
92 198 112
93 95 102
93 96 182
93 142 72
93 150 118
93 157 148
93 159 51
93 161 195
93 168 138
93 170 99
93 180 40
93 181 115
93 186 94
93 199 21
94 108 56
94 117 230
94 128 109
94 131 89
94 138 55
94 140 69
94 145 58
94 151 71
94 153 235
94 163 133
94 173 103
94 174 103
94 198 165
95 103 135
95 112 127
95 127 136
95 129 91
95 142 151
95 146 77
95 150 129
95 159 53
95 165 162
95 172 150
95 180 142
95 181 33
95 186 97
95 191 155
95 199 107
96 127 98
96 129 195
96 150 86
96 157 173
96 159 182
96 165 171
96 170 99
96 180 189
96 181 194
96 191 197
97 114 139
97 126 148
97 136 185
97 178 118
97 195 173
98 99 94
98 115 159
98 144 177
98 152 173
98 189 159
98 190 143
98 192 94
99 101 155
99 137 156
99 144 83
99 190 52
99 192 67
100 109 162
100 134 128
100 156 128
100 160 159
100 183 138
100 185 80
101 115 121
101 116 65
101 119 128
101 137 39
101 143 127
101 144 184
101 149 83
101 162 66
101 190 180
101 192 100
102 105 145
102 121 116
102 122 177
102 125 137
102 134 145
102 154 92
102 156 80
102 160 97
103 112 52
103 124 178
103 129 151
103 146 141
103 172 19
103 175 156
103 181 144
104 111 138
104 118 49
104 122 98
104 133 78
104 134 175
104 147 136
104 176 161
104 179 80
104 196 102
104 197 48
105 121 45
105 123 123
105 125 10
105 126 149
105 135 77
105 136 112
105 154 58
105 195 189
106 107 148
106 111 61
106 132 55
106 147 92
106 176 175
106 182 69
107 111 118
107 122 89
107 193 38
107 197 153
108 128 58
108 131 49
108 138 99
108 140 37
108 145 67
108 151 40
108 163 92
108 166 117
108 173 136
108 174 51
108 198 187
109 117 196
109 153 170
109 177 39
109 183 28
109 185 101
110 130 49
110 139 37
110 158 29
110 169 186
110 171 43
110 188 19
110 194 111
110 200 101
111 118 187
111 122 116
111 132 113
111 133 139
111 147 67
111 176 155
111 182 131
111 193 139
111 197 146
112 124 130
112 129 111
112 146 104
112 148 175
112 155 168
112 172 70
112 181 123
112 191 147
113 141 64
113 164 28
113 172 160
113 175 81
113 176 129
113 179 195
113 187 130
114 126 107
114 136 88
114 178 122
114 193 119
114 195 187
115 116 119
115 152 50
115 192 127
116 119 146
116 137 91
116 141 175
116 143 157
116 149 69
116 152 163
116 162 88
116 192 156
117 153 33
117 177 185
117 183 224
117 198 89
118 122 124
118 133 111
118 134 144
118 147 184
118 176 198
118 179 73
118 196 58
118 197 60
119 131 142
119 137 94
119 143 28
119 149 81
119 162 63
119 166 87
119 167 66
119 173 154
119 196 203
120 148 158
120 152 146
120 155 129
120 175 111
120 187 72
120 200 141
121 123 159
121 125 44
121 126 153
121 135 115
121 136 102
121 154 54
121 195 210
122 133 160
122 134 161
122 147 159
122 156 182
122 179 178
122 193 127
122 196 182
122 197 64
123 125 131
123 126 118
123 135 46
123 136 138
123 154 179
123 195 92
124 129 147
124 146 154
124 148 130
124 155 148
124 165 147
124 191 120
125 126 159
125 135 85
125 136 121
125 154 48
125 160 173
125 195 199
126 135 118
126 136 60
126 178 204
126 195 84
127 129 97
127 146 103
127 150 40
127 159 124
127 165 85
127 170 126
127 181 108
127 191 106
128 131 28
128 138 137
128 140 46
128 143 133
128 145 88
128 151 45
128 163 110
128 166 71
128 174 59
129 146 15
129 150 118
129 159 121
129 165 76
129 181 60
129 191 64
130 139 86
130 158 23
130 169 138
130 171 80
130 188 64
130 194 108
131 138 109
131 140 20
131 143 124
131 145 60
131 151 18
131 163 125
131 166 67
131 167 112
131 173 129
131 174 74
132 147 118
132 182 26
133 141 131
133 147 99
133 176 86
133 179 73
133 196 139
133 197 125
134 156 76
134 160 174
134 196 160
134 197 136
135 136 117
135 154 133
135 195 125
136 154 154
136 195 139
137 143 89
137 144 165
137 149 75
137 162 41
137 190 168
137 192 114
138 140 90
138 145 52
138 151 91
138 167 118
138 173 50
138 177 148
138 185 158
139 148 162
139 155 159
139 158 65
139 171 43
139 188 29
139 194 124
139 200 65
140 145 43
140 151 3
140 163 124
140 166 84
140 167 112
140 173 115
140 174 76
141 164 89
141 175 137
141 176 121
141 179 135
141 196 198
142 157 159
142 159 113
142 161 161
142 168 105
142 170 151
142 180 57
142 184 172
142 186 85
142 199 53
143 149 98
143 162 69
143 166 62
143 167 75
144 166 167
144 190 35
144 192 132
145 151 43
145 163 160
145 166 102
145 167 90
145 173 72
145 174 115
146 150 120
146 159 110
146 165 91
146 181 47
146 191 79
147 176 88
147 179 171
147 182 143
148 155 32
148 171 178
148 187 157
148 200 97
149 162 42
149 167 139
149 179 194
149 196 177
150 157 181
150 159 101
150 165 124
150 170 87
150 180 141
150 181 107
150 191 142
150 199 139
151 163 127
151 166 81
151 167 109
151 173 114
151 174 78
152 192 166
152 194 142
153 177 165
153 183 197
153 198 114
154 156 168
154 160 127
155 175 171
155 187 125
155 200 99
156 160 101
156 197 183
157 159 192
157 161 107
157 168 90
157 170 94
157 180 116
157 184 178
157 199 155
158 169 156
158 171 68
158 188 47
158 194 98
158 200 130
159 168 190
159 170 122
159 180 92
159 181 64
159 186 92
159 199 62
161 168 58
161 170 190
161 180 155
161 184 75
161 199 190
162 166 128
162 167 129
163 166 180
163 174 51
163 198 172
164 172 145
164 175 53
164 176 153
164 187 102
165 181 129
165 191 28
166 167 89
166 173 151
166 174 130
166 190 194
167 173 87
168 170 148
168 180 98
168 184 100
168 199 132
169 188 202
169 189 112
169 194 159
170 180 93
170 181 166
170 199 117
171 188 25
171 200 83
172 175 138
172 187 147
173 185 144
174 198 194
175 187 49
176 179 151
177 183 61
177 185 98
177 198 194
178 182 201
178 184 226
178 193 191
179 196 72
179 197 121
180 184 190
180 186 116
180 199 40
181 186 129
181 191 123
181 199 125
182 184 212
183 185 89
184 199 216
186 199 79
188 194 129
188 200 87
189 194 192
190 192 110
196 197 117
