200 1622
1 21 144
1 24 114
1 31 181
1 36 187
1 61 73
1 71 105
1 97 30
1 136 170
1 142 140
1 144 137
1 171 117
1 172 174
1 188 91
1 193 119
2 7 71
2 8 161
2 9 148
2 35 115
2 38 29
2 59 111
2 65 156
2 113 55
2 130 75
2 133 19
2 137 168
2 158 86
2 167 84
2 181 23
3 32 164
3 49 123
3 66 164
3 67 175
3 79 47
3 81 190
3 89 207
3 90 187
3 92 152
3 96 123
3 105 147
3 110 108
3 125 150
3 134 175
3 147 20
3 155 208
3 178 124
3 191 49
4 5 49
4 41 42
4 51 70
4 67 139
4 80 81
4 88 82
4 102 69
4 103 135
4 114 107
4 121 24
4 134 174
4 161 11
4 163 116
4 177 52
4 183 77
4 184 70
4 185 99
4 199 92
5 19 127
5 41 74
5 51 63
5 67 122
5 74 82
5 80 117
5 88 38
5 92 147
5 102 98
5 103 145
5 108 102
5 114 118
5 121 65
5 128 97
5 152 80
5 161 58
5 177 57
5 183 67
5 184 83
5 185 55
5 199 47
6 15 121
6 18 134
6 26 147
6 42 142
6 47 141
6 63 95
6 68 141
6 77 161
6 80 166
6 116 148
6 126 166
6 154 111
6 159 162
6 168 96
7 9 115
7 16 186
7 35 147
7 38 55
7 59 165
7 65 218
7 113 88
7 130 138
7 133 89
7 137 173
7 158 156
7 167 117
7 181 88
8 33 68
8 34 142
8 35 183
8 59 136
8 65 108
8 113 176
8 130 117
8 133 144
8 158 80
8 167 176
8 181 149
8 187 177
8 196 136
9 16 91
9 35 120
9 38 118
9 59 165
9 100 169
9 106 128
9 113 109
9 133 155
9 137 92
9 143 142
9 167 111
9 173 130
9 181 145
10 20 118
10 39 164
10 46 75
10 50 122
10 60 62
10 84 162
10 93 153
10 94 144
10 100 150
10 115 67
10 119 101
10 140 46
10 143 183
10 156 95
10 173 185
11 12 148
11 25 156
11 28 51
11 30 43
11 82 196
11 117 178
11 118 128
11 120 222
11 122 91
11 123 59
11 131 146
11 132 135
11 175 127
11 176 49
11 186 168
11 190 190
11 195 161
12 14 148
12 23 143
12 28 164
12 40 113
12 43 85
12 52 114
12 82 134
12 117 127
12 129 111
12 131 82
12 148 145
12 157 271
12 164 203
12 176 143
12 190 103
13 19 87
13 44 88
13 45 127
13 48 75
13 53 188
13 54 101
13 74 139
13 108 138
13 112 143
13 128 139
13 141 155
13 152 166
13 153 36
13 180 161
13 200 131
14 23 49
14 32 117
14 40 98
14 43 131
14 66 131
14 81 169
14 82 150
14 89 190
14 103 174
14 134 156
14 148 155
14 155 195
14 157 212
14 164 172
14 190 123
15 42 153
15 47 60
15 58 94
15 72 66
15 77 96
15 80 150
15 116 109
15 121 166
15 126 45
15 161 167
15 163 66
15 168 42
15 194 156
16 35 94
16 38 162
16 50 129
16 59 141
16 76 100
16 84 96
16 100 110
16 106 37
16 113 132
16 119 147
16 137 23
16 143 98
16 167 110
16 173 63
17 18 115
17 42 40
17 47 123
17 58 147
17 72 144
17 73 84
17 77 93
17 78 140
17 83 89
17 86 89
17 101 120
17 116 68
17 117 165
17 129 171
17 149 32
17 159 66
17 165 146
17 168 138
17 194 19
18 22 165
18 42 86
18 63 156
18 83 159
18 86 146
18 101 67
18 116 142
18 149 93
18 159 54
18 168 163
18 179 149
18 194 118
19 44 30
19 45 199
19 48 85
19 51 113
19 54 90
19 74 57
19 88 127
19 108 66
19 128 65
19 152 89
19 153 122
19 199 80
19 200 79
20 39 67
20 46 53
20 60 85
20 63 108
20 68 76
20 70 90
20 93 141
20 94 145
20 115 50
20 139 99
20 140 104
20 150 87
20 156 58
21 24 65
21 27 144
21 36 95
21 61 81
21 62 136
21 71 124
21 85 114
21 97 120
21 99 120
21 111 140
21 136 34
21 142 142
21 144 23
21 145 108
21 171 59
21 172 137
21 188 55
21 193 74
22 33 165
22 34 91
22 56 209
22 65 153
22 76 157
22 83 130
22 86 115
22 98 24
22 101 98
22 149 156
22 159 148
22 162 83
22 165 141
22 179 42
22 187 218
22 196 105
22 197 215
23 32 119
23 40 132
23 43 154
23 66 166
23 81 147
23 82 106
23 89 162
23 148 108
23 155 167
23 157 167
23 164 122
23 190 85
24 36 73
24 61 84
24 71 59
24 97 84
24 99 82
24 111 146
24 136 100
24 144 43
24 145 159
24 171 6
24 188 62
24 193 11
25 28 154
25 30 121
25 69 104
25 104 99
25 118 160
25 120 209
25 122 74
25 123 143
25 127 145
25 132 137
25 151 94
25 166 49
25 170 144
25 175 167
25 176 172
25 186 141
25 195 23
26 37 134
26 41 124
26 51 137
26 57 70
26 63 155
26 80 88
26 102 97
26 121 141
26 135 112
26 138 81
26 154 53
26 174 39
26 177 135
26 182 96
26 184 110
27 36 143
27 37 87
27 45 158
27 57 132
27 62 76
27 109 52
27 111 93
27 112 147
27 135 90
27 136 127
27 138 120
27 141 62
27 145 43
27 180 156
27 182 118
27 198 47
28 30 38
28 69 194
28 82 171
28 104 196
28 118 78
28 120 172
28 122 109
28 123 105
28 127 179
28 131 184
28 132 89
28 148 177
28 151 217
28 166 188
28 170 191
28 175 76
28 176 20
28 186 205
28 190 174
28 195 165
29 33 250
29 34 240
29 56 66
29 73 242
29 78 188
29 83 239
29 86 248
29 123 256
29 162 193
29 165 179
29 186 175
29 187 98
29 196 216
29 197 58
30 69 178
30 104 178
30 118 97
30 120 187
30 122 70
30 123 77
30 127 176
30 132 98
30 151 194
30 166 161
30 170 185
30 175 99
30 176 53
30 186 168
30 195 130
31 61 132
31 75 124
31 85 87
31 91 67
31 93 144
31 94 155
31 95 163
31 107 109
31 136 154
31 142 41
31 160 165
31 169 138
31 172 33
31 188 146
32 66 100
32 79 119
32 81 79
32 89 107
32 96 143
32 103 174
32 134 136
32 147 183
32 155 111
32 157 181
32 164 183
32 191 208
33 34 74
33 35 165
33 56 190
33 59 116
33 65 65
33 98 143
33 130 121
33 133 169
33 158 128
33 162 127
33 181 169
33 187 155
33 196 70
33 197 217
34 56 174
34 59 140
34 65 83
34 76 151
34 98 71
34 130 164
34 158 196
34 162 67
34 165 177
34 179 115
34 187 161
34 196 25
34 197 193
35 38 101
35 59 49
35 65 103
35 76 81
35 84 151
35 100 202
35 106 113
35 113 62
35 130 72
35 133 105
35 137 70
35 143 192
35 158 151
35 167 31
35 173 156
35 181 94
36 45 165
36 71 105
36 97 157
36 99 31
36 111 77
36 112 147
36 136 119
36 144 77
36 145 132
36 171 72
36 180 137
36 188 127
36 193 68
37 57 68
37 62 49
37 95 101
37 109 50
37 135 56
37 138 61
37 141 115
37 145 86
37 154 148
37 160 112
37 169 117
37 174 96
37 182 87
37 198 39
38 59 111
38 65 163
38 113 38
38 130 83
38 133 40
38 137 145
38 158 113
38 167 69
38 181 35
39 46 89
39 60 149
39 63 143
39 68 94
39 70 68
39 75 115
39 91 158
39 93 110
39 94 121
39 95 101
39 107 113
39 115 102
39 139 32
39 140 164
39 150 54
39 156 126
39 160 85
39 169 116
40 43 43
40 47 161
40 52 132
40 58 107
40 72 130
40 77 162
40 82 197
40 117 166
40 126 139
40 129 146
40 131 145
40 190 162
41 51 52
41 80 42
41 88 112
41 102 27
41 108 110
41 114 147
41 121 18
41 161 33
41 163 122
41 177 33
41 183 118
41 184 35
41 199 102
42 47 110
42 72 138
42 73 124
42 77 90
42 83 121
42 86 117
42 101 112
42 116 61
42 149 44
42 159 51
42 168 113
42 194 33
43 47 158
43 52 90
43 58 103
43 72 131
43 77 150
43 82 196
43 117 122
43 126 157
43 129 103
43 131 102
43 190 161
44 48 60
44 53 176
44 54 60
44 64 177
44 74 53
44 88 125
44 108 93
44 124 110
44 128 50
44 152 77
44 153 125
44 185 123
44 189 132
44 192 133
44 199 87
44 200 110
45 48 201
45 99 167
45 111 100
45 112 17
45 141 129
45 145 190
45 153 96
45 180 33
45 198 201
45 200 196
46 60 73
46 63 160
46 68 130
46 70 137
46 91 186
46 93 109
46 94 107
46 107 136
46 115 22
46 139 111
46 140 81
46 150 130
46 156 73
47 52 160
47 58 55
47 72 31
47 77 36
47 116 54
47 126 72
47 149 149
47 163 118
47 168 47
47 194 103
48 53 124
48 54 26
48 64 138
48 74 109
48 87 176
48 124 124
48 128 97
48 146 137
48 152 121
48 153 105
48 189 94
48 192 102
49 55 169
49 79 161
49 87 221
49 90 111
49 92 232
49 96 181
49 105 165
49 110 196
49 125 43
49 146 248
49 147 104
49 178 80
49 191 73
50 60 128
50 76 131
50 84 40
50 100 97
50 106 92
50 115 171
50 119 20
50 137 140
50 140 109
50 143 124
50 156 162
50 173 99
51 74 96
51 80 82
51 88 97
51 102 60
51 108 58
51 121 61
51 128 118
51 152 116
51 161 70
51 177 20
51 182 131
51 184 30
51 185 112
51 199 64
51 200 83
52 58 120
52 72 146
52 73 137
52 77 132
52 78 155
52 116 148
52 117 35
52 129 20
52 131 51
52 194 156
53 54 115
53 55 145
53 64 48
53 87 85
53 105 175
53 124 156
53 128 186
53 146 71
53 152 198
53 189 55
53 192 70
54 64 120
54 74 98
54 87 156
54 124 98
54 128 82
54 146 115
54 152 103
54 153 131
54 189 75
54 192 79
55 64 97
55 87 64
55 90 96
55 92 141
55 105 42
55 110 140
55 124 129
55 125 143
55 146 79
55 147 166
55 178 89
55 189 123
55 191 166
55 192 109
56 73 213
56 78 167
56 83 197
56 86 202
56 98 209
56 162 128
56 165 138
56 186 229
56 187 54
56 196 150
56 197 31
57 62 117
57 109 114
57 135 44
57 138 11
57 141 127
57 154 102
57 174 40
57 182 44
57 184 138
57 198 92
57 200 131
58 72 28
58 77 57
58 116 87
58 117 153
58 126 75
58 129 141
58 131 165
58 163 130
58 168 99
58 194 130
59 65 58
59 76 95
59 98 171
59 106 154
59 113 77
59 130 42
59 133 96
59 137 118
59 158 117
59 167 57
59 181 88
59 196 157
60 63 151
60 68 145
60 70 172
60 84 166
60 100 190
60 115 51
60 119 109
60 140 22
60 150 172
60 156 38
61 71 116
61 85 129
61 97 62
61 136 100
61 142 94
61 144 83
61 171 83
61 172 115
61 188 27
61 193 95
62 75 102
62 85 121
62 95 84
62 109 23
62 135 97
62 136 105
62 138 110
62 141 128
62 145 51
62 160 99
62 169 88
62 198 45
63 68 51
63 70 96
63 115 149
63 140 173
63 150 110
63 154 101
63 156 113
63 174 155
64 87 41
64 90 166
64 105 127
64 124 127
64 125 229
64 128 173
64 146 26
64 152 180
64 178 183
64 189 45
64 192 46
65 76 111
65 98 128
65 113 133
65 130 81
65 133 138
65 158 128
65 162 151
65 167 115
65 179 156
65 181 133
65 187 216
65 196 99
66 67 111
66 79 140
66 81 179
66 89 207
66 92 152
66 96 212
66 103 74
66 110 136
66 114 102
66 134 36
66 147 182
66 155 210
66 183 148
67 88 97
67 92 59
67 103 72
67 110 79
67 114 71
67 124 132
67 134 79
67 152 132
67 161 149
67 183 62
67 185 90
67 191 213
68 70 48
68 115 125
68 139 123
68 140 167
68 150 60
68 154 105
68 156 107
68 160 141
68 174 143
69 104 8
69 118 152
69 120 148
69 122 167
69 127 61
69 132 124
69 151 43
69 166 68
69 170 51
69 175 161
69 195 125
70 75 138
70 95 106
70 115 140
70 139 88
70 150 16
70 154 110
70 156 138
70 160 93
70 169 131
70 174 126
71 97 78
71 99 94
71 111 182
71 136 159
71 142 210
71 144 103
71 171 65
71 188 105
71 193 52
72 77 51
72 116 78
72 126 56
72 129 166
72 163 110
72 168 72
72 194 126
73 77 149
73 78 56
73 83 52
73 86 68
73 101 161
73 116 136
73 117 123
73 129 137
73 131 170
73 149 93
73 159 131
73 165 79
73 194 98
73 197 192
74 88 72
74 108 80
74 124 93
74 128 22
74 152 34
74 153 176
74 177 108
74 185 72
74 189 155
74 192 149
74 199 37
74 200 109
75 85 52
75 91 129
75 93 147
75 94 163
75 95 39
75 107 118
75 109 125
75 136 118
75 139 86
75 142 142
75 150 124
75 160 45
75 169 15
75 172 99
76 84 92
76 98 138
76 100 178
76 106 89
76 113 144
76 119 151
76 130 136
76 137 85
76 143 181
76 167 113
76 173 141
76 179 130
76 196 176
77 116 29
77 117 157
77 126 104
77 129 151
77 131 183
77 149 122
77 159 141
77 168 75
77 194 74
78 83 80
78 86 96
78 117 129
78 129 147
78 131 173
78 149 145
78 162 167
78 165 57
78 186 229
78 187 217
78 194 154
78 197 142
79 81 144
79 89 162
79 92 173
79 96 94
79 110 129
79 125 193
79 134 159
79 147 65
79 155 164
79 157 261
79 178 171
79 191 89
80 102 22
80 108 132
80 121 56
80 126 166
80 154 126
80 161 70
80 163 117
80 174 125
80 177 68
80 184 53
81 82 198
81 89 27
81 96 110
81 148 192
81 155 31
81 157 118
81 164 147
81 190 203
82 89 200
82 118 182
82 148 11
82 155 203
82 157 144
82 164 73
82 175 174
82 176 156
82 190 35
83 86 17
83 98 153
83 101 119
83 116 155
83 149 78
83 159 107
83 162 137
83 165 59
83 179 158
83 187 236
83 194 108
83 197 182
84 100 103
84 106 60
84 119 61
84 137 104
84 140 149
84 143 121
84 173 86
84 179 167
85 91 119
85 95 89
85 107 129
85 136 87
85 142 95
85 144 137
85 160 97
85 169 61
85 172 56
85 188 125
86 98 139
86 101 102
86 149 72
86 159 96
86 162 131
86 165 69
86 179 141
86 194 108
86 197 190
87 90 125
87 92 186
87 105 102
87 124 139
87 125 188
87 146 41
87 178 144
87 189 82
87 192 76
88 92 111
88 103 138
88 114 115
88 121 102
88 124 101
88 128 78
88 134 165
88 152 55
88 161 93
88 177 95
88 183 58
88 184 120
88 185 16
88 199 52
89 96 113
89 148 192
89 155 4
89 157 100
89 164 141
89 190 209
90 105 121
90 110 202
90 125 69
90 146 160
90 147 168
90 178 63
90 189 205
90 191 150
90 192 195
91 93 79
91 94 88
91 95 162
91 107 50
91 139 131
91 142 109
91 160 157
91 169 144
91 172 87
92 103 130
92 105 101
92 110 44
92 114 130
92 124 93
92 128 144
92 134 128
92 146 167
92 147 155
92 152 121
92 178 173
92 183 105
92 185 97
92 191 179
93 94 16
93 107 36
93 115 131
93 139 97
93 160 152
93 169 159
93 172 155
94 107 51
94 115 129
94 139 111
94 140 176
94 160 167
94 169 175
94 172 168
95 107 141
95 109 107
95 136 136
95 139 81
95 145 130
95 150 94
95 160 16
95 169 27
95 172 139
95 198 124
96 110 223
96 125 223
96 147 132
96 155 112
96 157 209
96 178 226
96 191 135
97 99 159
97 136 150
97 142 146
97 144 110
97 171 87
97 172 174
97 188 71
97 193 89
98 101 119
98 159 172
98 162 81
98 165 158
98 179 45
98 187 212
98 196 89
99 111 94
99 112 150
99 136 147
99 144 99
99 145 163
99 171 84
99 180 136
99 188 143
99 193 73
100 106 93
100 119 100
100 137 132
100 140 167
100 143 33
100 173 46
101 149 88
101 159 61
101 162 169
101 165 166
101 179 87
101 194 132
102 108 111
102 121 45
102 154 141
102 161 59
102 163 130
102 174 130
102 177 47
102 184 31
102 199 120
102 200 125
103 110 138
103 114 28
103 121 157
103 134 40
103 161 142
103 163 147
103 183 80
103 185 139
104 118 157
104 120 156
104 122 164
104 127 69
104 132 129
104 151 35
104 166 61
104 170 60
104 175 166
104 195 119
105 110 97
105 124 113
105 125 149
105 146 104
105 147 137
105 178 89
105 189 141
105 191 143
105 192 124
106 113 161
106 119 110
106 137 49
106 143 92
106 167 136
106 173 52
107 139 89
107 142 150
107 160 132
107 169 131
107 172 118
108 128 102
108 135 144
108 152 112
108 153 168
108 177 78
108 182 114
108 184 79
108 199 70
108 200 33
109 111 138
109 112 199
109 135 86
109 136 109
109 138 105
109 141 105
109 145 36
109 160 123
109 169 111
109 180 207
109 182 120
109 198 27
110 124 131
110 125 202
110 134 123
110 147 112
110 178 147
110 183 138
110 185 140
110 191 138
111 112 82
111 141 111
111 144 132
111 145 107
111 153 185
111 171 144
111 180 81
111 193 143
111 198 141
112 135 208
112 141 125
112 145 177
112 153 113
112 180 20
112 198 192
112 200 201
113 130 61
113 133 52
113 137 112
113 158 118
113 167 31
113 181 40
114 121 128
114 126 164
114 134 68
114 161 113
114 163 130
114 183 57
114 185 119
115 119 151
115 139 127
115 140 63
115 150 135
115 156 51
116 117 167
116 126 127
116 129 165
116 149 95
116 159 112
116 168 77
116 194 49
117 123 171
117 129 19
117 131 47
117 194 165
118 120 94
118 122 151
118 123 175
118 127 117
118 132 28
118 148 184
118 151 187
118 164 223
118 166 175
118 170 131
118 175 8
118 176 91
119 137 160
119 140 89
119 143 129
119 156 144
119 173 111
120 127 88
120 132 90
120 151 191
120 166 202
120 170 101
120 175 96
120 176 185
121 161 14
121 163 113
121 177 41
121 183 101
121 184 52
121 185 119
121 199 100
122 123 68
122 127 188
122 132 140
122 151 166
122 166 123
122 170 193
122 175 155
122 176 122
122 186 105
122 195 72
123 129 179
123 131 154
123 132 174
123 175 176
123 176 107
123 186 112
123 195 139
124 128 72
124 146 104
124 152 64
124 185 85
124 189 100
124 192 86
124 199 115
125 146 218
125 147 130
125 178 60
125 191 103
126 161 164
126 163 54
126 168 82
127 132 93
127 151 104
127 166 123
127 170 14
127 175 125
127 195 168
128 146 157
128 152 26
128 153 176
128 185 73
128 189 133
128 192 127
128 199 56
128 200 129
129 131 37
129 194 168
130 133 57
130 137 142
130 158 79
130 167 59
130 181 52
131 176 167
131 190 185
132 151 159
132 166 148
132 170 106
132 175 36
132 176 106
132 195 158
133 137 164
133 158 73
133 167 77
133 181 12
134 183 111
134 185 163
135 138 33
135 141 83
135 145 113
135 154 146
135 174 85
135 182 33
135 198 60
135 200 116
136 142 138
136 144 57
136 145 86
136 169 116
136 171 93
136 172 122
136 188 79
136 193 109
136 198 135
137 143 121
137 167 89
137 173 86
137 181 152
138 141 116
138 145 137
138 154 113
138 174 52
138 182 37
138 198 82
138 200 126
139 150 72
139 156 157
139 160 65
139 169 89
140 143 201
140 156 61
140 173 193
141 145 105
141 153 154
141 180 141
141 182 94
141 198 85
141 200 112
142 144 157
142 169 155
142 172 44
142 188 112
143 167 206
143 173 40
144 145 119
144 171 37
144 180 206
144 188 56
144 193 52
145 169 126
145 171 153
145 180 182
145 193 163
145 198 55
146 152 161
146 178 168
146 189 44
146 192 35
147 178 106
147 191 31
148 155 195
148 157 133
148 164 62
148 175 176
148 176 163
148 190 45
149 159 38
149 165 138
149 168 157
149 179 164
149 194 47
150 154 125
150 156 140
150 160 80
150 169 118
150 174 136
151 166 46
151 170 94
151 175 196
151 186 229
151 195 108
152 183 110
152 185 47
152 189 144
152 192 135
152 199 51
153 180 129
153 200 156
154 174 61
154 182 139
155 157 99
155 164 143
155 190 212
157 164 71
157 175 270
157 190 168
158 167 132
158 181 81
159 165 165
159 168 157
159 179 147
159 194 74
160 169 38
160 172 143
160 198 137
161 163 109
161 177 50
161 183 87
161 184 65
161 185 110
161 199 99
162 165 111
162 179 123
162 187 135
162 196 57
162 197 139
163 168 108
164 175 214
164 176 220
164 190 99
165 187 181
165 194 164
165 196 167
165 197 123
166 170 117
166 175 183
166 186 183
166 195 62
167 173 174
167 181 65
168 194 120
169 172 112
169 198 132
170 175 139
170 195 166
171 188 59
171 193 16
172 188 124
174 182 79
174 184 137
174 198 127
175 176 88
175 190 192
176 186 213
176 190 157
177 183 117
177 184 25
177 185 111
177 199 73
177 200 102
178 191 91
179 196 134
180 193 204
180 198 203
182 184 121
182 198 93
182 200 89
183 185 63
183 199 106
184 199 93
184 200 96
185 199 61
186 195 121
186 197 203
187 196 135
187 197 86
188 193 74
189 192 17
196 197 171
199 200 103
