200 1643
1 28 143
1 44 63
1 46 68
1 57 161
1 67 156
1 138 31
1 142 121
1 149 140
1 155 73
1 167 110
1 186 59
1 194 63
1 198 137
1 200 99
2 5 153
2 17 79
2 42 18
2 53 112
2 74 109
2 89 113
2 92 130
2 117 125
2 122 133
2 129 36
2 157 68
2 159 114
2 161 104
2 195 37
3 18 97
3 20 153
3 34 68
3 49 98
3 59 95
3 79 110
3 84 160
3 95 31
3 114 143
3 118 69
3 125 170
3 144 121
3 156 12
3 158 131
3 182 31
3 184 99
4 21 54
4 22 101
4 66 108
4 68 150
4 72 141
4 82 153
4 127 129
4 136 83
4 140 148
4 147 124
4 176 115
4 177 65
4 182 165
4 184 108
5 13 89
5 17 144
5 29 139
5 50 86
5 70 108
5 92 44
5 106 72
5 117 65
5 129 136
5 143 148
5 157 87
5 161 135
5 168 152
5 180 89
5 185 141
6 7 60
6 23 68
6 58 82
6 71 56
6 76 73
6 78 95
6 83 80
6 88 121
6 119 101
6 120 138
6 134 65
6 136 139
6 147 96
6 171 98
6 175 115
6 177 193
7 14 187
7 23 13
7 30 146
7 58 141
7 60 105
7 71 32
7 76 91
7 78 42
7 83 30
7 88 118
7 119 71
7 120 157
7 130 108
7 134 7
7 147 147
7 152 144
7 164 109
7 171 78
7 175 106
7 187 117
8 30 123
8 66 158
8 68 159
8 94 51
8 121 67
8 127 134
8 137 151
8 152 122
8 155 173
8 173 83
8 175 135
8 191 51
8 196 85
8 199 141
8 200 136
9 15 133
9 16 61
9 37 178
9 40 118
9 64 228
9 67 127
9 81 97
9 97 111
9 103 69
9 104 144
9 112 92
9 128 91
9 153 126
9 162 147
9 166 132
9 174 146
9 197 30
10 28 112
10 35 75
10 41 31
10 47 128
10 48 78
10 51 145
10 57 104
10 86 48
10 91 140
10 102 156
10 124 146
10 126 40
10 133 111
10 135 49
10 139 174
10 142 133
10 170 166
10 189 99
10 192 51
11 19 261
11 33 249
11 53 148
11 65 104
11 74 207
11 81 136
11 87 88
11 89 176
11 93 148
11 96 73
11 97 107
11 103 134
11 104 108
11 110 186
11 112 111
11 116 61
11 131 70
11 145 100
11 148 69
11 174 120
11 181 132
12 47 123
12 51 123
12 63 107
12 73 192
12 80 127
12 102 92
12 107 199
12 109 196
12 123 151
12 124 150
12 133 145
12 139 88
12 183 197
12 188 114
13 38 142
13 50 130
13 59 143
13 70 128
13 92 115
13 106 118
13 117 129
13 143 68
13 168 135
13 180 3
13 185 52
13 190 151
13 198 149
14 23 176
14 60 192
14 62 103
14 71 161
14 76 137
14 78 156
14 83 161
14 88 84
14 111 113
14 120 112
14 130 113
14 163 60
14 187 130
15 19 199
15 33 173
15 37 219
15 45 45
15 61 111
15 64 243
15 65 63
15 93 25
15 97 143
15 103 112
15 110 221
15 112 109
15 113 77
15 128 173
15 145 53
15 148 99
15 153 114
15 162 49
15 179 151
15 197 138
16 36 95
16 37 215
16 40 130
16 46 147
16 67 92
16 81 93
16 97 119
16 103 97
16 104 138
16 112 118
16 128 125
16 149 107
16 166 82
16 167 101
16 174 135
16 197 80
17 42 96
17 50 137
17 53 46
17 74 107
17 87 115
17 89 88
17 96 126
17 106 137
17 129 104
17 157 95
17 181 93
17 195 116
18 20 56
18 26 70
18 34 52
18 49 61
18 55 108
18 59 97
18 69 179
18 79 149
18 84 157
18 85 142
18 95 124
18 98 215
18 105 170
18 108 119
18 114 96
18 118 96
18 144 23
18 150 112
18 151 192
18 156 104
18 172 157
18 182 123
19 33 30
19 45 154
19 61 103
19 65 180
19 93 176
19 110 139
19 113 122
19 145 204
19 148 197
19 153 269
19 162 196
19 179 91
20 26 37
20 29 125
20 34 101
20 49 94
20 55 68
20 59 135
20 69 128
20 85 86
20 98 179
20 105 178
20 108 79
20 114 106
20 144 32
20 150 76
20 151 198
20 156 161
20 172 101
21 22 147
21 58 142
21 66 155
21 82 106
21 95 184
21 127 173
21 136 88
21 140 101
21 147 116
21 176 169
21 177 13
21 182 186
21 184 143
22 38 142
22 66 8
22 68 67
22 72 92
22 99 124
22 121 103
22 127 28
22 136 98
22 147 131
22 176 82
22 177 152
22 184 162
22 190 124
22 196 78
23 58 148
23 60 97
23 62 214
23 71 27
23 76 88
23 78 29
23 83 16
23 88 109
23 119 81
23 120 151
23 130 95
23 134 17
23 163 177
23 164 104
23 171 90
23 175 118
23 187 105
24 25 188
24 27 147
24 31 107
24 32 72
24 35 136
24 39 191
24 52 62
24 56 149
24 75 122
24 94 175
24 100 20
24 101 130
24 141 141
24 146 88
24 154 89
24 160 46
24 169 53
24 189 122
24 193 146
25 27 99
25 31 155
25 32 124
25 39 32
25 54 171
25 56 128
25 75 89
25 90 154
25 100 183
25 101 166
25 154 149
25 160 176
25 165 167
26 29 89
26 34 98
26 49 123
26 55 100
26 59 119
26 69 148
26 70 108
26 85 95
26 98 210
26 108 49
26 114 142
26 122 172
26 144 51
26 150 43
26 159 154
26 172 112
27 31 178
27 32 120
27 39 76
27 56 29
27 75 32
27 77 179
27 90 76
27 100 153
27 101 69
27 137 143
27 154 162
27 160 162
27 199 166
28 35 130
28 41 128
28 46 144
28 52 135
28 57 22
28 86 97
28 126 132
28 135 98
28 138 137
28 142 23
28 155 113
28 186 85
28 192 68
28 200 149
29 42 161
29 59 138
29 70 50
29 85 147
29 92 97
29 108 57
29 117 76
29 122 126
29 129 126
29 144 136
29 150 55
29 157 119
29 159 93
29 161 61
29 172 163
29 195 148
30 60 150
30 77 205
30 90 193
30 94 150
30 101 146
30 119 78
30 134 138
30 137 72
30 152 3
30 164 129
30 171 82
30 173 60
30 175 79
30 191 77
30 199 47
31 32 61
31 39 176
31 43 110
31 48 114
31 52 127
31 54 133
31 75 145
31 91 75
31 100 87
31 132 91
31 141 45
31 146 41
31 154 19
31 160 62
31 165 96
31 189 95
31 193 57
32 39 135
32 52 120
32 56 135
32 75 88
32 90 195
32 100 60
32 101 139
32 141 106
32 146 76
32 154 43
32 160 51
32 165 143
32 169 125
32 189 132
32 193 117
33 45 127
33 61 73
33 65 161
33 93 151
33 110 151
33 113 96
33 145 183
33 148 183
33 153 239
33 162 167
33 179 63
34 49 96
34 59 49
34 70 131
34 79 158
34 95 99
34 114 139
34 118 105
34 144 71
34 150 133
34 156 69
34 182 84
34 184 140
35 41 105
35 48 22
35 52 92
35 57 111
35 86 118
35 91 87
35 100 121
35 115 118
35 126 42
35 132 104
35 135 119
35 141 104
35 146 83
35 160 109
35 169 150
35 189 26
35 192 68
35 193 95
36 44 127
36 46 150
36 50 138
36 67 151
36 81 106
36 97 133
36 103 145
36 104 123
36 106 150
36 149 28
36 166 20
36 167 61
36 168 91
36 174 113
36 194 147
36 198 100
37 40 101
37 64 59
37 67 192
37 73 168
37 107 157
37 123 223
37 128 90
37 153 106
37 162 186
37 170 175
37 197 147
38 66 135
38 68 77
38 72 63
38 99 23
38 121 149
38 127 141
38 143 81
38 176 90
38 180 141
38 185 102
38 190 19
38 194 147
38 196 149
39 54 203
39 56 104
39 75 77
39 90 123
39 100 189
39 101 146
39 154 167
39 160 187
39 165 198
40 46 176
40 64 160
40 67 90
40 73 213
40 103 188
40 107 195
40 128 47
40 153 139
40 162 207
40 167 196
40 170 121
40 197 93
41 47 111
41 48 105
41 51 117
41 57 125
41 80 219
41 86 39
41 102 136
41 123 140
41 124 116
41 126 65
41 133 99
41 135 40
41 139 147
41 142 146
41 170 144
41 189 128
41 192 77
42 53 126
42 74 110
42 89 119
42 92 140
42 117 133
42 122 118
42 129 37
42 157 79
42 159 103
42 161 101
42 195 21
43 54 56
43 91 91
43 109 94
43 115 85
43 132 78
43 141 83
43 146 137
43 154 130
43 165 33
43 178 84
43 183 106
43 188 174
43 189 158
43 193 86
44 46 104
44 138 79
44 143 157
44 149 99
44 155 122
44 166 146
44 167 85
44 168 112
44 186 122
44 194 21
44 198 74
44 200 131
45 61 68
45 65 64
45 93 26
45 103 156
45 110 191
45 112 150
45 113 31
45 145 73
45 148 102
45 153 136
45 162 56
45 179 109
46 67 88
46 138 37
46 142 123
46 149 129
46 155 127
46 166 160
46 167 89
46 170 167
46 186 70
46 194 117
46 200 163
47 51 74
47 63 189
47 73 216
47 80 170
47 102 31
47 107 211
47 109 120
47 115 129
47 123 124
47 124 102
47 126 131
47 133 24
47 139 75
47 178 169
47 183 102
47 188 85
48 52 111
48 57 132
48 86 125
48 91 69
48 100 131
48 109 144
48 115 96
48 126 39
48 132 83
48 133 130
48 135 126
48 141 90
48 146 81
48 154 120
48 160 114
48 183 112
48 189 25
48 192 84
48 193 79
49 55 108
49 69 185
49 79 97
49 84 96
49 95 112
49 98 194
49 105 113
49 114 46
49 118 53
49 125 143
49 144 72
49 151 135
49 156 110
49 158 121
49 182 130
50 87 143
50 92 127
50 106 14
50 143 155
50 157 140
50 166 143
50 168 93
50 174 138
50 180 128
50 181 100
50 198 132
51 63 220
51 73 144
51 80 107
51 86 141
51 102 64
51 107 137
51 123 50
51 124 32
51 133 91
51 135 140
51 139 35
51 170 158
51 188 148
52 57 114
52 94 165
52 100 61
52 126 133
52 142 152
52 146 91
52 154 115
52 160 72
52 169 58
52 189 90
52 192 115
53 74 90
53 87 92
53 89 61
53 96 82
53 116 121
53 129 143
53 131 149
53 157 141
53 181 89
53 195 148
54 91 141
54 109 145
54 115 141
54 132 132
54 141 123
54 146 170
54 154 149
54 165 40
54 178 119
54 183 161
54 193 131
55 69 77
55 84 162
55 85 69
55 98 111
55 105 141
55 108 127
55 114 88
55 144 88
55 150 127
55 151 155
55 172 74
56 75 53
56 77 162
56 90 62
56 100 159
56 101 44
56 137 116
56 160 171
56 169 173
56 199 138
57 86 99
57 126 118
57 135 100
57 138 157
57 142 43
57 155 122
57 186 104
57 189 133
57 192 55
57 200 154
58 71 129
58 76 105
58 82 192
58 83 157
58 88 155
58 120 138
58 134 147
58 136 111
58 140 186
58 147 78
58 171 168
58 177 129
59 70 105
59 95 124
59 144 111
59 150 141
59 156 90
59 180 146
59 182 95
59 184 128
59 185 130
60 62 177
60 71 119
60 77 112
60 78 77
60 83 89
60 90 181
60 111 194
60 119 123
60 130 79
60 134 102
60 152 151
60 163 161
60 164 24
60 171 139
60 187 63
61 65 123
61 93 95
61 110 191
61 112 218
61 113 41
61 145 139
61 148 157
61 153 165
61 162 95
61 179 40
62 71 211
62 77 206
62 78 185
62 83 197
62 88 167
62 111 17
62 120 210
62 130 119
62 163 47
62 164 201
62 187 119
63 80 232
63 102 168
63 109 197
63 115 245
63 123 256
63 124 250
63 133 204
63 139 188
63 178 192
63 183 215
63 188 125
64 67 251
64 73 163
64 80 228
64 107 159
64 123 240
64 128 146
64 153 130
64 162 201
64 170 221
64 197 199
65 93 47
65 97 138
65 103 127
65 110 166
65 112 113
65 113 81
65 116 151
65 131 137
65 145 26
65 148 39
65 162 106
65 179 163
66 68 59
66 72 87
66 99 116
66 121 97
66 127 24
66 136 106
66 147 138
66 176 80
66 177 160
66 190 118
66 196 73
67 128 121
67 138 125
67 149 145
67 166 150
67 167 113
67 170 131
67 186 151
67 197 121
68 72 49
68 99 57
68 121 92
68 127 63
68 136 165
68 143 157
68 176 62
68 185 164
68 190 62
68 196 81
69 85 58
69 98 87
69 105 195
69 108 149
69 114 161
69 122 194
69 144 157
69 150 154
69 151 203
69 172 44
70 92 76
70 108 97
70 117 63
70 150 91
70 157 122
70 159 138
70 161 95
70 180 130
70 185 154
71 76 60
71 78 42
71 83 29
71 88 86
71 111 229
71 119 103
71 120 125
71 130 98
71 134 39
71 163 171
71 164 128
71 171 109
71 175 135
71 187 113
72 99 57
72 121 142
72 127 102
72 143 128
72 176 27
72 184 128
72 185 121
72 190 43
72 196 130
73 80 65
73 102 197
73 107 20
73 123 99
73 124 125
73 133 235
73 139 145
73 170 170
74 87 177
74 89 32
74 96 133
74 116 156
74 129 145
74 157 171
74 159 208
74 181 179
74 195 127
75 90 108
75 100 125
75 101 79
75 137 153
75 154 130
75 160 131
75 169 160
76 78 95
76 83 85
76 88 52
76 111 230
76 120 67
76 130 125
76 134 99
76 147 158
76 163 168
76 187 145
77 78 188
77 83 201
77 90 103
77 101 174
77 111 217
77 130 167
77 137 183
77 164 108
77 187 144
77 199 184
78 83 14
78 88 101
78 111 203
78 119 101
78 120 151
78 130 66
78 134 43
78 163 151
78 164 89
78 171 112
78 187 75
79 82 180
79 84 70
79 95 94
79 105 119
79 114 111
79 118 54
79 125 60
79 140 184
79 151 136
79 156 120
79 158 24
79 182 131
80 102 145
80 107 75
80 123 82
80 124 103
80 133 192
80 139 94
80 170 197
80 188 217
81 87 118
81 97 29
81 103 48
81 104 47
81 112 50
81 128 188
81 131 72
81 145 138
81 149 133
81 166 86
81 167 154
81 174 48
81 181 131
81 197 128
82 95 179
82 125 186
82 136 189
82 140 6
82 147 205
82 156 210
82 158 167
82 177 105
82 182 201
82 184 194
83 88 99
83 111 215
83 119 95
83 120 145
83 130 79
83 134 33
83 163 161
83 164 99
83 171 105
83 175 133
83 187 89
84 95 154
84 98 197
84 105 50
84 114 76
84 118 90
84 125 66
84 144 166
84 151 66
84 156 172
84 158 75
85 98 139
85 108 90
85 114 156
85 122 152
85 144 118
85 150 95
85 159 156
85 172 17
86 123 151
86 124 131
86 126 88
86 133 138
86 135 1
86 142 112
86 170 119
86 186 163
86 192 66
87 89 145
87 96 75
87 97 101
87 104 71
87 112 129
87 116 106
87 131 59
87 174 75
87 181 44
88 111 182
88 120 57
88 130 99
88 134 124
88 163 120
88 187 122
89 96 103
89 116 129
89 129 150
89 131 197
89 157 166
89 181 150
89 195 139
90 101 91
90 137 138
90 152 197
90 164 165
90 199 153
91 109 101
91 115 51
91 126 100
91 132 22
91 141 32
91 146 69
91 154 91
91 160 113
91 165 102
91 178 136
91 183 81
91 188 173
91 189 67
91 193 18
92 106 113
92 117 21
92 129 105
92 157 62
92 159 142
92 161 91
92 180 116
92 185 161
92 195 140
93 103 129
93 110 197
93 112 123
93 113 57
93 145 48
93 148 86
93 153 134
93 162 59
93 179 136
94 121 105
94 137 154
94 152 150
94 155 136
94 169 123
94 173 95
94 191 74
94 196 129
94 199 152
94 200 107
95 114 153
95 118 69
95 125 153
95 140 181
95 144 148
95 156 34
95 158 112
95 177 197
95 182 38
95 184 94
96 97 154
96 104 137
96 110 211
96 112 171
96 116 40
96 131 107
96 148 138
96 174 144
96 181 109
97 103 46
97 104 38
97 112 34
97 116 163
97 131 47
97 145 115
97 148 130
97 166 113
97 174 47
97 181 123
97 197 141
98 105 151
98 108 226
98 114 154
98 144 199
98 151 150
98 172 129
99 121 126
99 127 120
99 143 104
99 176 84
99 180 165
99 185 124
99 190 21
99 194 151
99 196 126
100 101 144
100 141 120
100 146 68
100 154 70
100 160 26
100 169 69
100 189 105
100 193 126
101 137 74
101 152 150
101 169 141
101 173 133
101 191 166
101 199 99
102 107 195
102 109 139
102 115 155
102 123 113
102 124 97
102 133 55
102 139 52
102 178 182
102 183 126
102 188 84
103 104 84
103 112 22
103 128 157
103 131 90
103 145 101
103 148 133
103 153 163
103 162 147
103 166 125
103 174 90
103 197 97
104 112 73
104 116 155
104 131 38
104 166 106
104 174 12
104 181 85
105 114 74
105 118 128
105 125 109
105 144 171
105 151 22
105 158 125
106 117 135
106 143 148
106 157 131
106 168 97
106 174 152
106 180 116
106 181 111
106 198 135
107 123 90
107 124 115
107 128 220
107 139 143
107 170 150
108 117 134
108 122 123
108 144 100
108 150 8
108 159 105
108 161 100
108 172 106
109 115 51
109 132 79
109 133 106
109 141 122
109 165 126
109 178 55
109 183 33
109 188 82
109 193 113
110 113 175
110 116 170
110 145 190
110 148 152
110 179 206
111 120 222
111 130 137
111 163 62
111 164 217
111 187 137
112 113 179
112 128 178
112 131 70
112 145 88
112 148 114
112 162 150
112 166 134
112 174 81
112 179 259
112 197 119
113 145 97
113 148 116
113 153 157
113 162 78
113 179 82
114 118 86
114 125 138
114 144 97
114 151 96
114 156 155
114 158 130
114 172 163
115 126 112
115 132 30
115 133 108
115 141 77
115 165 110
115 178 95
115 183 31
115 188 123
115 189 106
115 193 65
116 131 119
116 145 154
116 148 111
116 174 164
116 181 145
117 122 160
117 129 96
117 150 132
117 157 61
117 159 123
117 161 72
117 180 131
117 195 130
118 125 111
118 144 115
118 151 149
118 156 82
118 158 79
118 182 98
118 184 163
119 134 65
119 137 145
119 147 146
119 152 75
119 164 112
119 171 16
119 173 134
119 175 43
119 191 138
119 199 120
120 130 156
120 134 164
120 163 163
120 187 179
121 127 75
121 155 181
121 173 146
121 176 152
121 190 142
121 191 112
121 196 26
121 200 139
122 129 110
122 150 131
122 157 149
122 159 37
122 161 88
122 172 156
122 195 96
123 124 25
123 133 140
123 135 150
123 139 70
123 170 128
124 133 117
124 135 130
124 139 62
124 170 128
125 140 192
125 151 117
125 156 181
125 158 41
125 182 191
126 132 109
126 133 109
126 135 89
126 183 119
126 189 62
126 192 63
126 193 114
127 136 113
127 147 139
127 176 99
127 177 177
127 190 125
127 196 49
128 153 93
128 162 159
128 170 167
128 197 60
129 157 49
129 159 84
129 161 67
129 195 35
130 134 110
130 163 89
130 164 102
130 187 22
131 145 119
131 148 116
131 174 50
131 181 92
132 133 131
132 141 46
132 146 91
132 154 109
132 165 95
132 178 114
132 183 62
132 188 153
132 189 87
132 193 35
133 135 138
133 139 98
133 178 159
133 183 83
133 188 90
134 147 149
134 152 136
134 164 104
134 171 73
134 175 101
134 187 118
135 139 174
135 142 113
135 170 118
135 192 67
136 140 183
136 147 42
136 171 161
136 175 149
136 176 161
136 177 84
136 196 152
137 152 75
137 164 148
137 169 148
137 173 67
137 175 151
137 191 101
137 199 25
138 142 114
138 149 133
138 155 94
138 167 98
138 186 52
138 194 86
138 198 149
138 200 126
139 188 132
140 147 199
140 156 211
140 158 172
140 177 100
140 182 202
140 184 192
141 146 54
141 154 62
141 160 94
141 165 83
141 178 147
141 183 108
141 189 79
141 193 13
142 155 96
142 170 171
142 186 62
142 192 91
142 200 135
143 168 113
143 176 149
143 180 66
143 185 55
143 190 95
143 194 151
143 198 108
144 150 95
144 151 192
144 156 128
144 172 133
144 182 146
145 148 48
145 153 165
145 162 102
145 179 179
146 154 40
146 160 43
146 165 130
146 169 130
146 189 58
146 192 147
146 193 58
147 171 133
147 175 127
147 177 108
148 162 145
148 179 195
149 166 47
149 167 39
149 168 83
149 174 141
149 194 120
149 198 81
150 159 111
150 161 102
150 172 112
151 158 139
152 164 130
152 171 79
152 173 61
152 175 75
152 191 76
152 199 50
153 162 79
153 179 188
153 197 104
154 160 46
154 165 113
154 169 139
154 189 98
154 193 73
155 186 69
155 192 178
155 194 110
155 200 41
156 158 141
156 182 19
156 184 87
157 159 116
157 161 77
157 195 84
158 182 150
159 161 51
159 172 164
159 195 82
160 169 94
160 189 88
160 193 100
161 195 87
162 179 128
162 197 141
163 164 185
163 187 98
164 171 128
164 187 87
164 199 134
165 178 116
165 183 135
165 193 91
166 167 74
166 168 108
166 174 96
166 197 158
166 198 120
167 168 114
167 186 150
167 194 107
167 198 100
168 180 131
168 185 160
168 194 123
168 198 39
169 173 141
169 189 145
169 191 151
171 173 133
171 175 29
171 191 134
171 199 126
173 175 120
173 191 33
173 196 156
173 199 58
174 181 82
175 191 113
175 196 139
175 199 126
176 177 180
176 182 171
176 184 106
176 185 133
176 190 70
176 196 136
177 184 157
178 183 88
178 188 107
178 193 143
180 185 53
180 190 150
180 198 146
182 184 68
183 188 92
183 193 97
184 185 157
185 190 106
186 192 153
186 194 122
186 200 110
189 192 94
189 193 72
190 196 139
191 196 124
191 199 90
194 198 84
194 200 114
196 200 165
