200 1610
1 17 126
1 25 78
1 32 140
1 62 48
1 74 149
1 79 140
1 83 45
1 95 108
1 102 119
1 104 109
1 113 128
1 116 144
1 150 35
1 164 41
1 167 118
1 171 107
1 192 109
1 199 94
2 5 61
2 22 164
2 31 140
2 66 44
2 76 76
2 84 155
2 97 127
2 120 139
2 122 125
2 129 136
2 141 144
2 146 73
2 168 150
2 170 83
2 198 129
3 6 183
3 10 112
3 18 163
3 28 113
3 38 187
3 41 22
3 54 158
3 68 58
3 92 139
3 99 164
3 111 197
3 137 136
3 140 111
3 178 115
4 9 100
4 11 125
4 20 52
4 35 120
4 47 46
4 48 141
4 61 136
4 87 71
4 105 95
4 106 140
4 135 105
4 152 95
4 157 164
4 159 50
4 166 114
4 188 77
4 195 83
5 22 143
5 31 195
5 66 104
5 76 125
5 84 183
5 97 172
5 120 198
5 122 130
5 129 185
5 146 131
5 168 158
5 170 120
5 198 169
6 10 87
6 13 140
6 18 109
6 28 177
6 41 167
6 43 134
6 53 134
6 68 132
6 92 72
6 98 147
6 111 31
6 178 80
6 184 113
6 193 130
7 16 137
7 29 95
7 46 154
7 85 109
7 108 70
7 112 127
7 121 122
7 125 45
7 127 59
7 136 92
7 138 169
7 148 30
7 156 105
7 177 131
7 179 103
8 13 119
8 14 39
8 34 52
8 43 159
8 49 148
8 53 157
8 75 111
8 77 83
8 89 38
8 91 112
8 98 116
8 123 82
8 142 111
8 183 35
8 184 156
8 193 145
9 11 80
9 12 167
9 16 135
9 20 129
9 35 113
9 47 90
9 82 154
9 106 137
9 121 144
9 152 163
9 157 65
9 159 80
9 166 164
9 177 167
9 195 37
10 18 137
10 28 92
10 41 91
10 43 208
10 53 209
10 68 81
10 92 27
10 111 112
10 137 193
10 140 160
10 178 72
10 184 200
11 12 97
11 16 175
11 20 173
11 47 85
11 117 111
11 121 174
11 128 124
11 135 169
11 152 133
11 157 86
11 159 76
11 166 119
11 194 161
11 195 112
12 42 126
12 47 177
12 50 120
12 116 128
12 117 60
12 128 97
12 141 150
12 157 134
12 159 171
12 166 178
12 174 181
12 194 64
13 14 139
13 18 169
13 34 154
13 43 75
13 53 73
13 89 155
13 98 16
13 111 116
13 178 195
13 183 153
13 184 43
13 193 45
14 34 15
14 43 191
14 49 159
14 53 188
14 75 111
14 77 85
14 89 56
14 91 129
14 98 132
14 123 93
14 142 87
14 158 168
14 183 32
14 184 168
14 193 154
15 21 141
15 40 54
15 56 181
15 57 166
15 65 76
15 69 61
15 72 75
15 81 107
15 90 70
15 93 59
15 102 127
15 119 121
15 133 163
15 160 111
15 172 187
15 190 35
15 197 95
15 200 42
16 36 155
16 45 151
16 82 176
16 108 101
16 121 21
16 125 116
16 138 139
16 148 144
16 157 88
16 177 40
16 195 155
17 25 53
17 32 33
17 44 136
17 50 145
17 62 116
17 74 24
17 78 65
17 79 24
17 116 134
17 134 126
17 150 124
17 174 92
17 192 89
18 28 221
18 36 160
18 41 159
18 43 109
18 53 111
18 54 143
18 68 107
18 92 145
18 98 183
18 99 150
18 111 91
18 137 119
18 138 162
18 140 96
18 178 66
18 184 169
18 193 188
19 29 167
19 46 87
19 49 140
19 85 159
19 91 168
19 112 119
19 115 148
19 136 160
19 139 62
19 144 162
19 145 122
19 155 118
19 156 172
19 167 170
19 176 73
19 185 134
20 30 157
20 35 94
20 47 98
20 48 89
20 61 90
20 87 55
20 96 190
20 105 102
20 106 108
20 114 148
20 135 137
20 152 138
20 159 102
20 186 196
20 188 71
20 189 165
20 195 98
21 39 178
21 40 109
21 69 105
21 83 90
21 95 82
21 102 63
21 104 52
21 109 75
21 119 31
21 130 175
21 150 110
21 160 108
21 164 123
21 171 140
21 196 178
21 197 47
21 199 41
21 200 103
22 27 182
22 55 98
22 60 84
22 66 184
22 67 196
22 84 130
22 110 181
22 122 65
22 147 86
22 153 198
22 181 172
22 198 154
23 33 183
23 52 8
23 64 134
23 76 168
23 94 145
23 97 149
23 107 76
23 129 164
23 132 146
23 134 140
23 163 42
23 168 64
23 170 146
23 180 116
24 27 76
24 30 209
24 60 181
24 67 133
24 71 142
24 88 53
24 100 64
24 110 91
24 124 134
24 147 184
24 151 37
24 153 170
24 181 126
24 187 144
25 32 78
25 50 136
25 62 62
25 74 78
25 78 80
25 79 74
25 83 116
25 116 105
25 150 87
25 164 118
25 174 101
25 192 94
25 194 170
26 51 5
26 57 207
26 70 197
26 72 202
26 81 173
26 86 60
26 90 207
26 126 179
26 131 56
26 154 30
26 162 148
26 172 144
26 175 145
26 182 54
27 55 158
27 60 104
27 67 91
27 71 103
27 88 22
27 100 68
27 110 32
27 124 128
27 147 109
27 151 69
27 153 125
27 181 70
27 187 138
28 41 94
28 54 267
28 68 130
28 92 105
28 99 273
28 111 204
28 137 242
28 140 212
28 178 156
28 184 287
29 46 95
29 85 107
29 91 146
29 108 152
29 112 87
29 125 127
29 127 38
29 136 12
29 139 111
29 148 96
29 155 95
29 156 115
29 176 128
29 179 130
30 48 107
30 61 66
30 67 151
30 71 141
30 87 135
30 100 156
30 105 159
30 114 152
30 124 91
30 153 147
30 181 178
30 187 83
30 188 142
31 42 84
31 50 112
31 66 110
31 76 72
31 78 109
31 97 48
31 107 128
31 117 157
31 120 31
31 128 138
31 129 32
31 134 80
31 141 80
31 146 68
31 163 155
31 168 151
31 170 87
31 174 92
32 33 142
32 44 104
32 62 139
32 74 25
32 78 94
32 79 11
32 95 140
32 134 132
32 143 153
32 150 129
32 165 158
32 174 121
32 180 133
32 192 72
33 37 151
33 44 95
33 52 190
33 64 81
33 73 212
33 74 152
33 79 148
33 80 229
33 94 91
33 101 56
33 103 214
33 132 144
33 143 57
33 161 130
33 165 119
33 169 170
33 173 243
33 180 79
33 191 79
34 49 157
34 75 105
34 77 81
34 89 61
34 91 130
34 98 146
34 123 92
34 142 75
34 158 156
34 183 34
34 184 182
34 193 167
35 47 151
35 48 109
35 59 134
35 61 153
35 82 71
35 96 130
35 106 24
35 114 120
35 118 154
35 149 126
35 157 166
35 159 147
35 186 122
35 189 96
35 195 77
36 38 124
36 45 42
36 54 86
36 58 111
36 59 156
36 99 84
36 108 126
36 118 162
36 121 168
36 137 101
36 138 27
36 140 126
36 149 162
36 177 115
37 63 156
37 64 148
37 73 85
37 80 94
37 94 136
37 101 113
37 103 65
37 132 154
37 143 136
37 161 27
37 169 93
37 173 92
37 191 104
38 41 207
38 45 100
38 54 68
38 58 58
38 59 103
38 68 192
38 82 164
38 96 194
38 99 62
38 118 88
38 137 92
38 138 151
38 140 121
38 149 111
38 186 163
39 56 74
39 63 201
39 65 154
39 69 152
39 95 209
39 104 197
39 109 116
39 119 154
39 130 108
39 133 103
39 196 12
39 197 167
39 200 208
40 65 122
40 69 80
40 72 114
40 81 144
40 90 122
40 93 110
40 102 77
40 119 101
40 160 56
40 167 154
40 171 127
40 190 88
40 197 74
40 199 125
40 200 20
41 54 173
41 68 52
41 92 118
41 99 180
41 111 183
41 137 149
41 140 122
41 178 105
42 50 62
42 66 137
42 78 124
42 97 132
42 116 116
42 117 73
42 120 56
42 128 60
42 129 116
42 141 39
42 146 113
42 174 97
42 194 116
42 198 165
43 53 2
43 89 185
43 92 202
43 98 92
43 111 102
43 178 155
43 183 193
43 184 101
43 193 113
44 63 205
44 74 126
44 79 114
44 95 123
44 101 91
44 104 151
44 130 161
44 143 66
44 165 55
44 180 147
44 191 97
44 192 84
45 54 88
45 58 72
45 59 114
45 82 142
45 99 83
45 108 150
45 118 121
45 121 167
45 137 112
45 138 63
45 140 143
45 149 120
45 177 115
45 186 191
46 85 76
46 112 33
46 113 160
46 125 162
46 127 103
46 136 85
46 139 25
46 148 136
46 155 105
46 156 90
46 176 95
46 179 113
47 87 110
47 105 116
47 117 171
47 135 100
47 152 74
47 157 142
47 159 10
47 166 82
47 188 109
47 195 91
48 61 59
48 82 159
48 87 111
48 96 127
48 105 160
48 106 101
48 114 69
48 186 146
48 188 129
48 189 116
48 195 162
49 75 57
49 77 75
49 89 110
49 91 40
49 115 166
49 123 67
49 139 147
49 142 121
49 144 144
49 145 75
49 155 67
49 158 116
49 176 72
49 183 128
49 185 111
50 62 145
50 78 85
50 116 54
50 117 93
50 120 97
50 128 105
50 129 140
50 141 101
50 174 61
50 194 79
51 57 203
51 70 198
51 72 196
51 81 167
51 86 64
51 90 202
51 126 181
51 131 61
51 154 25
51 162 144
51 172 140
51 175 150
51 182 59
52 64 143
52 76 161
52 94 153
52 97 145
52 107 75
52 129 160
52 132 154
52 134 139
52 163 40
52 168 56
52 170 139
52 180 121
53 89 183
53 92 203
53 98 90
53 111 102
53 178 156
53 183 192
53 184 98
53 193 111
54 58 101
54 59 155
54 68 143
54 99 7
54 118 147
54 137 28
54 138 111
54 140 61
54 149 163
54 178 164
55 60 67
55 67 125
55 71 129
55 84 64
55 88 180
55 105 131
55 110 140
55 122 71
55 135 105
55 147 58
55 151 227
55 152 132
55 153 114
55 166 144
55 181 112
55 198 106
56 57 146
56 65 109
56 69 135
56 90 184
56 93 188
56 109 162
56 119 173
56 130 182
56 133 31
56 190 178
56 196 87
56 197 175
57 65 111
57 69 170
57 72 151
57 81 156
57 90 112
57 93 124
57 133 115
57 154 181
57 172 64
57 175 327
57 190 136
57 200 204
58 59 54
58 82 108
58 96 161
58 99 93
58 118 51
58 137 129
58 138 135
58 140 162
58 149 62
58 177 172
58 186 128
58 189 148
59 82 64
59 96 111
59 99 147
59 106 118
59 114 161
59 118 23
59 149 8
59 186 77
59 189 94
60 67 114
60 71 123
60 84 131
60 88 127
60 100 153
60 110 98
60 122 106
60 135 164
60 147 9
60 151 169
60 153 123
60 181 89
61 71 145
61 87 78
61 96 186
61 105 117
61 106 153
61 114 125
61 124 118
61 153 138
61 187 107
61 188 92
61 189 176
62 74 140
62 78 124
62 79 136
62 83 93
62 113 116
62 116 96
62 150 80
62 164 74
62 167 128
62 171 129
62 174 136
62 192 133
62 194 148
63 73 228
63 80 105
63 101 171
63 103 140
63 109 223
63 130 123
63 143 175
63 161 176
63 165 151
63 173 169
63 191 148
63 196 189
64 73 175
64 94 18
64 101 114
64 103 213
64 107 154
64 132 66
64 143 129
64 161 120
64 163 147
64 169 119
64 173 233
64 180 88
64 191 133
65 69 59
65 72 116
65 81 142
65 90 80
65 93 81
65 119 133
65 133 88
65 172 155
65 190 69
65 196 165
65 197 118
65 200 103
66 76 66
66 84 141
66 97 112
66 120 102
66 122 133
66 128 151
66 129 115
66 141 101
66 146 42
66 170 84
66 198 106
67 71 12
67 88 100
67 100 74
67 105 111
67 110 59
67 124 65
67 147 110
67 151 148
67 153 36
67 181 27
67 187 69
67 188 130
68 92 106
68 99 151
68 111 142
68 137 116
68 140 84
68 178 58
69 72 132
69 81 162
69 90 111
69 93 105
69 102 120
69 109 123
69 119 77
69 133 125
69 160 128
69 190 82
69 196 159
69 197 59
69 200 59
70 86 152
70 115 190
70 126 29
70 131 158
70 144 165
70 145 218
70 154 214
70 158 165
70 162 148
70 175 217
70 182 167
70 185 194
71 87 131
71 88 111
71 100 80
71 105 102
71 110 71
71 124 58
71 135 140
71 147 119
71 151 158
71 153 28
71 181 40
71 187 61
71 188 119
72 81 31
72 86 251
72 90 42
72 93 36
72 115 171
72 131 250
72 154 172
72 160 161
72 162 171
72 172 145
72 182 252
72 190 50
72 197 171
72 200 112
73 80 137
73 94 157
73 101 189
73 103 94
73 132 145
73 143 213
73 161 88
73 169 61
73 173 87
73 191 185
74 78 72
74 79 15
74 107 156
74 116 153
74 134 110
74 143 170
74 150 144
74 174 99
74 180 128
74 192 96
75 77 28
75 89 74
75 91 52
75 115 194
75 123 37
75 142 65
75 144 163
75 145 108
75 155 114
75 158 88
75 176 129
75 183 82
75 185 138
76 97 50
76 107 121
76 120 85
76 129 60
76 134 111
76 141 114
76 146 36
76 163 133
76 168 108
76 170 23
77 89 47
77 91 54
77 123 20
77 142 62
77 144 191
77 145 135
77 155 120
77 158 109
77 176 145
77 183 55
77 185 166
78 79 84
78 116 92
78 120 119
78 129 120
78 134 104
78 174 27
78 194 151
79 95 148
79 134 124
79 143 162
79 150 133
79 165 169
79 174 110
79 180 133
79 192 81
80 94 230
80 101 179
80 103 42
80 130 223
80 143 196
80 161 122
80 165 207
80 169 176
80 173 64
80 191 160
81 86 220
81 90 62
81 93 61
81 115 151
81 131 220
81 144 190
81 154 144
81 162 142
81 172 136
81 175 318
81 182 222
81 190 80
81 200 143
82 96 111
82 106 61
82 114 137
82 118 87
82 149 57
82 157 186
82 177 172
82 186 86
82 189 79
82 195 127
83 95 82
83 102 78
83 104 72
83 109 150
83 113 146
83 119 121
83 150 32
83 160 117
83 164 41
83 167 116
83 171 94
83 192 111
83 197 129
83 199 49
84 105 137
84 122 71
84 135 86
84 147 122
84 152 95
84 153 154
84 166 94
84 188 167
84 198 43
85 112 44
85 113 134
85 125 98
85 127 86
85 136 95
85 139 101
85 148 81
85 155 167
85 156 13
85 167 169
85 179 36
86 115 221
86 126 130
86 131 5
86 144 224
86 154 89
86 162 153
86 172 204
86 175 107
86 182 15
87 105 50
87 114 180
87 135 100
87 152 115
87 153 109
87 159 117
87 166 145
87 187 129
87 188 18
87 195 146
88 100 58
88 110 44
88 124 126
88 147 131
88 151 50
88 153 136
88 181 84
88 187 136
89 91 75
89 98 153
89 123 44
89 142 89
89 155 134
89 158 154
89 183 26
89 193 183
90 93 12
90 133 157
90 154 177
90 160 176
90 172 119
90 190 34
90 197 161
90 200 112
91 123 37
91 136 153
91 142 113
91 144 183
91 145 115
91 155 66
91 158 135
91 176 95
91 183 97
91 185 151
92 111 101
92 140 181
92 178 85
92 184 182
92 193 198
93 133 162
93 154 185
93 160 163
93 172 132
93 190 24
93 197 152
93 200 102
94 101 117
94 103 200
94 132 52
94 143 134
94 161 108
94 163 162
94 169 101
94 173 219
94 180 106
94 191 133
95 102 122
95 104 29
95 109 94
95 119 107
95 130 157
95 150 72
95 164 123
95 165 137
95 192 68
95 196 203
95 197 129
95 199 67
96 106 105
96 114 62
96 118 111
96 149 105
96 186 33
96 189 34
97 107 85
97 120 76
97 129 18
97 134 60
97 141 122
97 146 72
97 163 109
97 168 103
97 170 52
97 174 126
98 111 125
98 123 197
98 183 149
98 184 39
98 193 34
99 118 139
99 137 36
99 138 110
99 140 69
99 149 155
100 110 55
100 124 72
100 147 154
100 151 90
100 153 108
100 181 76
100 187 82
101 103 169
101 130 189
101 132 166
101 143 24
101 161 100
101 165 84
101 169 163
101 173 202
101 180 135
101 191 22
102 104 95
102 109 138
102 119 79
102 150 110
102 160 49
102 164 89
102 167 113
102 171 81
102 197 70
102 199 55
102 200 84
103 132 210
103 143 190
103 161 92
103 169 136
103 173 35
103 191 154
104 109 81
104 119 79
104 130 162
104 150 75
104 160 145
104 164 113
104 165 161
104 192 96
104 196 193
104 197 99
104 199 42
105 124 130
105 135 60
105 152 88
105 153 75
105 159 126
105 166 119
105 181 129
105 187 124
105 188 32
106 114 100
106 118 137
106 149 110
106 186 98
106 189 72
106 195 102
107 129 96
107 134 64
107 146 153
107 163 35
107 168 69
107 170 106
107 180 88
108 121 96
108 125 89
108 127 124
108 136 154
108 138 99
108 148 96
108 156 172
108 177 76
108 179 165
109 119 66
109 130 101
109 133 177
109 165 157
109 192 156
109 196 111
109 197 92
109 199 106
109 200 154
110 124 102
110 147 99
110 151 94
110 153 93
110 181 39
110 187 110
111 140 176
111 178 84
111 184 96
111 193 115
112 113 150
112 125 130
112 127 83
112 136 75
112 139 58
112 148 106
112 155 126
112 156 58
112 176 125
112 179 80
113 116 160
113 150 160
113 156 133
113 160 155
113 164 104
113 167 56
113 171 85
113 179 135
113 194 168
114 118 167
114 149 153
114 186 90
114 189 66
115 126 204
115 131 224
115 144 40
115 145 90
115 154 200
115 155 204
115 158 157
115 162 67
115 175 327
115 176 161
115 182 232
115 185 56
116 117 127
116 120 150
116 128 149
116 174 82
116 194 66
117 120 128
117 128 37
117 141 91
117 157 177
117 159 168
117 166 144
117 174 151
117 194 86
118 137 174
118 149 29
118 186 78
118 189 102
119 130 167
119 133 177
119 160 116
119 190 152
119 196 155
119 197 27
119 199 72
119 200 89
120 128 107
120 129 62
120 134 111
120 141 49
120 146 66
120 170 105
120 174 96
120 194 168
121 125 97
121 138 150
121 148 126
121 157 90
121 177 53
121 179 162
121 195 168
122 135 153
122 146 176
122 147 102
122 152 167
122 166 165
122 181 179
122 198 89
123 142 82
123 145 134
123 155 103
123 158 124
123 176 132
123 183 61
123 185 168
124 151 162
124 153 77
124 181 89
124 187 10
124 188 133
125 127 89
125 136 121
125 148 31
125 156 89
125 157 167
125 177 123
125 179 77
126 131 136
126 144 184
126 145 241
126 154 200
126 158 193
126 162 155
126 175 188
126 182 144
126 185 215
127 136 33
127 139 125
127 148 58
127 155 132
127 156 90
127 176 159
127 179 101
128 141 62
128 146 143
128 166 122
128 194 120
128 198 136
129 134 58
129 141 110
129 146 73
129 163 123
129 168 121
129 170 67
129 174 108
130 143 175
130 165 114
130 191 172
130 196 96
131 144 228
131 154 86
131 162 157
131 172 200
131 175 105
131 182 9
132 143 185
132 161 128
132 163 174
132 169 84
132 173 222
132 180 147
132 191 179
133 172 178
133 190 156
133 196 116
133 197 174
134 146 131
134 163 98
134 168 119
134 170 108
134 174 106
134 180 109
135 147 155
135 152 37
135 153 112
135 159 110
135 166 65
135 188 84
135 198 109
136 139 103
136 148 90
136 155 98
136 156 104
136 176 127
136 179 119
137 138 122
137 140 33
137 178 136
138 140 144
138 177 98
139 145 160
139 148 161
139 155 98
139 156 115
139 167 169
139 176 76
139 179 137
140 178 104
141 146 83
141 170 138
141 174 126
141 194 152
141 198 130
142 145 155
142 155 178
142 158 81
142 183 76
142 185 176
143 161 125
143 165 65
143 169 187
143 173 224
143 180 134
143 191 35
143 192 149
144 145 70
144 158 117
144 162 78
144 175 327
144 176 156
144 182 237
144 185 35
145 155 123
145 158 104
145 162 147
145 176 92
145 185 36
146 163 168
146 168 144
146 170 59
146 198 138
147 151 175
147 153 116
147 181 86
147 198 163
148 156 76
148 177 146
148 179 72
149 186 71
149 189 87
150 164 60
150 167 140
150 171 122
150 192 82
150 199 70
151 153 185
151 181 134
151 187 173
152 153 148
152 159 83
152 166 31
152 188 103
152 198 103
153 181 55
153 187 76
153 188 96
154 162 141
154 172 118
154 175 174
154 182 85
155 176 50
155 183 159
155 185 157
156 179 22
157 159 131
157 177 128
157 195 100
158 183 150
158 185 111
159 166 88
159 188 118
159 195 83
160 164 112
160 167 98
160 171 71
160 190 143
160 197 97
160 199 104
160 200 74
161 165 173
161 169 78
161 173 116
161 191 96
162 175 260
162 182 164
162 185 111
163 168 47
163 170 113
163 180 101
164 167 80
164 171 65
164 199 83
165 191 77
165 192 123
165 196 208
166 188 134
166 198 88
167 171 31
167 199 142
168 170 85
168 180 148
169 173 141
169 180 206
169 191 166
171 197 150
171 199 113
171 200 144
172 175 264
172 182 196
172 190 152
173 191 189
174 194 134
175 182 99
176 185 121
177 195 181
178 184 180
180 191 158
181 187 95
183 184 187
183 193 175
184 193 19
186 189 31
187 188 125
188 195 156
189 195 174
190 197 128
190 200 78
192 199 124
196 197 170
197 199 82
197 200 62
199 200 126
