200 1621
1 3 101
1 7 99
1 18 152
1 24 115
1 29 133
1 37 144
1 42 45
1 46 153
1 67 109
1 68 196
1 74 179
1 77 162
1 85 176
1 86 185
1 102 88
1 107 132
1 162 122
1 173 145
1 189 41
2 8 71
2 11 48
2 19 42
2 32 214
2 46 76
2 67 104
2 86 172
2 110 114
2 131 82
2 139 91
2 144 132
2 146 83
2 149 100
2 181 64
2 188 95
2 199 122
3 7 30
3 18 87
3 24 150
3 29 157
3 42 141
3 74 149
3 77 199
3 85 123
3 86 181
3 102 189
3 107 51
3 162 49
3 173 177
3 189 65
4 9 130
4 32 220
4 58 29
4 71 117
4 97 114
4 110 124
4 116 46
4 124 142
4 127 140
4 168 160
4 170 100
4 181 150
4 186 147
4 188 123
4 192 127
5 26 100
5 34 58
5 53 101
5 57 61
5 59 53
5 61 79
5 82 43
5 109 100
5 112 78
5 115 133
5 119 78
5 120 59
5 136 100
5 156 84
5 163 139
5 167 119
5 171 137
5 190 101
6 44 91
6 45 73
6 49 197
6 50 158
6 60 136
6 62 57
6 64 71
6 66 141
6 84 222
6 90 144
6 121 149
6 133 163
6 147 148
6 150 122
6 152 153
6 165 98
6 183 81
7 18 118
7 24 124
7 29 129
7 42 133
7 74 179
7 77 171
7 85 96
7 102 184
7 107 81
7 162 80
7 173 149
7 189 73
8 11 119
8 19 30
8 46 144
8 47 142
8 67 141
8 81 148
8 110 94
8 131 26
8 139 100
8 143 109
8 144 62
8 146 154
8 149 60
8 181 75
8 188 93
8 199 64
9 11 190
9 32 101
9 58 103
9 97 132
9 110 199
9 116 110
9 124 51
9 127 57
9 146 177
9 168 51
9 181 186
9 186 195
9 188 179
10 15 27
10 21 130
10 40 104
10 50 45
10 52 143
10 73 110
10 79 36
10 90 101
10 133 78
10 150 93
10 157 38
10 169 123
10 175 107
10 176 106
10 179 111
10 200 91
11 18 218
11 19 90
11 32 170
11 46 44
11 67 109
11 74 168
11 86 125
11 110 142
11 131 130
11 139 120
11 146 35
11 149 139
11 168 153
11 181 89
11 188 116
12 16 121
12 25 131
12 31 147
12 70 123
12 73 136
12 76 112
12 78 77
12 100 54
12 101 144
12 140 102
12 142 96
12 154 105
12 164 78
12 184 145
12 185 166
12 198 72
13 22 162
13 63 124
13 80 108
13 88 152
13 93 45
13 96 180
13 98 237
13 104 158
13 108 189
13 114 165
13 117 90
13 153 17
13 185 173
13 191 162
13 196 170
14 22 90
14 27 54
14 30 118
14 36 55
14 48 205
14 56 84
14 65 125
14 83 94
14 88 111
14 98 207
14 99 82
14 108 212
14 114 150
14 123 74
14 125 145
14 130 84
14 137 1
14 172 150
14 187 102
14 191 110
14 194 85
15 21 136
15 40 108
15 50 22
15 52 151
15 73 133
15 79 45
15 90 101
15 133 52
15 150 85
15 157 65
15 169 132
15 175 135
15 176 132
15 200 117
16 25 166
16 31 131
16 51 122
16 80 169
16 88 184
16 100 173
16 104 89
16 117 140
16 128 131
16 140 77
16 142 26
16 185 113
16 198 190
17 20 11
17 25 110
17 35 54
17 44 158
17 60 153
17 63 212
17 64 159
17 66 92
17 80 119
17 87 116
17 93 196
17 96 182
17 103 123
17 104 151
17 121 127
17 180 209
17 185 115
17 196 64
18 42 198
18 46 181
18 67 205
18 74 71
18 85 203
18 86 115
18 107 38
18 146 192
18 162 38
18 189 112
19 46 114
19 67 117
19 110 103
19 131 40
19 139 84
19 141 154
19 144 90
19 146 126
19 149 76
19 181 68
19 188 94
19 199 89
20 25 110
20 35 61
20 44 170
20 60 164
20 63 206
20 64 171
20 66 101
20 80 107
20 87 126
20 93 186
20 96 179
20 103 131
20 104 141
20 121 134
20 153 191
20 180 212
20 185 105
20 196 58
21 25 92
21 35 113
21 50 126
21 62 125
21 66 92
21 70 53
21 73 94
21 90 41
21 100 137
21 121 46
21 133 173
21 150 73
21 157 122
21 176 121
21 200 121
22 27 143
22 36 56
22 51 141
22 56 89
22 88 20
22 114 170
22 117 129
22 123 45
22 130 149
22 137 90
22 153 167
22 187 109
22 191 132
22 194 32
23 33 52
23 39 112
23 51 121
23 69 111
23 72 140
23 81 118
23 91 147
23 92 110
23 128 104
23 158 148
23 161 142
23 166 53
23 187 131
23 195 22
24 29 19
24 37 107
24 42 100
24 68 95
24 77 50
24 85 125
24 102 141
24 107 200
24 162 196
24 173 30
24 189 135
25 35 75
25 66 97
25 70 95
25 73 148
25 80 166
25 90 133
25 100 131
25 104 137
25 121 85
25 142 159
25 185 105
25 196 165
26 34 91
26 38 226
26 41 128
26 57 106
26 59 53
26 61 24
26 82 117
26 113 161
26 118 167
26 119 92
26 120 58
26 136 66
26 145 61
26 148 203
26 170 121
26 186 151
26 190 141
27 30 90
27 36 98
27 43 127
27 48 184
27 56 109
27 65 71
27 75 160
27 83 75
27 98 215
27 99 29
27 105 181
27 106 192
27 114 176
27 123 118
27 125 93
27 126 125
27 130 90
27 137 54
27 138 200
27 172 117
27 187 119
27 191 142
27 194 132
28 39 90
28 69 51
28 72 46
28 91 20
28 92 41
28 94 81
28 95 136
28 122 100
28 132 161
28 134 146
28 141 137
28 151 149
28 158 67
28 160 131
28 161 51
28 177 127
28 178 56
28 197 46
29 37 120
29 42 120
29 68 92
29 77 42
29 85 115
29 102 161
29 107 208
29 162 205
29 173 19
29 189 149
30 36 121
30 43 45
30 56 97
30 65 108
30 75 186
30 99 77
30 105 168
30 106 200
30 123 135
30 125 84
30 126 100
30 137 119
30 160 124
30 166 131
30 177 146
30 187 90
30 194 151
31 33 155
31 47 115
31 51 136
31 54 91
31 55 144
31 78 168
31 101 157
31 128 111
31 135 135
31 140 59
31 142 116
31 193 152
32 46 183
32 58 197
32 74 155
32 86 124
32 116 209
32 124 136
32 127 144
32 146 141
32 168 59
32 181 212
33 39 144
33 47 122
33 51 137
33 54 124
33 69 127
33 72 125
33 81 69
33 92 117
33 128 109
33 158 126
33 161 126
33 166 104
33 195 74
34 57 113
34 59 75
34 61 67
34 71 151
34 82 100
34 109 106
34 112 133
34 119 122
34 120 87
34 136 54
34 156 123
34 163 91
34 170 163
34 184 118
35 44 146
35 62 126
35 64 139
35 66 44
35 70 145
35 80 160
35 87 131
35 90 138
35 103 146
35 104 168
35 121 73
35 183 148
35 185 130
35 196 118
36 56 41
36 83 149
36 88 73
36 99 121
36 123 19
36 130 135
36 137 56
36 187 63
36 191 145
36 194 34
37 42 100
37 68 94
37 77 104
37 85 232
37 94 118
37 95 134
37 102 95
37 122 102
37 132 145
37 141 129
37 151 147
37 173 110
38 41 98
38 89 124
38 97 225
38 111 104
38 113 107
38 118 77
38 145 170
38 148 23
38 155 124
38 159 85
38 174 93
38 182 130
38 186 179
39 43 131
39 69 42
39 72 118
39 91 73
39 92 64
39 134 106
39 160 59
39 161 123
39 166 90
39 177 73
39 178 102
39 195 104
39 197 131
40 50 129
40 52 44
40 53 100
40 79 67
40 112 128
40 133 118
40 156 115
40 157 118
40 167 110
40 169 32
40 175 141
40 179 118
41 89 135
41 97 190
41 111 98
41 113 76
41 118 57
41 120 149
41 145 76
41 148 74
41 155 98
41 159 148
41 174 84
41 182 86
41 186 128
42 67 108
42 68 163
42 77 138
42 85 193
42 102 52
42 107 177
42 139 143
42 141 130
42 162 168
42 173 126
42 189 86
43 56 139
43 65 122
43 75 182
43 99 107
43 105 147
43 106 186
43 125 83
43 126 83
43 134 125
43 160 91
43 166 143
43 177 110
43 187 127
44 45 60
44 49 116
44 60 45
44 62 80
44 64 24
44 66 119
44 84 163
44 87 72
44 103 96
44 147 134
44 152 65
44 165 51
44 180 204
44 183 10
45 49 131
45 60 88
45 62 101
45 64 61
45 66 167
45 84 149
45 87 127
45 103 147
45 147 85
45 152 96
45 165 28
45 183 53
46 67 79
46 74 140
46 86 104
46 102 162
46 107 195
46 131 147
46 139 109
46 146 46
46 162 184
46 168 180
46 181 131
46 188 160
46 189 154
47 54 24
47 55 139
47 81 84
47 129 140
47 131 143
47 135 76
47 143 90
47 144 90
47 149 134
47 192 144
47 199 103
48 65 166
48 75 164
48 83 112
48 98 111
48 99 187
48 106 207
48 108 166
48 114 159
48 130 128
48 137 203
48 138 27
48 172 74
48 191 167
49 60 76
49 62 196
49 64 140
49 84 75
49 87 95
49 96 204
49 103 87
49 147 132
49 152 53
49 165 102
49 180 118
49 183 124
50 70 149
50 73 139
50 79 68
50 90 88
50 133 48
50 150 67
50 157 80
50 175 151
50 176 142
50 200 128
51 56 138
51 88 130
51 117 172
51 123 133
51 128 34
51 140 132
51 142 135
51 166 135
51 187 137
51 194 125
51 195 120
52 53 69
52 79 107
52 82 145
52 112 96
52 133 162
52 156 100
52 157 149
52 167 69
52 169 22
52 175 153
52 179 123
52 190 152
53 57 98
53 82 78
53 109 113
53 112 28
53 115 116
53 119 125
53 156 47
53 167 35
53 169 67
53 171 137
53 175 128
53 179 95
53 190 101
54 55 129
54 81 99
54 128 153
54 129 137
54 135 76
54 140 150
54 143 102
54 144 115
54 149 153
54 192 150
54 193 147
54 199 123
55 71 107
55 78 150
55 101 72
55 129 42
55 135 71
55 143 107
55 154 130
55 163 127
55 192 90
55 193 19
55 199 152
56 88 102
56 99 123
56 123 43
56 128 160
56 137 85
56 166 109
56 187 21
56 194 58
56 195 129
57 59 56
57 61 98
57 82 27
57 112 70
57 115 75
57 119 27
57 120 48
57 136 139
57 145 148
57 156 109
57 167 96
57 171 76
57 190 42
58 71 144
58 97 95
58 110 142
58 116 27
58 124 113
58 127 111
58 168 138
58 170 114
58 181 159
58 186 139
58 188 136
58 192 155
59 61 42
59 82 63
59 112 112
59 115 126
59 119 51
59 120 12
59 136 86
59 145 106
59 171 119
59 190 95
60 62 123
60 64 69
60 66 142
60 84 137
60 87 42
60 96 214
60 103 58
60 147 139
60 152 23
60 165 65
60 180 159
60 183 55
61 82 103
61 112 151
61 119 90
61 120 51
61 136 50
61 145 85
61 163 151
61 170 129
61 186 171
61 190 137
62 64 56
62 66 83
62 84 239
62 87 134
62 90 107
62 121 94
62 133 174
62 147 186
62 150 96
62 152 145
62 165 115
62 183 73
63 80 160
63 93 81
63 96 71
63 103 220
63 108 223
63 114 235
63 117 200
63 153 123
63 180 174
63 185 233
63 196 148
64 66 106
64 84 184
64 87 90
64 103 116
64 121 135
64 147 144
64 152 89
64 165 64
64 183 16
65 75 90
65 83 93
65 98 233
65 99 47
65 105 114
65 106 121
65 125 45
65 126 74
65 130 128
65 137 125
65 138 173
65 172 92
66 70 137
66 87 126
66 90 105
66 121 45
66 150 119
66 165 169
66 183 119
66 185 172
66 196 154
67 74 191
67 86 169
67 102 85
67 107 205
67 131 130
67 139 53
67 141 108
67 146 125
67 162 193
67 181 168
67 189 130
68 77 50
68 85 200
68 94 189
68 95 165
68 102 181
68 122 170
68 132 159
68 151 168
68 173 72
69 72 75
69 81 149
69 91 39
69 92 22
69 95 167
69 132 189
69 134 129
69 151 176
69 158 96
69 160 95
69 161 80
69 166 109
69 177 101
69 178 82
69 195 112
69 197 96
70 73 53
70 76 130
70 78 139
70 90 84
70 100 84
70 121 94
70 150 114
70 157 113
70 164 113
70 175 132
70 176 83
70 198 127
70 200 89
71 97 191
71 101 134
71 116 147
71 129 86
71 135 150
71 136 110
71 143 154
71 163 138
71 170 85
71 192 96
71 193 102
72 81 107
72 91 63
72 92 54
72 94 106
72 122 124
72 141 117
72 158 21
72 161 5
72 178 101
72 195 152
72 197 69
73 76 94
73 78 120
73 90 107
73 100 84
73 109 117
73 121 141
73 150 130
73 154 136
73 157 77
73 164 92
73 175 78
73 176 29
73 179 110
73 184 104
73 198 109
73 200 37
74 86 48
74 107 107
74 146 137
74 162 102
74 168 196
74 189 146
75 83 153
75 99 138
75 105 74
75 106 44
75 125 102
75 126 101
75 130 193
75 138 157
75 172 112
76 78 45
76 100 72
76 101 102
76 109 96
76 154 45
76 163 79
76 164 34
76 175 97
76 176 84
76 184 32
76 193 157
76 198 42
76 200 99
77 85 151
77 102 169
77 122 199
77 132 204
77 173 22
77 189 185
78 100 59
78 101 83
78 140 147
78 142 165
78 154 29
78 163 94
78 164 28
78 176 120
78 184 75
78 193 135
78 198 12
78 200 135
79 133 80
79 150 127
79 156 130
79 157 58
79 169 88
79 175 110
79 176 124
79 179 102
79 200 108
80 93 102
80 96 174
80 104 79
80 117 85
80 153 90
80 185 74
80 196 91
81 92 130
81 131 134
81 144 86
81 158 96
81 161 105
81 195 140
81 199 145
82 112 49
82 115 91
82 119 54
82 120 60
82 136 136
82 156 83
82 167 84
82 169 145
82 171 98
82 190 60
83 98 144
83 99 88
83 105 202
83 106 195
83 108 173
83 114 126
83 125 136
83 126 167
83 130 40
83 137 93
83 138 132
83 172 59
83 191 105
84 87 167
84 103 163
84 147 101
84 152 116
84 165 126
84 180 172
84 183 168
85 107 164
85 162 168
85 173 132
85 189 163
86 107 146
86 146 91
86 162 139
86 168 155
86 189 161
87 96 180
87 103 26
87 147 180
87 152 53
87 165 106
87 180 142
87 183 82
87 196 131
88 93 197
88 114 181
88 117 111
88 123 59
88 128 163
88 137 111
88 153 156
88 187 120
88 191 145
88 194 43
89 111 37
89 113 197
89 115 176
89 118 167
89 119 192
89 148 115
89 155 49
89 159 72
89 171 153
89 174 51
89 182 71
89 190 191
90 121 65
90 133 133
90 150 31
90 157 105
90 176 128
90 200 123
91 92 38
91 94 89
91 95 132
91 122 107
91 132 156
91 134 127
91 151 144
91 158 85
91 160 111
91 161 68
91 177 107
91 178 48
91 195 150
91 197 58
92 94 122
92 95 171
92 122 141
92 134 148
92 158 74
92 160 117
92 161 59
92 166 118
92 177 122
92 178 86
92 195 115
92 197 87
93 96 134
93 104 170
93 108 206
93 114 195
93 117 120
93 153 42
93 185 176
93 191 198
93 196 139
94 95 76
94 102 152
94 122 18
94 132 103
94 134 165
94 141 112
94 151 94
94 158 116
94 161 108
94 178 62
94 197 37
95 122 67
95 132 26
95 134 138
95 151 17
95 177 152
95 178 85
95 197 106
96 103 156
96 152 209
96 153 174
96 180 103
96 196 122
97 113 123
97 116 68
97 118 155
97 124 100
97 127 92
97 145 163
97 168 183
97 170 116
97 186 63
98 99 232
98 108 56
98 114 81
98 130 126
98 137 205
98 138 135
98 172 153
98 191 114
99 105 153
99 106 167
99 123 140
99 125 63
99 126 96
99 130 112
99 137 83
99 138 200
99 172 115
99 187 130
100 101 142
100 140 154
100 142 150
100 154 87
100 164 41
100 175 137
100 176 97
100 184 103
100 198 48
100 200 113
101 129 110
101 135 140
101 136 158
101 140 167
101 154 59
101 163 66
101 164 108
101 184 109
101 193 55
101 198 94
102 122 147
102 139 102
102 141 78
102 173 163
102 189 128
102 197 165
103 147 191
103 152 59
103 165 123
103 180 116
103 183 106
103 196 124
104 117 83
104 140 165
104 142 107
104 153 143
104 185 38
104 196 155
105 106 47
105 125 92
105 126 68
105 134 205
105 160 211
105 172 176
105 177 214
106 125 117
106 126 103
106 130 235
106 138 197
106 172 156
107 162 11
107 189 91
108 114 62
108 130 143
108 137 210
108 138 191
108 153 207
108 172 197
108 191 103
109 112 114
109 154 132
109 156 66
109 157 116
109 163 111
109 169 141
109 175 46
109 176 88
109 179 43
109 184 67
109 200 87
110 116 168
110 129 123
110 131 120
110 135 122
110 143 78
110 144 130
110 149 39
110 181 53
110 188 28
110 192 76
110 199 64
111 113 163
111 115 166
111 118 133
111 119 167
111 145 163
111 148 89
111 155 24
111 159 82
111 171 140
111 174 15
111 182 42
112 115 98
112 119 97
112 120 110
112 156 53
112 167 41
112 169 96
112 171 116
112 179 107
112 190 77
113 116 182
113 118 32
113 124 212
113 127 203
113 145 99
113 148 95
113 155 170
113 159 187
113 170 159
113 174 148
113 182 161
113 186 72
114 130 90
114 137 148
114 138 186
114 153 183
114 172 165
114 191 40
115 119 76
115 120 115
115 155 142
115 156 151
115 159 245
115 167 89
115 171 26
115 174 171
115 182 130
115 190 32
116 124 107
116 127 103
116 168 152
116 170 100
116 186 112
116 188 164
116 192 173
117 123 170
117 142 166
117 153 80
117 185 112
117 194 154
117 196 177
118 127 233
118 145 106
118 148 63
118 155 142
118 159 155
118 174 118
118 182 136
118 186 103
119 120 39
119 136 137
119 145 125
119 155 145
119 159 249
119 167 119
119 171 67
119 174 166
119 182 125
119 190 48
120 136 97
120 145 105
120 171 107
120 190 85
121 150 86
121 183 150
122 132 92
122 141 116
122 151 85
122 158 133
122 161 125
122 173 210
122 178 75
122 197 56
123 128 162
123 130 152
123 137 75
123 166 145
123 187 63
123 191 154
123 194 16
124 127 8
124 146 228
124 168 98
124 170 200
124 181 231
124 186 162
124 188 219
125 126 32
125 137 146
125 138 216
125 172 137
125 187 167
126 134 173
126 160 162
126 172 161
126 177 172
127 168 106
127 170 194
127 181 234
127 186 154
127 188 221
128 140 120
128 142 138
128 166 132
128 187 154
128 194 156
128 195 110
129 135 64
129 143 80
129 149 133
129 163 154
129 170 169
129 188 150
129 192 48
129 193 55
129 199 123
130 137 82
130 138 153
130 172 95
130 191 65
131 139 83
131 141 135
131 143 126
131 144 54
131 146 165
131 149 84
131 181 100
131 188 120
131 199 82
132 134 143
132 151 13
132 160 187
132 173 222
132 177 162
132 178 108
132 197 133
133 150 106
133 157 117
133 169 149
133 200 169
134 151 133
134 160 58
134 177 33
134 178 107
134 197 161
135 143 47
135 144 127
135 149 112
135 192 76
135 193 91
135 199 89
136 145 117
136 163 112
136 170 108
137 172 149
137 187 104
137 191 108
137 194 86
138 172 84
138 191 195
139 141 80
139 144 129
139 146 147
139 158 151
139 181 148
140 142 58
140 154 163
140 164 165
140 198 151
141 158 104
141 161 113
141 197 107
142 164 174
142 185 125
142 198 164
143 144 100
143 149 64
143 181 119
143 188 104
143 192 60
143 193 126
143 199 45
144 149 91
144 158 132
144 181 132
144 188 140
144 199 70
145 148 148
145 155 155
145 159 224
145 170 117
145 174 151
145 182 135
145 186 103
146 162 204
146 168 133
146 181 117
146 188 141
147 152 132
147 165 83
147 180 250
147 183 132
148 155 107
148 159 91
148 171 211
148 174 76
148 182 110
148 186 167
149 181 57
149 188 52
149 192 92
149 199 30
150 157 109
151 160 175
151 177 150
151 178 95
151 197 122
152 165 69
152 180 144
152 183 74
153 185 157
153 191 178
153 196 155
154 163 66
154 164 49
154 176 130
154 184 65
154 193 114
154 198 39
155 159 106
155 171 116
155 174 31
155 182 22
155 190 151
156 167 81
156 169 88
156 175 86
156 179 54
156 190 128
156 200 128
157 169 127
157 175 71
157 176 68
157 179 83
157 200 52
158 161 16
158 178 120
158 197 81
159 171 221
159 174 83
159 182 124
160 166 127
160 177 26
160 178 116
160 195 151
160 197 162
161 178 105
161 197 71
162 189 81
163 164 105
163 184 66
163 193 107
163 198 101
164 175 120
164 176 93
164 184 66
164 198 17
164 200 109
165 180 212
165 183 50
166 177 151
166 187 88
166 194 153
166 195 31
167 169 78
167 171 114
167 179 130
167 190 83
168 181 170
168 188 172
169 175 133
169 179 104
170 186 98
170 192 164
171 174 145
171 182 103
171 190 40
172 191 155
173 189 165
174 182 42
175 176 49
175 179 33
175 184 81
175 198 135
175 200 44
176 179 82
176 184 85
176 198 110
176 200 15
177 178 101
177 197 151
178 197 54
179 184 102
179 200 74
180 183 215
180 196 173
181 188 30
181 192 129
181 199 87
182 190 135
184 198 74
184 200 96
185 196 128
187 194 77
187 195 110
188 192 102
188 199 82
191 194 153
192 193 103
192 199 91
193 198 147
198 200 126
