200 1612
1 16 155
1 52 98
1 57 67
1 60 111
1 71 74
1 90 178
1 99 119
1 101 105
1 117 159
1 144 89
1 147 108
1 149 162
1 172 184
1 175 162
1 179 68
1 192 116
2 24 114
2 28 135
2 35 145
2 55 12
2 58 81
2 88 210
2 89 156
2 90 180
2 97 196
2 145 26
2 148 169
2 158 189
2 181 181
2 190 76
3 12 117
3 13 143
3 23 87
3 29 142
3 30 139
3 31 144
3 37 165
3 38 84
3 48 147
3 54 169
3 56 133
3 84 51
3 106 95
3 114 145
3 124 39
3 152 62
3 200 135
4 14 87
4 15 43
4 76 140
4 79 42
4 83 124
4 86 109
4 92 62
4 93 65
4 107 29
4 108 153
4 115 146
4 119 170
4 125 24
4 127 176
4 164 153
4 165 161
4 169 10
4 182 22
4 183 76
5 19 194
5 30 121
5 31 158
5 34 113
5 46 174
5 65 136
5 73 83
5 94 69
5 102 115
5 114 151
5 133 158
5 136 96
5 137 61
5 139 17
5 193 24
5 194 101
5 199 194
6 25 146
6 33 161
6 77 97
6 95 143
6 96 180
6 105 66
6 116 168
6 118 109
6 121 78
6 129 141
6 132 129
6 140 87
6 153 58
6 159 109
6 171 101
6 196 65
7 11 195
7 21 198
7 32 192
7 39 115
7 42 113
7 49 55
7 66 192
7 67 186
7 68 260
7 103 123
7 120 176
7 146 142
7 154 161
7 155 168
7 178 194
8 13 48
8 22 158
8 29 67
8 38 106
8 56 58
8 98 141
8 100 16
8 101 99
8 106 115
8 109 129
8 115 128
8 138 50
8 144 139
8 152 127
8 168 76
8 174 95
8 200 132
9 10 106
9 11 163
9 27 122
9 44 117
9 45 105
9 59 98
9 81 110
9 111 69
9 112 78
9 123 162
9 130 150
9 135 69
9 150 51
9 154 163
9 155 141
9 161 256
9 163 129
9 166 104
9 167 98
9 178 154
9 184 92
9 186 135
10 20 123
10 26 131
10 40 107
10 41 73
10 44 93
10 45 63
10 59 160
10 111 141
10 112 135
10 150 76
10 163 67
10 167 148
10 176 107
10 184 40
10 186 112
10 187 106
10 195 65
11 27 41
11 42 84
11 49 146
11 68 134
11 81 75
11 112 140
11 123 61
11 130 127
11 135 118
11 155 59
11 161 127
11 166 73
11 178 10
12 30 78
12 34 104
12 76 87
12 83 92
12 84 65
12 87 105
12 94 129
12 106 119
12 114 52
12 124 153
12 133 84
12 136 133
12 152 140
12 156 59
12 194 111
13 23 117
13 29 55
13 38 59
13 56 26
13 98 118
13 100 63
13 101 138
13 106 83
13 124 160
13 138 81
13 144 153
13 152 81
13 168 116
13 174 131
13 185 145
13 200 92
14 15 72
14 79 60
14 93 145
14 107 99
14 108 103
14 119 100
14 125 111
14 127 92
14 142 179
14 164 76
14 165 127
14 169 93
14 182 103
14 183 11
14 191 166
15 17 161
15 79 62
15 86 101
15 92 102
15 93 77
15 107 71
15 119 170
15 125 55
15 127 165
15 141 163
15 162 164
15 164 148
15 165 118
15 169 53
15 182 65
15 183 61
15 191 164
16 51 132
16 57 108
16 60 99
16 71 95
16 74 103
16 91 74
16 117 60
16 128 140
16 131 68
16 147 56
16 149 26
16 151 42
16 175 139
16 188 29
16 198 125
17 25 159
17 53 127
17 86 121
17 110 162
17 121 154
17 141 22
17 159 113
17 162 99
17 165 120
17 170 164
17 171 68
17 191 135
17 196 147
17 197 97
18 36 60
18 43 199
18 70 197
18 75 136
18 80 80
18 85 146
18 88 179
18 97 237
18 122 82
18 126 96
18 134 66
18 157 159
18 160 117
18 172 187
18 180 175
19 31 66
19 37 38
19 46 21
19 48 104
19 54 156
19 65 58
19 73 126
19 102 89
19 124 175
19 137 151
19 139 179
19 193 182
19 199 76
20 26 8
20 33 116
20 40 31
20 41 119
20 47 118
20 53 136
20 61 142
20 95 118
20 110 92
20 113 158
20 129 119
20 143 68
20 163 125
20 187 49
20 195 100
20 197 151
21 32 81
21 35 157
21 39 96
21 50 36
21 62 79
21 64 129
21 66 191
21 69 159
21 78 68
21 120 144
21 146 69
21 173 128
21 181 113
22 60 146
22 61 139
22 86 153
22 93 161
22 100 150
22 101 159
22 109 70
22 115 104
22 128 172
22 138 127
22 168 89
22 174 82
22 189 50
23 38 80
23 43 126
23 48 132
23 54 122
23 56 124
23 70 129
23 72 127
23 84 135
23 98 113
23 106 127
23 124 70
23 152 75
23 185 144
23 200 57
24 28 247
24 35 258
24 55 122
24 58 168
24 88 204
24 89 43
24 90 267
24 97 145
24 145 110
24 148 58
24 157 225
24 158 98
24 190 184
25 63 152
25 77 170
25 96 162
25 105 98
25 116 87
25 118 46
25 121 68
25 132 126
25 142 159
25 162 84
25 165 132
25 170 62
25 171 129
25 177 98
25 191 89
25 196 81
26 33 111
26 40 35
26 41 127
26 47 120
26 53 129
26 61 141
26 95 112
26 110 84
26 113 156
26 129 113
26 143 63
26 163 131
26 187 56
26 195 108
26 197 143
27 42 109
27 49 169
27 68 172
27 81 50
27 111 154
27 112 103
27 123 70
27 130 116
27 135 83
27 154 144
27 155 47
27 161 156
27 166 44
27 178 32
28 35 74
28 50 187
28 55 132
28 58 97
28 62 185
28 64 166
28 69 180
28 89 286
28 90 103
28 145 137
28 148 303
28 173 176
28 175 148
28 181 132
28 190 63
28 192 143
28 198 164
29 38 70
29 56 30
29 76 125
29 84 140
29 100 83
29 106 52
29 109 128
29 115 110
29 138 56
29 152 85
29 168 93
29 174 101
29 200 140
30 34 49
30 73 104
30 84 101
30 87 134
30 94 51
30 102 184
30 114 36
30 133 71
30 136 72
30 139 111
30 156 127
30 193 141
30 194 48
31 37 36
31 46 60
31 48 98
31 54 154
31 65 54
31 73 77
31 94 147
31 102 91
31 124 122
31 137 135
31 139 141
31 193 154
31 199 127
32 35 158
32 39 77
32 50 89
32 51 137
32 62 137
32 64 53
32 66 114
32 67 129
32 69 79
32 78 23
32 120 68
32 146 119
32 173 49
32 181 142
33 40 101
33 82 137
33 95 24
33 104 143
33 110 92
33 113 56
33 129 26
33 140 177
33 143 49
33 153 106
33 159 122
33 163 150
33 176 137
34 73 131
34 84 146
34 87 113
34 94 56
34 114 52
34 133 44
34 136 28
34 139 111
34 156 135
34 193 137
34 194 12
35 50 122
35 55 136
35 58 148
35 62 112
35 64 149
35 78 137
35 90 177
35 145 160
35 148 309
35 173 158
35 181 57
35 190 105
36 43 139
36 70 144
36 72 154
36 75 120
36 80 37
36 85 146
36 122 48
36 126 59
36 134 32
36 157 216
36 160 176
36 172 199
36 180 129
36 185 190
37 46 44
37 48 78
37 54 134
37 65 62
37 73 111
37 102 101
37 124 136
37 137 156
37 139 171
37 193 181
37 199 111
38 56 51
38 84 105
38 98 138
38 100 122
38 106 51
38 124 104
38 138 122
38 152 21
38 200 88
39 49 170
39 50 127
39 62 175
39 64 123
39 66 127
39 67 133
39 69 138
39 78 93
39 103 134
39 120 88
39 146 77
39 173 116
40 41 122
40 45 119
40 47 145
40 82 158
40 95 110
40 104 167
40 110 105
40 113 135
40 129 111
40 143 62
40 163 96
40 176 114
40 184 143
40 187 67
40 195 102
41 44 73
41 45 135
41 47 112
41 61 173
41 128 140
41 150 144
41 163 134
41 184 66
41 186 81
41 187 76
41 195 19
42 49 62
42 68 163
42 81 156
42 103 160
42 112 167
42 123 143
42 154 144
42 155 78
42 161 180
42 166 152
42 178 85
43 48 140
43 54 86
43 70 68
43 72 28
43 80 128
43 98 125
43 122 146
43 126 127
43 134 149
43 180 99
43 185 132
43 200 124
44 45 148
44 103 169
44 112 82
44 150 128
44 154 111
44 155 171
44 163 159
44 184 54
44 186 20
44 187 149
44 195 89
45 59 113
45 82 113
45 104 121
45 111 104
45 113 168
45 150 54
45 163 25
45 167 99
45 176 52
45 184 94
45 186 169
45 195 125
46 48 119
46 54 173
46 65 37
46 73 109
46 102 68
46 124 178
46 137 130
46 139 159
46 193 161
46 199 68
47 53 144
47 61 63
47 91 127
47 110 172
47 128 54
47 131 138
47 186 176
47 187 81
47 188 166
47 189 152
47 195 110
48 54 56
48 65 141
48 72 115
48 73 174
48 102 180
48 124 108
48 199 179
49 68 206
49 103 145
49 112 207
49 123 205
49 146 194
49 154 159
49 155 131
49 161 232
49 166 213
49 178 147
50 62 49
50 64 125
50 66 203
50 69 158
50 78 68
50 120 157
50 146 105
50 173 128
50 181 77
51 64 96
51 66 61
51 67 73
51 69 64
51 74 77
51 91 154
51 103 159
51 117 85
51 120 88
51 131 142
51 149 107
51 151 92
51 173 93
51 175 105
51 188 140
51 198 91
52 57 153
52 71 164
52 75 104
52 85 98
52 90 165
52 98 149
52 99 69
52 101 159
52 144 84
52 172 103
52 179 46
52 180 135
52 185 119
52 192 161
53 61 102
53 86 150
53 95 162
53 110 88
53 129 162
53 141 107
53 143 143
53 159 108
53 171 148
53 187 154
53 197 41
54 70 147
54 72 59
54 98 185
54 122 201
54 124 130
54 134 210
54 180 182
54 199 228
54 200 155
55 58 87
55 62 218
55 89 164
55 90 184
55 97 208
55 145 38
55 148 175
55 158 200
55 181 170
55 190 77
56 98 143
56 100 75
56 101 156
56 106 59
56 109 151
56 115 137
56 124 155
56 138 71
56 152 71
56 168 109
56 174 121
56 200 110
57 60 114
57 71 13
57 74 97
57 90 165
57 99 146
57 101 152
57 117 95
57 144 156
57 147 51
57 149 106
57 151 107
57 175 99
57 179 133
57 188 137
57 192 74
57 198 98
58 88 165
58 89 202
58 90 102
58 97 185
58 99 184
58 145 64
58 148 226
58 158 209
58 172 180
58 181 201
58 190 43
58 192 193
59 81 138
59 82 149
59 104 151
59 111 30
59 130 128
59 135 95
59 150 86
59 163 134
59 166 139
59 167 16
59 176 130
60 71 106
60 91 143
60 101 88
60 117 144
60 128 169
60 131 144
60 144 152
60 147 98
60 149 121
60 151 135
60 179 162
60 188 109
60 189 117
61 91 158
61 110 160
61 128 83
61 131 170
61 187 124
61 189 111
61 195 168
61 197 143
62 64 167
62 69 199
62 78 115
62 120 206
62 146 139
62 173 171
62 181 54
62 190 212
63 77 212
63 96 122
63 105 188
63 116 85
63 118 156
63 121 188
63 132 142
63 142 192
63 162 226
63 170 168
63 177 58
63 191 210
63 196 203
64 66 98
64 67 117
64 69 32
64 74 129
64 78 60
64 120 67
64 146 172
64 173 10
64 175 123
64 181 153
64 198 122
65 73 74
65 94 150
65 102 39
65 124 176
65 137 95
65 139 121
65 193 124
65 199 83
66 67 18
66 69 77
66 74 138
66 78 136
66 103 101
66 117 145
66 120 47
66 146 202
66 151 147
66 154 159
66 173 89
66 198 149
67 69 96
67 74 151
67 78 152
67 103 86
67 117 152
67 120 61
67 151 152
67 154 141
67 173 108
68 81 175
68 112 275
68 123 124
68 130 176
68 135 222
68 155 190
68 161 50
68 166 180
68 178 145
69 74 103
69 78 91
69 103 173
69 117 132
69 120 62
69 146 196
69 151 146
69 173 30
69 175 106
69 181 184
69 198 101
70 72 97
70 75 122
70 80 117
70 85 161
70 98 67
70 122 171
70 126 104
70 134 167
70 144 156
70 180 38
70 185 65
70 200 95
71 74 92
71 90 177
71 99 159
71 101 151
71 117 85
71 131 162
71 147 38
71 149 93
71 151 95
71 175 99
71 179 142
71 188 124
71 192 83
71 198 96
72 80 149
72 98 149
72 122 153
72 126 151
72 134 159
72 180 128
72 185 159
72 200 137
73 94 76
73 102 80
73 114 141
73 136 132
73 137 81
73 139 65
73 193 84
73 194 121
73 199 154
74 91 160
74 117 44
74 120 154
74 131 149
74 147 79
74 149 80
74 151 66
74 173 132
74 175 41
74 188 126
74 192 96
74 198 24
75 80 84
75 85 40
75 88 188
75 98 151
75 99 133
75 122 168
75 126 65
75 134 153
75 157 219
75 160 200
75 172 98
75 179 141
75 180 83
75 185 120
76 83 32
76 84 121
76 87 117
76 92 98
76 106 103
76 107 111
76 114 133
76 115 134
76 125 138
76 133 145
76 156 48
76 169 130
76 182 118
77 96 104
77 105 76
77 116 138
77 118 123
77 121 114
77 132 69
77 140 60
77 153 147
77 159 206
77 171 189
77 177 199
77 196 114
78 120 91
78 146 118
78 173 61
78 181 118
79 83 114
79 86 150
79 87 140
79 92 89
79 93 108
79 107 41
79 108 111
79 119 129
79 125 66
79 127 139
79 156 143
79 164 114
79 165 167
79 169 42
79 182 49
79 183 52
80 85 115
80 98 176
80 122 84
80 126 21
80 134 70
80 157 220
80 160 185
80 172 171
80 180 96
80 185 155
81 111 119
81 112 126
81 123 52
81 130 68
81 135 47
81 155 97
81 161 146
81 166 9
81 167 150
81 178 71
82 95 162
82 104 9
82 111 164
82 113 95
82 129 164
82 143 161
82 150 153
82 163 103
82 167 134
82 176 63
83 84 140
83 87 91
83 92 96
83 106 134
83 107 95
83 108 152
83 114 129
83 119 191
83 125 127
83 133 131
83 156 36
83 169 114
83 182 104
84 94 146
84 106 88
84 114 98
84 124 88
84 133 142
84 152 86
84 156 115
84 194 148
85 88 155
85 99 105
85 122 194
85 126 98
85 134 178
85 144 169
85 157 195
85 160 184
85 172 58
85 179 141
85 180 122
85 185 150
86 92 116
86 93 51
86 107 129
86 109 134
86 115 137
86 125 91
86 141 109
86 165 165
86 169 113
86 182 116
86 197 152
87 107 149
87 108 99
87 114 99
87 119 141
87 127 180
87 133 69
87 136 131
87 156 74
87 164 151
87 194 126
88 89 206
88 90 188
88 97 85
88 99 189
88 145 184
88 148 245
88 157 71
88 158 157
88 160 101
88 172 128
88 190 208
89 90 297
89 97 132
89 145 149
89 148 39
89 157 212
89 158 69
89 160 258
89 190 223
90 99 96
90 145 166
90 158 289
90 172 126
90 175 149
90 190 112
90 192 99
90 198 165
91 117 117
91 128 77
91 131 11
91 147 131
91 149 84
91 151 94
91 188 45
91 189 159
92 93 65
92 107 48
92 109 115
92 115 89
92 125 47
92 156 133
92 168 153
92 169 54
92 174 135
92 182 42
93 107 80
93 109 119
93 115 109
93 125 43
93 141 156
93 169 67
93 174 150
93 182 67
93 183 134
94 102 147
94 114 83
94 133 99
94 136 57
94 137 116
94 139 61
94 193 90
94 194 45
94 199 226
95 104 168
95 110 73
95 113 78
95 129 2
95 140 170
95 143 49
95 153 85
95 159 97
95 176 161
95 197 144
96 105 123
96 116 83
96 118 130
96 121 147
96 132 52
96 140 164
96 153 238
96 170 214
96 177 134
96 196 158
97 145 173
97 148 171
97 157 80
97 158 73
97 160 127
97 172 212
97 190 225
98 100 144
98 126 159
98 144 106
98 179 135
98 180 80
98 185 32
98 200 58
99 144 147
99 172 69
99 175 188
99 179 104
99 185 187
99 190 205
99 192 120
100 101 83
100 106 132
100 109 129
100 115 132
100 138 56
100 144 129
100 152 143
100 168 74
100 174 94
100 200 141
101 138 130
101 144 83
101 168 126
101 174 145
101 179 113
101 189 157
102 137 63
102 139 104
102 193 99
102 199 79
103 112 156
103 120 118
103 154 71
103 155 154
103 186 152
104 111 167
104 113 98
104 129 169
104 143 168
104 150 160
104 163 112
104 167 137
104 176 72
105 116 102
105 118 52
105 121 37
105 132 70
105 140 109
105 153 124
105 162 159
105 170 161
105 171 124
105 177 155
105 196 39
106 124 128
106 138 108
106 152 51
106 156 132
106 168 143
106 174 148
107 108 144
107 119 168
107 125 38
107 127 180
107 156 129
107 164 154
107 169 19
107 182 13
107 183 89
108 119 42
108 127 81
108 133 161
108 156 156
108 164 54
108 169 153
108 182 156
108 183 109
109 115 33
109 125 144
109 138 83
109 168 55
109 174 34
109 189 120
110 113 149
110 129 73
110 141 150
110 143 60
110 153 111
110 159 68
110 171 142
110 187 135
110 197 77
111 112 145
111 123 166
111 130 124
111 135 73
111 150 65
111 161 251
111 163 128
111 166 118
111 167 33
111 176 133
111 184 145
112 123 169
112 135 112
112 150 120
112 154 85
112 155 93
112 166 117
112 178 130
112 184 99
112 186 89
113 129 79
113 140 170
113 143 100
113 153 138
113 163 146
113 176 119
114 133 45
114 136 80
114 139 144
114 156 92
114 193 173
114 194 59
115 125 124
115 138 78
115 168 64
115 169 140
115 174 45
115 182 130
115 189 154
116 118 73
116 121 103
116 132 70
116 142 199
116 162 171
116 170 131
116 177 61
116 191 169
116 196 119
117 131 107
117 147 54
117 149 35
117 151 23
117 175 83
117 188 82
117 192 123
117 198 67
118 121 32
118 132 85
118 140 162
118 142 204
118 162 120
118 170 109
118 171 124
118 177 112
118 191 134
118 196 48
119 125 195
119 127 41
119 142 200
119 164 25
119 169 172
119 182 178
119 183 109
120 146 159
120 173 57
120 198 158
121 132 97
121 140 142
121 153 129
121 159 152
121 162 122
121 170 128
121 171 98
121 177 145
121 191 144
121 196 15
122 126 105
122 134 17
122 160 196
122 180 166
122 185 226
123 130 71
123 135 98
123 155 111
123 161 94
123 166 58
123 178 65
124 152 85
124 200 126
125 164 178
125 169 23
125 182 25
125 183 100
126 134 91
126 157 225
126 160 194
126 172 156
126 180 78
126 185 136
127 142 158
127 164 30
127 165 179
127 169 180
127 182 188
127 183 104
128 131 88
128 149 157
128 151 169
128 187 132
128 188 112
128 189 125
128 195 144
129 140 168
129 143 50
129 153 83
129 159 96
129 176 163
129 197 143
130 135 82
130 155 164
130 161 132
130 166 77
130 167 144
130 178 128
131 147 124
131 149 75
131 151 84
131 188 40
131 189 167
132 140 128
132 153 188
132 170 184
132 177 131
132 196 106
133 136 66
133 139 156
133 156 97
133 194 57
134 157 225
134 160 182
134 180 157
134 185 218
135 150 109
135 155 122
135 161 189
135 166 45
135 167 105
135 178 112
136 137 156
136 139 98
136 156 161
136 193 120
136 194 24
137 139 57
137 193 39
137 194 156
137 199 136
138 152 139
138 168 37
138 174 50
138 189 165
139 193 29
139 194 99
139 199 183
140 153 115
140 159 182
140 196 135
141 153 166
141 159 109
141 162 121
141 165 137
141 171 80
141 191 156
141 196 164
141 197 79
142 162 149
142 164 182
142 165 131
142 170 101
142 177 149
142 183 186
142 191 111
143 153 128
143 159 116
143 163 139
143 176 140
143 187 118
143 197 138
144 179 43
144 180 142
144 185 91
144 200 153
145 148 168
145 158 173
145 181 201
145 190 74
146 173 168
146 181 182
147 149 55
147 151 59
147 175 102
147 188 86
147 192 110
147 198 93
148 157 251
148 158 105
148 160 297
148 190 242
149 151 15
149 175 118
149 188 46
149 192 151
149 198 102
150 163 79
150 166 150
150 167 77
150 176 101
150 184 83
150 186 148
150 195 140
151 175 106
151 188 59
151 192 145
151 198 90
152 200 98
153 159 68
153 171 102
153 196 113
153 197 140
154 155 105
154 178 155
154 184 157
154 186 100
155 161 186
155 166 90
155 178 49
155 186 173
156 182 140
156 194 145
157 158 148
157 160 47
157 172 186
158 160 193
158 172 279
158 190 240
159 171 75
159 196 137
159 197 72
160 172 189
161 166 153
161 178 137
162 165 55
162 170 65
162 171 108
162 177 168
162 191 38
162 196 125
163 167 119
163 176 40
163 184 105
163 187 134
163 195 120
164 169 156
164 182 163
164 183 87
165 170 88
165 171 153
165 177 198
165 183 126
165 191 46
166 167 150
166 178 68
167 176 114
168 174 20
168 189 128
169 182 12
169 183 82
170 171 159
170 177 110
170 191 42
170 196 139
171 191 147
171 196 87
171 197 108
172 179 149
172 180 177
172 192 185
173 175 129
173 181 160
173 198 127
174 189 126
175 190 205
175 192 67
175 198 17
176 184 144
177 191 152
177 196 161
179 180 148
179 185 112
180 185 60
180 200 124
181 190 158
182 183 93
184 186 74
184 187 125
184 195 69
185 200 91
186 187 157
186 195 99
187 195 60
188 189 157
188 198 149
190 192 187
191 196 151
192 198 79
193 194 124
193 199 174
