100 582
1 4 201
1 9 179
1 19 96
1 31 88
1 36 130
1 37 151
1 38 160
1 55 175
1 70 75
1 95 202
2 3 231
2 32 124
2 46 217
2 58 206
2 71 28
2 83 146
2 94 110
2 97 168
2 98 196
2 100 211
3 6 93
3 28 63
3 32 107
3 46 59
3 58 226
3 65 130
3 71 224
3 83 239
3 87 181
3 88 97
3 92 100
3 94 192
3 97 234
3 98 294
3 100 100
4 9 22
4 20 98
4 22 198
4 36 217
4 37 151
4 45 129
4 49 270
4 55 136
4 70 127
4 72 223
4 95 153
5 11 301
5 18 81
5 27 408
5 29 390
5 42 353
5 57 399
5 61 267
5 64 274
5 75 207
5 99 374
6 12 173
6 24 118
6 28 111
6 46 99
6 52 117
6 59 199
6 65 40
6 76 150
6 88 9
6 92 51
6 100 126
7 8 268
7 13 282
7 21 48
7 22 248
7 45 277
7 49 54
7 53 319
7 67 183
7 69 271
7 72 104
8 13 47
8 21 315
8 22 137
8 45 208
8 49 246
8 53 116
8 57 268
8 63 173
8 66 185
8 67 90
8 68 113
8 69 90
9 19 219
9 20 111
9 22 205
9 31 217
9 36 201
9 37 139
9 45 134
9 55 123
9 70 105
9 72 244
9 95 143
10 40 152
10 42 200
10 48 44
10 51 116
10 60 105
10 66 178
10 79 141
10 80 105
10 84 154
10 85 140
10 93 136
10 99 175
11 12 212
11 18 227
11 23 146
11 26 184
11 27 185
11 29 100
11 35 142
11 59 199
11 61 151
11 75 149
11 76 218
12 24 72
12 27 66
12 29 122
12 35 109
12 52 93
12 59 26
12 65 135
12 75 261
12 76 31
12 88 168
13 21 326
13 22 101
13 45 169
13 49 251
13 53 68
13 63 183
13 66 138
13 67 99
13 68 149
13 69 48
13 95 207
14 16 238
14 17 141
14 25 169
14 34 85
14 38 183
14 39 193
14 41 173
14 47 131
14 73 82
14 77 62
14 81 117
14 89 85
14 91 66
14 96 162
15 19 247
15 31 250
15 33 116
15 36 270
15 38 211
15 50 138
15 54 241
15 78 45
15 82 30
15 90 64
16 17 96
16 33 245
16 34 261
16 50 208
16 54 54
16 81 153
16 86 190
16 90 229
16 91 186
17 34 171
17 50 166
17 54 132
17 77 177
17 81 80
17 86 157
17 89 184
17 90 217
17 91 96
18 29 321
18 42 278
18 51 351
18 57 349
18 61 188
18 64 231
18 75 163
18 99 297
19 20 252
19 31 8
19 33 193
19 36 54
19 37 119
19 38 153
19 70 142
19 78 203
19 82 218
20 21 329
20 36 211
20 37 135
20 45 218
20 55 234
20 70 193
20 72 230
20 95 251
21 22 284
21 45 304
21 49 81
21 67 228
21 69 312
21 72 109
22 45 72
22 49 202
22 53 85
22 55 160
22 66 133
22 67 105
22 68 248
22 69 55
22 72 200
22 95 138
23 24 173
23 26 43
23 29 102
23 35 89
23 40 124
23 44 145
23 61 234
23 62 166
23 74 134
23 84 166
24 27 136
24 29 137
24 35 100
24 44 163
24 52 97
24 59 97
24 65 78
24 76 41
24 88 111
24 92 156
25 30 71
25 41 22
25 43 106
25 47 161
25 56 184
25 62 166
25 73 106
25 77 132
25 93 181
25 96 145
26 29 145
26 35 126
26 40 84
26 44 126
26 62 129
26 74 91
26 79 147
26 84 123
26 87 164
27 29 120
27 35 132
27 52 145
27 59 39
27 65 201
27 75 201
27 76 95
28 32 156
28 44 145
28 46 121
28 58 215
28 65 133
28 87 120
28 88 109
28 92 142
28 100 162
29 35 45
29 59 118
29 75 207
29 76 121
30 41 90
30 43 170
30 47 156
30 56 149
30 62 128
30 73 134
30 74 181
30 77 160
30 87 145
30 96 122
31 33 192
31 36 62
31 37 123
31 38 147
31 70 137
31 78 206
31 82 221
32 46 97
32 58 193
32 71 116
32 83 157
32 92 172
32 94 102
32 97 163
32 98 217
32 100 105
33 34 167
33 38 99
33 50 39
33 54 226
33 78 100
33 82 105
33 89 180
33 90 67
34 38 100
34 50 148
34 73 156
34 77 143
34 78 265
34 81 184
34 89 15
34 90 225
34 91 138
35 44 166
35 52 186
35 59 115
35 75 251
35 76 96
36 37 76
36 38 207
36 70 150
36 78 225
36 82 240
37 55 231
37 70 129
37 95 258
38 50 106
38 78 182
38 82 192
38 89 107
38 90 166
39 47 77
39 56 73
39 58 97
39 73 153
39 77 147
39 81 136
39 86 89
39 91 151
39 96 93
40 44 165
40 51 158
40 60 121
40 62 116
40 74 55
40 79 70
40 80 145
40 84 52
40 93 179
40 99 211
41 43 84
41 60 178
41 62 170
41 73 120
41 77 144
41 79 175
41 93 161
41 96 166
42 48 197
42 51 92
42 57 186
42 61 101
42 63 176
42 64 186
42 80 106
42 85 101
42 99 29
43 60 140
43 73 184
43 77 203
43 79 167
43 84 187
43 89 189
43 93 98
44 62 85
44 74 120
44 84 163
44 87 40
45 49 225
45 53 131
45 55 103
45 66 144
45 67 170
45 69 121
45 72 203
45 95 91
46 65 139
46 71 203
46 83 192
46 88 107
46 92 74
46 94 152
46 97 183
46 98 242
46 100 41
47 56 70
47 58 152
47 73 75
47 77 74
47 81 126
47 86 135
47 91 113
47 96 43
48 51 126
48 53 185
48 60 143
48 63 187
48 66 148
48 79 185
48 80 120
48 85 118
48 93 162
48 99 176
49 67 155
49 69 233
49 72 58
50 54 195
50 78 132
50 82 134
50 89 162
50 90 77
51 57 253
51 60 195
51 61 162
51 63 198
51 64 277
51 80 14
51 84 194
51 85 94
51 99 63
52 59 112
52 65 93
52 76 90
52 88 116
52 92 120
53 55 173
53 66 71
53 67 145
53 68 206
53 69 48
53 95 145
54 81 201
54 82 261
54 86 245
54 90 197
54 91 227
55 66 137
55 69 190
55 70 117
55 95 28
56 58 93
56 73 133
56 77 140
56 86 161
56 91 182
56 96 44
57 61 249
57 63 120
57 64 126
57 68 164
57 80 267
57 85 179
57 99 209
58 71 227
58 73 223
58 86 169
58 96 137
59 65 161
59 75 237
59 76 56
59 88 194
60 62 165
60 74 131
60 79 64
60 80 181
60 84 87
60 93 59
61 64 191
61 75 233
61 80 173
61 85 202
61 99 112
62 74 61
62 79 106
62 84 91
62 87 89
63 64 230
63 68 109
63 80 207
63 85 104
63 99 183
64 68 291
64 85 241
64 99 215
65 76 110
65 87 177
65 88 33
65 92 82
66 68 262
66 69 116
66 95 110
67 68 193
67 69 98
67 72 184
68 69 197
68 85 211
69 72 242
69 95 164
70 95 145
71 83 118
71 94 83
71 97 139
71 98 168
71 100 192
73 77 26
73 81 148
73 89 150
73 91 108
73 96 90
74 79 67
74 84 44
74 87 139
74 93 182
75 76 283
76 88 143
77 81 122
77 86 176
77 89 139
77 91 81
77 96 100
78 82 15
78 90 76
79 84 23
79 93 116
80 84 179
80 85 103
80 99 77
81 86 92
81 91 50
81 96 170
82 90 70
83 92 242
83 94 55
83 97 25
83 98 60
83 100 159
84 87 178
84 93 139
85 99 95
86 91 134
86 96 169
87 88 175
88 92 60
88 100 134
89 91 144
91 96 155
92 94 214
92 97 228
92 98 284
92 100 85
94 97 67
94 98 116
94 100 128
97 98 59
97 100 148
98 100 206
