200 1652
1 41 179
1 50 125
1 63 38
1 74 185
1 82 140
1 86 115
1 89 101
1 112 121
1 125 182
1 148 168
1 151 13
1 169 177
1 173 72
1 190 91
2 11 65
2 23 14
2 24 151
2 25 171
2 30 171
2 35 154
2 51 22
2 92 86
2 95 179
2 100 159
2 122 36
2 134 119
2 142 161
2 179 179
3 4 111
3 26 74
3 44 138
3 55 112
3 68 80
3 75 75
3 85 117
3 137 93
3 143 156
3 156 80
3 174 105
3 187 103
3 191 113
3 192 43
4 26 40
4 36 114
4 44 127
4 55 25
4 67 120
4 68 74
4 75 178
4 85 97
4 100 156
4 115 168
4 121 206
4 131 144
4 142 112
4 143 50
4 168 88
4 179 132
4 192 150
5 13 202
5 21 152
5 41 31
5 46 95
5 50 78
5 86 133
5 89 149
5 94 20
5 112 90
5 125 21
5 127 198
5 132 101
5 135 29
5 152 29
5 154 161
5 175 253
5 184 100
5 190 112
6 22 152
6 47 155
6 59 101
6 63 150
6 64 89
6 76 107
6 82 129
6 88 117
6 97 47
6 116 107
6 140 101
6 148 121
6 151 174
6 169 80
6 181 107
7 27 146
7 42 136
7 53 33
7 78 149
7 87 132
7 90 96
7 102 102
7 114 170
7 130 152
7 136 74
7 153 87
7 165 23
7 167 93
7 198 94
7 199 112
8 19 263
8 44 195
8 48 153
8 65 114
8 85 225
8 109 228
8 117 197
8 118 25
8 120 189
8 121 231
8 124 31
8 126 54
8 145 170
8 174 222
8 187 218
9 34 122
9 37 114
9 49 118
9 60 145
9 62 152
9 74 83
9 82 149
9 104 156
9 113 116
9 119 48
9 139 91
9 147 79
9 186 130
9 188 73
9 195 46
10 18 132
10 43 226
10 101 212
10 107 45
10 110 258
10 123 57
10 141 233
10 157 182
10 158 235
10 159 209
10 160 105
10 180 220
10 182 130
10 183 257
11 23 67
11 24 106
11 25 133
11 35 118
11 51 76
11 92 23
11 95 113
11 100 173
11 122 82
11 134 83
11 142 112
11 143 180
11 179 121
12 14 158
12 20 156
12 33 113
12 58 180
12 79 138
12 91 45
12 96 216
12 98 63
12 99 172
12 110 170
12 111 50
12 144 168
12 159 154
12 183 177
12 185 36
13 19 96
13 21 189
13 46 108
13 94 193
13 109 114
13 117 145
13 118 231
13 120 109
13 124 225
13 127 51
13 135 173
13 152 216
13 154 163
13 175 188
13 184 177
14 16 204
14 20 198
14 33 146
14 57 160
14 73 214
14 79 44
14 91 188
14 93 196
14 96 74
14 99 102
14 111 190
14 144 115
14 185 192
15 16 88
15 29 165
15 32 50
15 38 61
15 62 139
15 70 62
15 71 81
15 83 158
15 84 159
15 99 186
15 103 157
15 105 55
15 114 169
15 133 127
15 162 116
15 171 127
15 172 65
15 178 160
15 196 107
16 20 167
16 32 92
16 38 37
16 57 228
16 70 122
16 71 169
16 79 174
16 93 216
16 96 147
16 99 114
16 103 150
16 105 60
16 144 111
16 162 157
16 172 153
16 178 160
17 22 112
17 32 135
17 34 80
17 47 52
17 60 63
17 70 123
17 74 120
17 103 79
17 105 155
17 116 90
17 128 121
17 138 33
17 139 83
17 140 103
17 147 110
17 148 112
17 150 55
17 163 71
17 170 50
17 177 106
17 186 48
17 196 97
18 81 155
18 91 186
18 98 146
18 101 173
18 107 91
18 110 127
18 123 99
18 141 130
18 157 92
18 159 77
18 160 65
18 180 143
18 182 78
18 183 127
18 185 176
19 46 182
19 94 272
19 109 201
19 117 223
19 118 240
19 120 182
19 124 232
19 127 77
19 135 249
19 154 175
19 175 147
19 184 218
20 33 55
20 42 133
20 58 78
20 66 93
20 79 153
20 83 75
20 87 159
20 91 198
20 96 202
20 98 173
20 99 119
20 111 124
20 114 143
20 144 103
20 162 112
20 178 39
20 185 181
21 37 86
21 41 171
21 46 148
21 49 69
21 86 138
21 94 132
21 104 120
21 109 121
21 112 150
21 117 148
21 120 162
21 125 149
21 132 71
21 135 138
21 188 120
22 47 63
22 59 81
22 61 109
22 64 67
22 76 146
22 88 120
22 97 111
22 103 90
22 108 133
22 116 76
22 128 40
22 150 56
22 163 72
22 170 61
22 177 52
22 181 78
22 197 224
23 24 161
23 25 182
23 30 158
23 35 165
23 51 36
23 92 85
23 95 178
23 100 145
23 121 195
23 122 50
23 134 129
23 142 154
23 179 174
24 25 32
24 35 25
24 51 146
24 92 110
24 95 119
24 122 141
24 134 35
24 146 167
24 166 175
24 179 165
24 193 143
25 35 16
25 51 162
25 92 140
25 95 150
25 122 154
25 134 52
25 146 192
25 166 188
25 179 197
25 193 152
26 36 110
26 44 133
26 55 53
26 67 151
26 68 68
26 75 137
26 85 103
26 115 148
26 131 175
26 137 166
26 142 145
26 143 90
26 156 154
26 168 118
26 174 157
26 179 157
26 187 151
26 191 187
26 192 115
27 29 73
27 42 160
27 53 169
27 66 175
27 84 159
27 87 106
27 102 180
27 114 114
27 136 174
27 162 162
27 165 127
27 167 71
27 171 168
28 31 63
28 39 96
28 40 59
28 45 62
28 54 153
28 77 128
28 102 118
28 136 132
28 146 145
28 149 86
28 155 41
28 161 74
28 164 135
28 166 92
28 189 119
28 193 128
28 194 112
29 42 132
29 66 129
29 71 138
29 83 121
29 84 135
29 87 77
29 114 59
29 162 91
29 167 89
29 171 130
29 172 144
29 178 157
30 44 190
30 51 189
30 55 198
30 65 200
30 67 107
30 85 194
30 100 61
30 121 41
30 122 203
30 131 87
30 143 168
30 168 138
31 39 142
31 40 97
31 45 47
31 77 118
31 95 151
31 129 155
31 146 97
31 149 53
31 155 99
31 161 73
31 166 28
31 189 165
31 193 67
31 194 129
32 38 54
32 62 136
32 70 30
32 71 97
32 84 176
32 103 107
32 105 32
32 133 122
32 163 124
32 171 144
32 172 82
32 186 138
32 196 77
33 58 120
33 66 146
33 79 103
33 83 130
33 91 158
33 96 163
33 98 147
33 99 87
33 111 97
33 144 75
33 178 93
33 185 144
34 47 97
34 60 25
34 74 46
34 82 65
34 116 93
34 119 160
34 138 47
34 139 44
34 140 67
34 147 98
34 148 49
34 169 86
34 186 73
34 195 94
35 51 146
35 92 127
35 95 145
35 122 138
35 134 36
35 146 192
35 166 195
35 179 189
35 193 161
36 45 153
36 55 139
36 75 193
36 77 86
36 95 136
36 115 72
36 129 51
36 142 117
36 143 144
36 146 111
36 149 138
36 179 102
36 194 126
37 49 34
37 50 158
37 74 157
37 86 85
37 89 93
37 104 134
37 112 124
37 119 138
37 132 76
37 173 127
37 188 41
37 190 152
38 70 85
38 71 138
38 96 182
38 99 151
38 103 125
38 105 22
38 144 147
38 162 156
38 163 144
38 172 122
38 177 161
38 196 132
39 40 141
39 45 158
39 54 69
39 80 120
39 90 162
39 155 106
39 161 88
39 164 53
39 166 166
39 189 23
39 198 143
39 200 109
40 45 61
40 53 128
40 77 89
40 102 63
40 115 144
40 129 124
40 136 84
40 146 139
40 149 83
40 155 36
40 161 132
40 164 167
40 165 153
40 166 121
40 189 164
40 193 164
40 194 57
40 198 141
41 46 125
41 50 54
41 86 123
41 89 137
41 94 45
41 112 75
41 125 21
41 132 111
41 135 60
41 152 30
41 154 180
41 175 273
41 184 116
41 190 89
42 58 70
42 66 43
42 78 132
42 83 85
42 87 56
42 110 150
42 114 79
42 153 116
42 162 118
42 165 142
42 167 97
42 178 111
42 183 149
43 54 165
43 78 154
43 80 120
43 81 132
43 90 163
43 101 14
43 107 222
43 123 171
43 130 120
43 141 110
43 157 102
43 158 45
43 160 139
43 180 62
43 182 113
43 199 137
43 200 127
44 48 118
44 55 102
44 65 82
44 67 90
44 68 66
44 85 29
44 100 155
44 118 205
44 121 158
44 124 215
44 126 152
44 131 104
44 143 127
44 145 165
44 156 191
44 168 79
44 174 109
44 187 99
44 192 143
45 77 74
45 102 120
45 115 151
45 129 112
45 136 145
45 146 85
45 149 24
45 155 79
45 161 111
45 166 64
45 189 182
45 193 107
45 194 81
46 50 172
46 94 89
46 109 156
46 120 179
46 125 114
46 127 105
46 132 141
46 135 66
46 152 107
46 154 116
46 175 191
46 184 89
47 59 125
47 60 72
47 64 70
47 82 135
47 97 129
47 103 78
47 116 48
47 128 84
47 138 57
47 139 119
47 140 81
47 148 104
47 150 13
47 163 60
47 169 98
47 170 18
47 177 78
47 181 124
47 186 98
48 65 100
48 68 153
48 85 138
48 109 178
48 117 135
48 118 147
48 120 162
48 124 155
48 126 144
48 137 189
48 145 47
48 156 175
48 174 73
48 187 72
48 191 170
48 192 148
49 74 176
49 86 118
49 89 127
49 94 172
49 104 100
49 109 180
49 112 152
49 117 197
49 119 129
49 132 90
49 173 161
49 188 53
49 195 164
50 63 159
50 86 84
50 89 92
50 94 83
50 112 34
50 125 58
50 132 106
50 135 105
50 151 138
50 152 84
50 154 234
50 173 129
50 184 169
50 190 35
51 92 99
51 95 189
51 100 180
51 122 14
51 134 112
51 142 180
51 179 195
52 56 77
52 57 198
52 59 183
52 61 98
52 69 110
52 72 20
52 73 139
52 88 165
52 93 155
52 106 42
52 108 109
52 128 186
52 176 110
52 181 177
52 197 110
53 78 164
53 90 81
53 102 77
53 130 159
53 136 47
53 153 102
53 155 126
53 164 179
53 165 43
53 167 124
53 194 138
53 198 71
53 199 108
54 80 52
54 90 130
54 101 179
54 155 148
54 158 159
54 161 157
54 164 17
54 189 53
54 198 121
54 199 147
54 200 40
55 67 98
55 68 57
55 75 184
55 85 74
55 100 141
55 121 185
55 131 122
55 142 126
55 143 44
55 168 65
55 179 150
55 192 146
56 59 178
56 61 151
56 69 187
56 72 89
56 73 216
56 76 153
56 88 144
56 97 221
56 106 34
56 108 95
56 176 65
56 181 174
56 197 36
57 61 193
57 69 89
57 72 192
57 73 59
57 79 187
57 93 50
57 96 118
57 99 200
57 106 240
57 128 248
57 144 216
58 66 50
58 78 144
58 83 77
58 87 117
58 91 212
58 98 168
58 110 115
58 111 133
58 114 120
58 153 157
58 162 126
58 178 76
58 183 117
58 185 191
59 61 132
59 64 68
59 72 170
59 76 65
59 88 43
59 97 53
59 106 178
59 108 83
59 116 100
59 128 114
59 150 125
59 169 125
59 176 244
59 177 132
59 181 6
59 197 168
60 64 102
60 74 71
60 82 75
60 116 70
60 138 29
60 139 60
60 140 53
60 147 111
60 148 50
60 150 84
60 163 123
60 169 76
60 170 85
60 186 71
60 195 113
61 69 116
61 72 78
61 73 141
61 76 169
61 88 139
61 93 142
61 106 126
61 108 103
61 128 89
61 163 145
61 176 204
61 177 106
61 181 125
61 197 169
62 70 107
62 71 66
62 84 67
62 113 55
62 119 126
62 133 14
62 147 94
62 171 54
62 172 77
62 186 125
62 195 122
62 196 78
63 74 160
63 82 107
63 86 133
63 89 116
63 112 150
63 140 153
63 148 134
63 151 30
63 169 139
63 173 71
63 190 124
64 76 124
64 82 126
64 88 110
64 97 59
64 108 150
64 116 32
64 128 108
64 140 66
64 148 99
64 150 76
64 163 119
64 169 66
64 170 84
64 177 116
64 181 71
65 67 135
65 68 147
65 85 111
65 118 125
65 121 159
65 124 135
65 126 71
65 131 134
65 145 144
65 168 142
65 174 141
65 187 133
66 83 43
66 87 70
66 110 158
66 114 70
66 153 157
66 162 86
66 167 124
66 178 67
66 183 159
67 68 115
67 85 87
67 100 64
67 121 87
67 126 186
67 131 23
67 142 165
67 143 85
67 168 33
68 75 155
68 85 39
68 121 199
68 131 136
68 137 165
68 143 99
68 156 149
68 168 85
68 174 107
68 187 99
68 191 175
68 192 101
69 72 103
69 73 30
69 93 45
69 96 184
69 106 152
69 108 196
69 128 191
69 176 207
69 177 200
69 197 220
70 71 77
70 84 152
70 103 114
70 105 63
70 113 159
70 133 92
70 171 121
70 172 64
70 186 116
70 196 48
71 84 79
71 105 123
71 113 120
71 133 57
71 162 141
71 171 47
71 172 16
71 196 84
72 73 133
72 88 156
72 93 146
72 106 56
72 108 101
72 128 166
72 176 130
72 181 164
72 197 119
73 93 22
73 96 160
73 106 182
73 108 226
73 128 209
73 176 233
73 177 216
74 82 70
74 119 127
74 138 90
74 139 47
74 140 103
74 147 90
74 148 74
74 151 186
74 169 117
74 173 125
74 186 96
74 188 122
74 195 69
75 85 190
75 115 172
75 137 47
75 156 49
75 174 144
75 187 147
75 191 80
75 192 71
76 88 29
76 97 77
76 106 166
76 108 78
76 116 156
76 169 166
76 176 215
76 181 67
76 197 131
77 95 144
77 102 112
77 115 79
77 129 38
77 136 142
77 146 83
77 149 67
77 155 124
77 166 124
77 179 143
77 193 164
77 194 51
78 81 28
78 90 122
78 101 155
78 110 91
78 130 37
78 141 61
78 153 62
78 157 112
78 159 137
78 180 99
78 183 85
78 198 147
78 199 88
79 91 175
79 93 215
79 96 78
79 98 198
79 99 63
79 111 159
79 144 74
79 178 185
79 185 174
80 90 141
80 101 134
80 130 179
80 155 196
80 158 108
80 164 69
80 180 165
80 189 101
80 198 142
80 199 145
80 200 14
81 90 134
81 101 132
81 110 87
81 123 211
81 130 34
81 141 32
81 153 87
81 157 83
81 158 178
81 159 123
81 160 159
81 180 73
81 182 137
81 183 80
81 199 97
82 116 105
82 138 105
82 139 103
82 140 61
82 148 30
82 151 137
82 169 62
82 173 106
83 87 89
83 99 177
83 114 67
83 144 160
83 162 50
83 167 145
83 178 37
84 113 84
84 119 161
84 133 75
84 137 188
84 147 157
84 171 32
84 172 95
84 196 139
85 100 150
85 118 234
85 121 166
85 126 181
85 131 106
85 137 194
85 143 103
85 156 178
85 168 65
85 174 112
85 187 102
85 192 130
86 89 18
86 94 124
86 112 50
86 125 113
86 132 75
86 135 147
86 151 128
86 152 152
86 173 71
86 188 108
86 190 68
87 114 38
87 153 148
87 162 97
87 165 128
87 167 56
87 178 126
88 97 77
88 106 151
88 108 56
88 116 142
88 128 147
88 176 209
88 181 43
88 197 129
89 94 141
89 112 62
89 125 128
89 132 93
89 151 113
89 152 166
89 173 52
89 188 109
89 190 70
90 102 140
90 130 101
90 136 113
90 153 81
90 164 128
90 165 117
90 189 164
90 198 25
90 199 37
90 200 130
91 98 57
91 110 177
91 111 79
91 144 212
91 159 146
91 183 184
91 185 21
92 95 93
92 100 169
92 122 105
92 134 94
92 142 90
92 143 163
92 146 160
92 179 97
93 96 139
93 99 214
93 106 198
93 128 202
93 176 252
93 177 207
94 112 86
94 125 27
94 127 194
94 132 83
94 135 23
94 152 49
94 154 170
94 175 260
94 184 112
94 190 114
95 122 193
95 129 148
95 134 132
95 142 84
95 146 67
95 149 126
95 166 128
95 179 55
95 193 129
96 99 82
96 105 203
96 144 99
97 108 130
97 116 87
97 140 102
97 148 131
97 150 135
97 169 88
97 181 60
97 197 205
98 107 215
98 110 120
98 111 50
98 141 204
98 157 201
98 159 92
98 183 127
98 185 38
99 105 174
99 111 175
99 144 16
99 178 142
100 121 69
100 122 195
100 131 55
100 142 154
100 143 108
100 168 87
101 107 207
101 123 156
101 130 124
101 141 107
101 157 92
101 158 50
101 160 125
101 180 59
101 182 100
101 199 146
101 200 141
102 115 129
102 129 132
102 136 30
102 149 137
102 155 81
102 165 93
102 167 165
102 194 60
102 198 119
103 105 110
103 128 70
103 138 109
103 150 66
103 163 19
103 170 60
103 177 48
103 186 118
103 196 121
104 109 160
104 113 181
104 117 153
104 119 131
104 120 190
104 132 178
104 137 169
104 145 160
104 156 173
104 188 133
104 191 138
105 133 154
105 144 170
105 162 163
105 163 129
105 172 107
105 177 151
105 196 109
106 108 95
106 176 78
106 181 173
106 197 68
107 110 219
107 123 58
107 141 207
107 157 158
107 159 167
107 160 85
107 180 202
107 182 113
107 183 218
108 128 145
108 176 160
108 181 79
108 197 90
109 117 42
109 118 204
109 120 41
109 124 203
109 127 163
109 132 182
109 135 194
109 145 133
109 175 300
110 111 124
110 130 120
110 141 95
110 153 146
110 157 115
110 159 58
110 180 141
110 183 6
110 185 158
111 144 167
111 159 120
111 178 160
111 183 131
111 185 59
112 125 68
112 132 79
112 135 110
112 151 135
112 152 105
112 173 106
112 184 189
112 190 37
113 119 78
113 133 68
113 139 142
113 147 88
113 171 92
113 172 132
113 186 141
113 191 189
113 195 101
113 196 122
114 162 60
114 165 164
114 167 86
114 178 105
115 129 49
115 136 155
115 146 149
115 149 146
115 179 171
115 194 87
116 128 112
116 138 76
116 140 44
116 148 76
116 150 59
116 163 107
116 169 54
116 170 66
116 177 114
116 181 102
117 118 175
117 120 41
117 124 175
117 127 197
117 145 91
117 174 183
117 187 188
118 120 165
118 124 10
118 126 76
118 145 157
118 174 219
118 187 215
119 133 135
119 139 121
119 147 86
119 186 147
119 188 100
119 191 197
119 195 67
120 124 163
120 127 160
120 145 122
120 174 218
120 175 297
121 126 177
121 131 64
121 143 163
121 168 120
122 134 105
122 142 189
122 179 202
123 141 179
123 157 128
123 158 183
123 159 175
123 160 52
123 180 163
123 182 75
123 183 214
124 126 84
124 145 163
124 174 227
124 187 224
125 127 218
125 132 91
125 135 47
125 152 41
125 154 182
125 175 275
125 184 120
125 190 91
126 131 177
126 145 175
126 168 202
126 174 202
126 187 196
127 135 171
127 152 205
127 154 119
127 175 137
127 184 148
128 138 139
128 150 73
128 163 59
128 170 73
128 177 21
128 181 109
129 142 156
129 146 99
129 149 102
129 166 157
129 179 132
129 194 75
130 141 52
130 153 69
130 157 101
130 158 164
130 180 73
130 183 113
130 198 127
130 199 64
130 200 175
131 143 106
131 168 56
132 135 99
132 152 129
132 154 246
132 173 145
132 184 193
132 188 116
132 190 115
133 147 95
133 171 57
133 172 66
133 186 118
133 195 125
133 196 66
134 142 176
134 146 189
134 179 169
134 193 178
135 152 50
135 154 148
135 175 237
135 184 93
135 190 137
136 155 91
136 165 69
136 167 147
136 194 91
136 198 95
136 199 147
137 145 191
137 156 16
137 174 120
137 187 127
137 191 33
137 192 64
138 139 62
138 140 75
138 147 103
138 148 79
138 150 67
138 163 98
138 169 98
138 170 66
138 177 129
138 186 50
138 195 114
138 196 119
139 140 110
139 147 54
139 148 93
139 186 49
139 188 152
139 195 53
139 196 118
140 148 33
140 150 94
140 151 184
140 169 22
140 170 99
141 153 117
141 157 51
141 158 156
141 159 115
141 160 128
141 180 47
141 182 105
141 183 88
141 199 114
142 143 92
142 146 128
142 168 149
142 179 35
143 168 60
143 179 123
144 162 172
144 178 125
144 185 204
145 156 180
145 174 95
145 187 99
145 191 166
145 192 166
146 149 60
146 161 169
146 166 82
146 179 92
146 193 105
146 194 128
147 171 149
147 186 61
147 188 152
147 195 35
147 196 92
148 150 117
148 151 164
148 169 43
148 173 136
148 186 119
149 155 104
149 161 124
149 166 57
149 179 150
149 193 99
149 194 90
150 163 48
150 169 110
150 170 8
150 177 65
150 181 124
150 186 103
151 169 170
151 173 80
151 190 105
152 154 149
152 175 243
152 184 85
152 190 119
153 165 109
153 167 141
153 180 142
153 183 141
153 198 101
153 199 62
154 175 93
154 184 64
155 161 112
155 164 131
155 166 126
155 189 128
155 193 166
155 194 92
155 198 120
155 200 182
156 174 105
156 187 111
156 191 35
156 192 48
157 158 142
157 159 108
157 160 76
157 180 51
157 182 53
157 183 110
158 160 163
158 164 176
158 180 108
158 182 141
158 199 171
158 200 119
159 160 131
159 180 151
159 182 130
159 183 60
159 185 130
160 180 117
160 182 27
160 183 164
161 164 141
161 166 89
161 189 106
161 193 99
161 194 181
162 167 146
162 171 162
162 172 136
162 178 73
163 170 42
163 177 39
163 186 115
164 189 42
164 198 116
164 199 149
164 200 56
165 167 82
165 194 147
165 198 112
165 199 136
166 189 188
166 193 43
166 194 145
169 170 117
170 177 64
170 186 98
171 172 63
171 196 114
172 196 79
173 188 127
173 190 97
174 187 10
174 191 108
174 192 75
175 184 158
176 181 240
176 197 84
177 181 128
180 182 90
180 183 135
180 199 116
180 200 167
181 197 165
182 183 153
183 185 164
186 195 85
186 196 75
187 191 117
187 192 77
188 195 117
189 198 149
189 200 91
191 192 74
195 196 127
198 199 63
198 200 129
199 200 136
