100 591
1 7 130
1 11 122
1 16 233
1 20 170
1 28 194
1 39 184
1 41 82
1 62 65
1 70 136
1 71 72
1 82 139
1 85 154
1 86 91
2 9 147
2 13 147
2 23 211
2 24 229
2 25 274
2 36 174
2 48 173
2 53 238
2 56 151
2 59 208
2 66 96
2 76 222
2 83 164
2 84 66
2 90 157
2 91 305
2 95 228
3 6 193
3 12 45
3 27 105
3 31 129
3 49 136
3 50 92
3 58 150
3 74 51
3 81 49
3 87 67
3 96 89
4 7 228
4 14 94
4 17 79
4 39 161
4 55 42
4 57 52
4 70 197
4 72 168
4 73 191
4 88 156
5 30 91
5 35 181
5 38 63
5 42 178
5 47 93
5 64 183
5 79 62
5 92 185
5 96 162
5 98 129
5 99 96
6 12 178
6 16 255
6 26 102
6 31 138
6 49 172
6 50 164
6 61 161
6 81 153
6 87 126
6 89 26
6 94 194
7 11 225
7 19 113
7 20 245
7 28 168
7 39 180
7 41 129
7 55 188
7 62 137
7 68 182
7 70 34
7 71 96
7 73 75
7 80 120
7 82 144
7 85 183
7 86 120
8 29 136
8 33 158
8 34 146
8 38 211
8 46 176
8 51 142
8 54 120
8 65 156
8 67 102
8 92 180
8 97 148
8 98 141
9 13 27
9 48 151
9 53 103
9 56 208
9 59 139
9 63 219
9 66 141
9 76 115
9 78 174
9 84 209
9 91 166
9 95 214
10 15 49
10 18 120
10 19 110
10 22 184
10 37 62
10 68 4
10 72 143
10 73 133
10 77 47
10 80 67
11 20 64
11 39 159
11 41 101
11 62 182
11 70 213
11 71 194
11 82 261
11 86 213
12 26 143
12 27 149
12 30 151
12 31 151
12 47 138
12 49 166
12 50 47
12 58 172
12 74 19
12 81 27
12 87 62
12 89 204
12 96 53
13 23 198
13 48 176
13 53 123
13 56 187
13 59 167
13 63 207
13 66 124
13 76 141
13 78 178
13 91 182
13 95 187
14 17 82
14 39 202
14 55 128
14 57 59
14 70 281
14 72 253
14 73 284
14 88 173
14 95 273
15 18 158
15 19 144
15 23 183
15 37 70
15 56 187
15 68 51
15 72 97
15 73 126
15 77 60
15 80 91
15 95 216
16 28 215
16 61 94
16 62 184
16 71 221
16 82 188
16 85 148
16 86 196
16 89 230
17 23 216
17 39 237
17 55 121
17 57 96
17 72 189
17 73 253
17 88 93
17 95 191
18 22 97
18 32 152
18 37 98
18 52 163
18 60 178
18 68 123
18 77 101
18 80 170
18 93 111
18 94 193
19 28 115
19 37 170
19 68 106
19 70 143
19 71 148
19 73 112
19 77 155
19 80 55
19 82 135
19 85 174
19 86 150
20 39 125
20 41 116
20 55 255
20 62 235
20 70 224
20 71 238
20 86 261
21 29 143
21 33 161
21 34 152
21 40 176
21 44 189
21 46 202
21 51 136
21 54 165
21 65 123
21 69 150
21 75 131
21 100 70
22 35 112
22 42 186
22 52 66
22 60 218
22 64 113
22 68 184
22 77 185
22 93 144
22 94 96
23 37 209
23 56 73
23 63 291
23 66 116
23 72 130
23 77 212
23 88 141
23 95 41
24 25 86
24 36 189
24 40 212
24 43 190
24 44 196
24 48 143
24 59 193
24 76 247
24 83 165
24 84 204
25 36 171
25 40 130
25 43 131
25 44 112
25 45 229
25 48 227
25 83 154
25 84 231
26 35 135
26 50 105
26 52 138
26 61 239
26 64 129
26 81 130
26 87 128
26 89 116
26 94 106
26 96 156
27 31 164
27 49 147
27 50 197
27 58 117
27 74 148
27 81 154
27 87 158
27 96 180
28 61 191
28 62 136
28 71 124
28 80 171
28 82 57
28 85 74
28 86 102
29 33 99
29 34 75
29 46 109
29 51 35
29 54 24
29 65 45
29 69 195
29 75 141
29 97 181
29 100 101
30 38 134
30 47 16
30 50 147
30 58 166
30 74 133
30 79 65
30 96 99
30 98 205
30 99 116
31 49 34
31 50 176
31 74 168
31 81 127
31 87 94
31 89 158
32 37 170
32 42 195
32 45 207
32 60 91
32 77 184
32 90 95
32 92 196
32 93 106
32 97 195
33 34 23
33 40 175
33 43 173
33 44 200
33 45 121
33 51 64
33 54 116
33 65 61
33 67 194
33 69 270
33 75 223
33 97 106
33 100 91
34 40 190
34 45 145
34 46 184
34 51 41
34 54 92
34 65 40
34 67 194
34 69 251
34 75 203
34 97 120
34 100 84
35 42 156
35 50 174
35 52 58
35 64 5
35 92 187
35 93 186
35 94 61
35 99 106
36 40 176
36 43 93
36 44 185
36 45 112
36 83 25
36 84 108
36 90 140
37 56 187
37 68 67
37 72 160
37 77 15
37 80 130
37 93 187
38 42 184
38 47 142
38 67 192
38 79 74
38 92 180
38 98 71
38 99 157
39 41 102
39 55 130
39 57 147
39 70 148
40 43 83
40 44 25
40 45 157
40 83 176
40 100 153
41 57 239
41 62 143
41 70 112
41 71 132
41 73 186
41 86 160
42 52 188
42 60 114
42 64 162
42 67 115
42 92 32
42 93 106
42 98 178
42 99 185
43 44 96
43 45 98
43 83 98
43 84 198
43 97 193
43 100 194
44 45 179
44 83 182
44 100 173
45 60 197
45 65 182
45 83 135
45 90 180
45 97 98
46 51 144
46 54 93
46 65 152
46 69 161
46 75 111
46 100 192
47 50 131
47 58 169
47 74 120
47 79 77
47 81 163
47 96 85
47 98 213
47 99 103
48 53 154
48 59 56
48 76 106
48 78 267
48 84 195
48 91 210
49 50 198
49 74 181
49 81 146
49 87 117
49 89 192
50 52 208
50 58 209
50 64 170
50 74 52
50 79 205
50 81 53
50 87 81
50 89 189
50 94 182
50 96 53
50 99 116
51 54 56
51 65 14
51 69 215
51 75 164
51 97 155
51 100 79
52 64 57
52 93 184
52 94 31
52 99 162
53 59 108
53 63 207
53 66 244
53 76 53
53 78 112
53 91 67
54 65 68
54 69 201
54 75 145
54 100 125
55 57 73
55 70 156
55 72 162
55 73 157
55 88 190
56 66 70
56 72 172
56 84 190
56 88 213
56 90 185
56 95 107
57 70 223
57 72 220
57 73 231
57 88 187
58 74 158
58 79 214
58 81 193
58 96 165
59 76 55
59 78 219
59 84 241
59 91 157
60 67 134
60 90 170
60 92 108
60 93 74
60 97 142
61 62 224
61 71 249
61 82 191
61 85 151
61 86 220
61 89 135
62 70 157
62 71 42
62 82 79
62 85 89
62 86 37
63 66 296
63 76 260
63 78 116
63 88 232
63 91 195
63 95 252
64 93 191
64 94 57
64 99 105
65 69 211
65 75 162
65 97 160
65 100 65
66 72 237
66 76 250
66 78 297
66 84 152
66 88 237
66 90 191
66 91 305
66 95 132
67 92 82
67 93 182
67 97 120
67 98 143
68 72 144
68 73 130
68 77 52
68 80 63
69 75 55
69 100 198
70 71 120
70 73 74
70 80 140
70 82 175
70 86 146
71 73 169
71 82 73
71 85 101
71 86 29
72 73 128
72 77 153
72 80 153
72 88 174
72 95 149
73 77 175
73 80 82
74 79 198
74 81 46
74 87 82
74 96 38
74 99 147
75 100 161
76 78 164
76 91 104
77 80 115
78 91 80
78 95 305
79 96 162
79 98 144
79 99 139
80 82 186
81 87 35
81 89 179
81 96 78
82 85 41
82 86 47
83 84 101
83 90 154
84 90 118
85 86 72
87 89 153
87 96 114
88 95 107
89 94 198
90 93 202
92 93 121
92 97 178
92 98 161
94 99 151
96 99 112
98 99 216
