200 1608
1 32 123
1 38 91
1 63 158
1 67 119
1 71 64
1 85 83
1 91 99
1 97 124
1 99 59
1 105 114
1 108 147
1 120 110
1 139 66
1 149 151
1 153 141
1 160 73
1 172 77
2 33 104
2 42 72
2 48 206
2 69 136
2 70 143
2 76 109
2 84 128
2 96 104
2 103 63
2 116 103
2 122 47
2 146 117
2 176 60
2 188 108
2 194 83
3 11 138
3 20 136
3 22 135
3 27 40
3 30 111
3 47 103
3 57 111
3 80 135
3 104 54
3 111 69
3 121 57
3 125 82
3 127 21
3 129 65
3 190 31
4 35 39
4 40 51
4 50 131
4 51 64
4 68 123
4 70 159
4 73 106
4 101 131
4 117 57
4 124 97
4 147 124
4 155 140
4 177 146
4 196 107
5 10 133
5 13 142
5 17 37
5 24 128
5 52 133
5 94 150
5 104 138
5 125 94
5 129 110
5 134 71
5 159 74
5 163 177
5 169 89
5 170 165
5 179 90
5 181 186
5 185 77
5 190 134
5 199 121
6 13 180
6 78 145
6 100 191
6 107 59
6 109 200
6 110 186
6 119 80
6 134 200
6 151 92
6 159 193
6 163 198
6 170 184
6 171 120
6 181 107
7 10 126
7 17 144
7 24 113
7 31 35
7 44 94
7 49 38
7 59 94
7 66 106
7 94 63
7 128 96
7 130 32
7 133 101
7 140 79
7 169 79
7 174 145
8 9 185
8 23 158
8 29 128
8 37 103
8 60 93
8 64 177
8 72 130
8 74 173
8 82 152
8 83 193
8 88 55
8 93 151
8 131 91
8 136 139
8 141 124
8 144 118
8 161 105
8 166 100
8 182 167
9 37 194
9 60 166
9 72 56
9 74 126
9 77 109
9 83 66
9 88 182
9 93 193
9 131 130
9 137 177
9 144 121
9 148 175
9 198 203
10 11 87
10 17 143
10 31 131
10 49 92
10 66 132
10 80 106
10 104 94
10 106 100
10 111 124
10 121 92
10 125 83
10 128 81
10 130 94
10 133 158
10 140 82
10 169 84
10 186 87
10 190 123
11 20 144
11 80 20
11 104 97
11 106 41
11 111 78
11 121 88
11 125 123
11 128 123
11 140 136
11 158 116
11 177 139
11 184 128
11 186 48
11 190 130
12 43 185
12 53 116
12 56 141
12 62 136
12 65 63
12 79 108
12 87 132
12 90 116
12 115 175
12 132 137
12 152 157
12 156 154
12 162 96
12 187 118
12 191 22
12 192 184
12 200 132
13 52 47
13 57 119
13 107 240
13 119 106
13 129 143
13 134 75
13 151 99
13 159 77
13 163 41
13 170 24
13 179 69
13 181 74
13 185 64
13 199 53
14 26 53
14 48 224
14 77 190
14 83 235
14 86 269
14 92 62
14 93 266
14 113 47
14 118 241
14 137 232
14 145 62
14 148 140
14 183 83
14 198 171
15 21 91
15 23 119
15 28 105
15 41 74
15 61 91
15 81 100
15 82 137
15 89 183
15 95 163
15 126 151
15 136 135
15 142 157
15 150 137
15 156 84
15 162 140
15 164 14
15 167 118
15 187 107
15 200 154
16 17 138
16 18 101
16 19 140
16 24 51
16 31 118
16 44 91
16 54 123
16 56 173
16 59 122
16 78 226
16 94 84
16 100 232
16 102 144
16 109 83
16 110 93
16 135 117
16 173 122
16 195 120
17 24 91
17 31 114
17 94 118
17 109 150
17 110 139
17 125 124
17 130 131
17 134 88
17 159 87
17 169 78
17 179 121
17 185 103
18 19 113
18 24 153
18 44 156
18 54 75
18 78 189
18 100 174
18 102 52
18 109 109
18 110 128
18 132 165
18 135 27
18 171 224
18 173 31
18 192 126
18 195 24
19 44 115
19 54 38
19 56 66
19 59 120
19 79 88
19 87 163
19 90 165
19 102 158
19 115 152
19 132 52
19 135 92
19 173 142
19 192 70
19 195 134
20 22 176
20 30 89
20 47 89
20 63 125
20 80 125
20 105 176
20 111 96
20 121 145
20 127 133
20 138 139
20 143 72
20 153 138
20 158 47
20 160 150
21 41 164
21 61 83
21 81 144
21 89 103
21 90 142
21 136 143
21 156 107
21 162 85
21 164 96
21 167 83
21 178 171
21 187 81
21 191 166
21 200 69
22 27 100
22 30 87
22 47 86
22 57 122
22 63 159
22 104 189
22 111 182
22 121 192
22 127 114
22 129 162
22 143 147
22 190 162
23 37 77
23 41 108
23 60 106
23 61 138
23 64 86
23 74 174
23 82 18
23 88 111
23 95 133
23 131 143
23 136 126
23 142 60
23 144 151
23 164 127
23 167 169
23 175 116
23 182 86
24 31 79
24 44 96
24 49 139
24 59 124
24 94 54
24 102 194
24 109 106
24 110 107
24 130 122
24 169 103
24 173 172
24 195 171
25 35 164
25 36 162
25 50 104
25 51 131
25 97 155
25 106 162
25 123 157
25 138 52
25 153 122
25 154 56
25 157 58
25 158 135
25 177 75
25 184 54
26 48 183
26 77 230
26 83 276
26 86 269
26 92 84
26 93 282
26 113 6
26 118 252
26 137 251
26 145 27
26 148 172
26 183 64
26 198 188
27 30 101
27 47 93
27 52 142
27 57 80
27 104 93
27 111 105
27 121 97
27 125 112
27 127 24
27 129 68
27 143 169
27 179 135
27 190 62
27 199 136
28 41 68
28 55 174
28 58 82
28 62 142
28 75 195
28 81 43
28 95 124
28 112 159
28 126 59
28 150 39
28 156 78
28 162 169
28 164 91
28 168 158
28 187 129
28 193 232
29 34 170
29 46 139
29 68 113
29 88 171
29 98 161
29 117 142
29 136 127
29 141 96
29 155 133
29 161 52
29 166 31
29 167 168
29 197 174
30 47 8
30 63 105
30 104 155
30 105 167
30 111 123
30 121 153
30 127 94
30 143 70
30 158 135
30 190 143
31 44 86
31 49 61
31 59 97
31 66 139
31 94 36
31 128 122
31 130 46
31 133 136
31 140 105
31 169 62
32 38 201
32 39 159
32 45 87
32 67 139
32 91 31
32 97 30
32 99 71
32 108 106
32 138 149
32 139 187
32 149 147
32 153 97
32 157 127
32 160 134
32 165 73
32 180 138
33 34 130
33 42 137
33 48 151
33 70 115
33 76 131
33 86 135
33 96 92
33 98 124
33 101 142
33 103 120
33 116 75
33 176 122
33 188 101
33 197 112
34 46 50
34 68 117
34 70 129
34 86 40
34 93 100
34 98 68
34 116 135
34 118 88
34 137 125
34 141 91
34 155 98
34 161 131
34 197 32
34 198 152
35 40 59
35 50 119
35 51 42
35 68 162
35 73 92
35 101 160
35 117 95
35 124 90
35 147 139
35 177 108
35 178 187
35 184 146
35 196 135
36 39 129
36 45 74
36 50 122
36 69 28
36 84 137
36 103 129
36 122 143
36 123 76
36 146 84
36 154 106
36 157 119
36 165 92
36 176 127
36 180 46
36 194 110
37 60 29
37 64 74
37 72 142
37 74 112
37 82 63
37 88 48
37 131 65
37 136 150
37 142 93
37 144 76
37 166 181
37 175 128
37 182 65
38 67 123
38 71 100
38 85 13
38 91 172
38 99 148
38 105 144
38 108 180
38 120 69
38 139 40
38 149 156
38 160 153
38 172 129
39 45 103
39 69 141
39 84 93
39 91 167
39 97 183
39 108 134
39 122 164
39 146 94
39 149 174
39 165 101
39 180 84
39 194 125
40 50 83
40 51 42
40 68 131
40 70 130
40 73 149
40 76 129
40 101 107
40 117 75
40 123 128
40 124 144
40 147 79
40 155 138
40 177 134
40 196 82
41 55 201
41 58 146
41 61 158
41 64 159
41 75 237
41 81 96
41 82 120
41 95 90
41 126 128
41 142 114
41 150 108
41 156 110
41 164 67
41 168 155
41 175 149
41 182 167
42 48 175
42 69 189
42 76 181
42 84 121
42 96 77
42 103 135
42 116 166
42 122 68
42 146 142
42 176 132
42 188 75
42 194 105
43 53 80
43 58 207
43 62 123
43 65 134
43 79 224
43 87 155
43 112 194
43 114 81
43 115 194
43 126 204
43 152 34
43 189 129
43 191 185
44 49 133
44 54 126
44 56 109
44 59 31
44 90 169
44 94 60
44 130 124
44 132 122
44 135 156
44 169 148
44 173 186
44 192 185
44 195 180
45 69 102
45 84 160
45 91 112
45 97 98
45 108 141
45 123 147
45 138 165
45 146 121
45 149 190
45 153 150
45 154 124
45 157 112
45 165 17
45 180 51
45 194 157
46 68 125
46 77 213
46 86 62
46 93 64
46 98 102
46 118 72
46 137 98
46 141 46
46 155 116
46 161 92
46 166 145
46 197 77
46 198 143
47 63 113
47 104 147
47 105 175
47 111 117
47 121 146
47 127 86
47 129 160
47 143 76
47 158 133
47 190 134
48 86 208
48 92 198
48 96 103
48 113 188
48 116 227
48 145 163
48 183 146
48 188 102
48 198 215
49 59 131
49 66 84
49 94 96
49 128 60
49 130 17
49 133 91
49 140 43
49 169 71
49 174 151
49 186 140
50 51 77
50 69 119
50 76 123
50 123 71
50 138 152
50 147 89
50 154 76
50 157 113
50 177 117
50 184 132
50 196 128
51 73 132
51 117 109
51 123 141
51 124 132
51 147 113
51 154 135
51 177 92
51 184 126
51 196 124
52 57 73
52 119 151
52 129 102
52 134 84
52 151 145
52 159 90
52 163 53
52 170 52
52 179 43
52 181 121
52 185 61
52 199 12
53 62 123
53 65 85
53 79 143
53 87 84
53 114 146
53 115 131
53 132 206
53 152 67
53 162 202
53 189 186
53 191 123
53 192 195
54 56 104
54 59 139
54 79 117
54 87 179
54 100 247
54 102 119
54 109 170
54 115 157
54 132 91
54 135 54
54 173 103
54 192 68
54 195 95
55 58 132
55 75 57
55 81 210
55 95 150
55 112 114
55 114 231
55 126 174
55 150 167
55 168 82
55 175 225
55 189 183
55 193 90
56 59 95
56 79 87
56 87 174
56 90 98
56 94 170
56 115 181
56 132 22
56 135 158
56 191 159
56 192 120
56 200 170
57 125 144
57 127 103
57 129 78
57 163 108
57 170 117
57 179 89
57 185 119
57 190 114
57 199 73
58 62 104
58 75 131
58 81 95
58 95 165
58 112 78
58 114 148
58 126 46
58 150 50
58 152 181
58 156 133
58 168 158
58 189 116
58 193 163
59 79 181
59 90 141
59 94 81
59 130 126
59 132 113
59 133 145
59 174 141
60 64 88
60 72 113
60 74 94
60 82 92
60 83 205
60 88 43
60 131 36
60 142 116
60 144 49
60 175 143
60 182 77
61 82 155
61 89 118
61 136 59
61 156 158
61 162 167
61 164 105
61 166 164
61 167 32
61 178 178
61 187 154
61 200 148
62 65 74
62 75 216
62 81 116
62 87 201
62 112 138
62 114 106
62 126 85
62 150 106
62 152 90
62 156 131
62 162 162
62 189 113
62 191 121
62 193 236
63 71 106
63 85 191
63 99 170
63 105 61
63 120 156
63 139 164
63 143 53
63 158 165
63 160 102
63 172 82
64 72 181
64 74 103
64 82 68
64 88 122
64 95 129
64 131 115
64 142 45
64 144 107
64 168 194
64 175 54
64 182 11
65 79 154
65 81 147
65 87 142
65 114 159
65 115 191
65 126 140
65 150 158
65 152 101
65 156 140
65 162 123
65 187 125
65 189 180
65 191 54
66 73 115
66 106 138
66 124 131
66 128 51
66 130 101
66 133 34
66 140 53
66 174 105
66 178 127
66 186 121
67 71 178
67 85 129
67 91 109
67 97 164
67 99 135
67 108 63
67 120 187
67 139 140
67 149 34
67 160 187
67 165 179
68 70 98
68 86 157
68 98 66
68 101 77
68 117 66
68 141 117
68 147 129
68 155 26
68 161 116
68 166 141
68 196 79
68 197 99
69 76 119
69 84 130
69 103 100
69 122 121
69 123 59
69 146 75
69 154 121
69 157 140
69 165 119
69 176 99
69 180 65
69 194 92
70 76 59
70 96 198
70 98 67
70 101 28
70 103 98
70 116 45
70 117 119
70 123 133
70 147 69
70 155 77
70 176 102
70 188 206
70 196 51
70 197 97
71 85 87
71 91 159
71 97 171
71 99 107
71 105 51
71 120 72
71 139 59
71 143 146
71 149 211
71 153 164
71 160 68
71 172 29
72 74 102
72 77 139
72 83 94
72 88 126
72 93 172
72 131 76
72 137 166
72 144 74
72 182 170
73 89 166
73 117 150
73 124 19
73 128 150
73 133 124
73 140 161
73 174 148
73 177 154
73 178 101
73 186 162
74 82 156
74 83 188
74 88 134
74 131 82
74 142 149
74 144 55
74 175 138
74 182 95
75 81 223
75 95 201
75 112 80
75 114 191
75 126 178
75 150 177
75 168 139
75 189 142
75 193 38
76 96 192
76 98 126
76 101 73
76 103 49
76 116 60
76 122 138
76 123 79
76 147 49
76 176 53
76 188 199
76 194 147
76 196 79
77 83 45
77 86 208
77 92 149
77 93 149
77 113 226
77 118 153
77 131 212
77 137 116
77 145 218
77 148 68
77 183 198
77 198 110
78 100 47
78 102 152
78 107 114
78 109 148
78 110 148
78 119 184
78 135 212
78 151 225
78 171 36
78 173 162
78 195 170
79 87 86
79 90 146
79 115 99
79 132 68
79 135 164
79 191 130
79 192 77
80 104 101
80 106 51
80 111 69
80 121 91
80 125 133
80 128 143
80 138 161
80 158 96
80 177 133
80 184 117
80 186 63
80 190 132
81 112 173
81 114 210
81 126 53
81 150 46
81 156 39
81 162 127
81 164 86
81 168 201
81 187 88
81 189 194
81 191 153
81 193 257
82 88 102
82 95 134
82 131 128
82 136 138
82 142 50
82 144 134
82 164 144
82 175 103
82 182 68
83 92 193
83 93 149
83 113 272
83 118 163
83 131 168
83 137 124
83 144 168
83 148 109
83 198 139
84 96 198
84 103 155
84 122 80
84 123 181
84 146 54
84 165 168
84 176 151
84 180 113
84 188 196
84 194 54
85 91 169
85 99 141
85 105 131
85 108 183
85 120 59
85 139 27
85 149 163
85 160 142
85 172 116
86 92 207
86 93 81
86 98 107
86 113 269
86 116 160
86 118 57
86 137 96
86 141 109
86 145 242
86 148 171
86 155 139
86 161 154
86 183 204
86 197 67
86 198 113
87 115 49
87 132 154
87 152 150
87 191 150
87 192 114
88 131 58
88 136 136
88 142 140
88 144 82
88 161 157
88 166 140
88 175 177
88 182 112
89 90 146
89 124 158
89 133 162
89 136 153
89 162 158
89 167 89
89 174 99
89 178 68
89 187 174
89 200 107
90 132 114
90 162 97
90 174 128
90 178 178
90 187 138
90 191 120
90 200 72
91 97 54
91 99 58
91 108 86
91 120 208
91 139 161
91 149 121
91 153 114
91 157 158
91 160 126
91 165 96
91 172 161
91 180 161
92 93 205
92 113 81
92 118 179
92 137 171
92 145 69
92 148 88
92 183 55
92 198 110
93 98 163
93 113 281
93 118 37
93 137 37
93 141 85
93 145 259
93 148 137
93 161 127
93 166 174
93 183 223
93 197 132
93 198 95
94 109 157
94 110 160
94 128 157
94 130 82
94 140 140
94 169 89
95 142 94
95 150 153
95 164 157
95 168 79
95 175 90
95 182 140
95 193 239
96 103 159
96 116 153
96 122 130
96 145 262
96 176 157
96 183 239
96 188 8
96 194 172
96 197 203
97 99 66
97 108 137
97 138 120
97 149 175
97 153 67
97 154 140
97 157 106
97 160 118
97 165 88
97 172 163
97 180 149
98 101 68
98 116 90
98 117 122
98 118 156
98 141 120
98 155 41
98 161 142
98 196 88
98 197 40
99 105 144
99 108 136
99 120 166
99 138 161
99 139 124
99 149 158
99 153 88
99 160 67
99 165 144
99 172 104
100 102 128
100 107 156
100 109 162
100 110 168
100 119 229
100 135 193
100 171 76
100 173 144
100 195 152
101 103 118
101 116 73
101 117 91
101 147 61
101 155 62
101 176 122
101 196 25
101 197 105
102 109 122
102 110 139
102 135 65
102 171 188
102 173 22
102 192 151
102 195 27
103 116 73
103 122 89
103 123 87
103 146 121
103 147 96
103 176 4
103 188 164
103 194 101
103 196 127
104 106 136
104 111 57
104 121 9
104 125 43
104 127 75
104 129 77
104 169 149
104 186 136
104 190 34
105 120 95
105 139 105
105 143 110
105 160 85
105 172 40
106 111 119
106 121 128
106 125 157
106 128 105
106 140 121
106 158 137
106 177 109
106 184 108
106 186 18
107 109 214
107 110 205
107 119 137
107 134 253
107 151 151
107 159 245
107 163 258
107 170 244
107 171 80
107 181 167
108 139 188
108 149 49
108 165 124
108 180 172
109 110 18
109 135 136
109 159 170
109 171 172
109 173 108
109 195 112
110 119 154
110 134 162
110 135 155
110 159 153
110 171 169
110 173 126
110 195 130
111 121 49
111 125 101
111 127 81
111 143 155
111 158 97
111 186 126
111 190 76
112 114 116
112 126 120
112 150 128
112 152 180
112 168 178
112 189 69
112 193 98
113 118 251
113 137 249
113 145 29
113 148 169
113 183 65
113 198 186
114 126 162
114 150 181
114 152 79
114 189 48
114 191 213
114 193 194
115 132 159
115 135 179
115 152 195
115 191 195
115 192 88
116 122 146
116 123 138
116 147 96
116 155 115
116 176 77
116 188 161
116 196 94
116 197 104
117 124 136
117 147 111
117 155 84
117 166 173
117 196 73
118 137 39
118 141 109
118 145 227
118 148 124
118 161 154
118 183 191
118 197 120
118 198 71
119 134 120
119 151 56
119 159 113
119 163 132
119 170 115
119 171 172
119 179 157
119 181 43
119 185 133
119 199 155
120 139 49
120 143 205
120 149 221
120 160 141
120 172 99
121 125 51
121 127 78
121 129 87
121 158 145
121 186 128
121 190 42
122 146 79
122 176 85
122 180 145
122 188 131
122 194 41
123 146 128
123 147 78
123 154 108
123 157 140
123 176 88
123 180 121
123 194 134
123 196 128
124 128 168
124 133 137
124 140 179
124 174 152
124 177 165
124 178 97
125 127 102
125 129 65
125 134 143
125 169 114
125 179 119
125 185 132
125 190 51
126 150 20
126 152 174
126 156 88
126 162 164
126 164 137
126 168 186
126 187 130
126 189 141
126 193 209
127 129 74
127 143 157
127 179 148
127 190 51
128 130 76
128 133 80
128 140 17
128 169 114
128 174 152
128 178 178
128 186 86
129 134 123
129 159 132
129 163 154
129 170 155
129 179 77
129 185 103
129 190 47
129 199 91
130 133 107
130 140 59
130 169 56
130 174 163
130 186 151
131 142 149
131 144 26
131 175 168
131 182 103
132 135 145
132 191 157
132 192 98
133 140 76
133 174 72
133 178 107
133 186 155
134 151 146
134 159 9
134 163 114
134 170 100
134 179 55
134 181 115
134 185 24
134 199 76
135 171 248
135 173 50
135 192 98
135 195 42
136 161 159
136 164 149
136 166 108
136 167 69
137 141 122
137 145 228
137 148 100
137 161 163
137 183 194
137 197 157
137 198 62
138 153 73
138 154 86
138 157 61
138 158 102
138 177 116
138 184 82
139 149 174
139 160 116
139 172 88
140 169 102
140 174 147
140 178 180
140 186 102
141 155 118
141 161 46
141 166 98
141 197 109
141 198 178
142 144 146
142 168 167
142 175 55
142 182 53
143 153 153
143 158 115
143 160 115
143 172 117
144 175 156
144 182 95
145 148 156
145 183 37
145 198 166
146 165 132
146 176 117
146 180 69
146 188 210
146 194 37
147 155 120
147 176 100
147 196 49
148 183 132
148 198 59
149 165 173
150 152 195
150 156 85
150 164 123
150 168 170
150 187 131
150 189 157
150 193 210
151 159 142
151 163 107
151 170 96
151 171 207
151 179 166
151 181 31
151 185 150
151 199 153
152 189 121
152 191 154
152 193 268
153 154 133
153 157 96
153 158 124
153 160 96
153 165 146
153 172 145
153 184 155
154 157 37
154 165 136
154 177 117
154 180 140
154 184 107
155 161 127
155 166 159
155 196 72
155 197 77
156 162 91
156 164 72
156 167 175
156 187 51
156 191 132
156 200 133
157 165 120
157 177 132
157 180 142
157 184 112
158 177 153
158 184 118
159 163 118
159 170 102
159 179 64
159 181 111
159 185 33
159 199 83
160 172 49
161 166 52
161 197 143
162 164 136
162 167 167
162 187 40
162 191 81
162 200 54
163 170 18
163 179 93
163 181 92
163 185 99
163 199 65
164 167 131
164 187 101
164 200 155
165 180 65
166 167 159
167 178 146
167 187 162
167 200 138
168 175 143
168 193 173
170 179 87
170 181 77
170 185 87
170 199 63
171 173 198
171 181 213
171 195 206
173 192 144
173 195 7
174 178 72
174 200 143
175 182 65
176 188 163
176 194 96
177 184 38
177 186 122
178 200 162
179 181 137
179 185 31
179 190 124
179 199 31
180 194 105
181 185 120
181 199 127
183 198 132
184 186 124
185 199 52
187 191 99
187 200 85
188 194 173
189 193 147
190 199 139
191 200 124
192 195 136
196 197 128
